Date Open High Low Close Volume Adjusted
2015-07-06 71 74.290001 71 72.959999 3809700 56.247318
2015-07-07 73.730003 74.709999 72.959999 74.629997 5794300 57.534786
2015-07-08 74.300003 75.5 74.040001 75.400002 4276600 58.128391
2015-07-09 76.470001 77.066002 74.5 74.800003 4267100 57.665844
2015-07-10 75.050003 77.800003 75 77.309998 4983000 59.600887
2015-07-13 79.5 79.699997 77.910004 78.830002 9078900 60.772697
2015-07-14 79.449997 79.5 77.650002 78 18746100 60.132828
2015-07-15 77.650002 78.169998 76.400002 76.709999 6330500 59.138329
2015-07-16 76.970001 78.839996 76.949997 78.75 5634100 60.711025
2015-07-17 79.43 79.690002 77.260002 79.629997 6100900 61.389462
2015-07-20 79.949997 81.199997 79.129997 80.110001 10284500 61.759502
2015-07-21 79.970001 80.68 79.400002 80.220001 6088600 61.844311
2015-07-22 80.830002 80.900002 78.580002 78.639999 5201200 60.626236
2015-07-23 78.419998 78.57 76.639999 76.739998 2975400 59.578133
2015-07-24 76.919998 77.43 75.949997 76.410004 3116000 59.321934
2015-07-27 76.629997 77.980003 76.290001 77.379997 5774300 60.075001
2015-07-28 78.440002 78.650002 77.5 78.32 1895900 60.80479
2015-07-29 78.260002 78.300003 77 77.910004 2278600 60.486488
2015-07-30 78.209999 79.690002 77.599998 79.209999 3247000 61.495758
2015-07-31 79.940002 79.940002 78.864998 79.470001 2685500 61.697594
2015-08-03 80 81.029999 79.910004 80.370003 2681800 62.396347
2015-08-04 80.57 81 79.669998 79.809998 2429600 61.961559
2015-08-05 80.010002 81 79.849998 80.480003 4324300 62.481735
2015-08-06 81.050003 81.190002 79.510002 79.760002 3708600 61.922749
2015-08-07 79.139999 79.379997 77.290001 78.459999 3274100 60.913471
2015-08-10 79.43 79.800003 78.57 78.809998 3252300 61.185192
2015-08-11 77.629997 80.480003 77.07 77.970001 3889100 60.533077
2015-08-12 77.830002 78.309998 76.089996 76.690002 3688800 59.539314
2015-08-13 77.010002 77.07 75.800003 75.989998 2917500 58.995857
2015-08-14 76.07 76.739998 75.116997 76.419998 2572800 59.329681
2015-08-17 75.860001 76.410004 75.510002 75.800003 2260300 58.848366
2015-08-18 75.720001 75.953003 75.059998 75.190002 2009700 58.374767
2015-08-19 75 75.290001 73.919998 74.779999 3025700 58.056469
2015-08-20 74.019997 74.764 73.779999 74.25 2207000 57.644993
2015-08-21 73.309998 74.25 72.260002 72.269997 5564500 56.107784
2015-08-24 68.239998 72.239998 61.419998 70.870003 9844600 55.020874
2015-08-25 71.540001 72.400002 70 70.209999 4423400 54.508488
2015-08-26 71.720001 74.110001 69.529999 73.910004 5356300 57.381016
2015-08-27 73.169998 75.25 73.120003 75.18 5937800 58.367004
2015-08-28 74.400002 75.190002 73.82 74.690002 2150100 57.986591
2015-08-31 74.209999 74.43 72.57 72.660004 2688400 56.410576
2015-09-01 71.230003 72.540001 69.639999 70.120003 4671400 54.438602
2015-09-02 70.839996 72.07 70.309998 72.07 2986500 55.952518
2015-09-03 72.559998 73.889999 71.790001 72.160004 2595300 56.022396
2015-09-04 71.139999 71.690002 70.128998 70.57 2997000 54.787968
2015-09-08 71.849998 74.330002 70.809998 74.07 4450700 57.505245
2015-09-09 74.449997 74.5 71.980003 72.169998 2936400 56.030148
2015-09-10 72.129997 73.050003 71.779999 72.160004 3619700 56.022396
2015-09-11 72.25 73.93 71.599998 73.760002 2146700 57.264565
2015-09-14 73.5 74.709999 72.555 74.550003 2927400 57.877888
2015-09-15 74.940002 75.519997 73.754997 75.389999 3393300 58.530045
2015-09-16 75.199997 76.709999 74.300003 76.370003 2302800 59.290882
2015-09-17 76.580002 77.760002 76 76.43 3142600 59.337452
2015-09-18 75.550003 76.5 75.010002 75.440002 7231700 58.568871
2015-09-21 75.690002 76.190002 74.959999 75.199997 3256300 58.38253
2015-09-22 74.150002 74.870003 73.660004 74.309998 2628700 57.691574
2015-09-23 74.169998 74.598 73.254997 73.309998 3713200 56.915211
2015-09-24 73 73.139999 71.699997 72.919998 4416100 56.612419
2015-09-25 73.800003 73.849998 72.779999 73.349998 3517000 56.94627
2015-09-28 72.809998 73.269997 69.989998 69.989998 5006600 54.337681
2015-09-29 70.160004 70.980003 68.650002 69.199997 3870900 53.72435
2015-09-30 69.669998 70.800003 69.459999 70.580002 3132800 54.795734
2015-10-01 71.269997 71.970001 69.769997 70.830002 2519700 54.989826
2015-10-02 70.190002 71.459999 69.370003 71.410004 2593100 55.440109
2015-10-05 72 73.25 71.349998 72.239998 6323500 56.084492
2015-10-06 72.290001 73.050003 71.889999 72.470001 2760200 56.263054
2015-10-07 72.739998 73.739998 72.480003 73.150002 2325200 56.790985
2015-10-08 73.160004 74.470001 72.739998 74.43 2239700 57.784737
2015-10-09 74.410004 75.220001 73.989998 74.389999 2938100 57.753685
2015-10-12 74.410004 74.410004 73.309998 73.720001 2081100 57.233513
2015-10-13 73.610001 73.93 73.18 73.379997 2147500 56.969532
2015-10-14 73.120003 74.300003 73 73.769997 1956800 57.272331
2015-10-15 74.150002 75.220001 73.921997 75.220001 2135700 58.39806
2015-10-16 75.68 78 74.870003 77.389999 3435200 60.08276
2015-10-19 76.889999 77.199997 76.290001 76.800003 1951900 59.624722
2015-10-20 76.199997 77.160004 76.110001 76.870003 1922100 59.679062
2015-10-21 77 77.739998 76.629997 77.050003 2370100 59.818806
2015-10-22 77.220001 79.940002 77.220001 79.940002 3951700 62.062485
2015-10-23 79.150002 79.889999 77.43 77.980003 3179000 60.540825
2015-10-26 78.18 78.18 76.480003 76.809998 2563800 59.632465
2015-10-27 76.209999 77.480003 76.209999 77.169998 2435200 59.911961
2015-10-28 77.150002 79.199997 76.339996 79.18 2382000 61.472454
2015-10-29 78.839996 78.997002 77.848999 78.650002 1788500 61.060982
2015-10-30 78.370003 78.989998 77.860001 77.970001 2053000 60.533077
2015-11-02 78.43 78.93 77.720001 78.269997 1536500 60.765961
2015-11-03 77.830002 78 75.879997 76.43 4489800 59.337452
2015-11-04 76.32 76.667999 75.239998 75.82 2630400 58.863884
2015-11-05 76.199997 76.499001 74.75 75.419998 3347200 58.553322
2015-11-06 73.75 74.5 71.580002 72.010002 8819900 55.905941
2015-11-09 72 72.68 70.849998 71.239998 4231000 55.308132
2015-11-10 71.75 72.220001 71.151001 72.080002 3470400 55.960278
2015-11-11 72.699997 72.860001 71.360001 72.110001 3537300 55.98357
2015-11-12 71.18 71.377998 70.25 70.900002 3931500 55.486618
2015-11-13 70.620003 71.709999 70.580002 70.769997 3008000 55.384884
2015-11-16 71.019997 72.110001 70.940002 71.654999 2398400 56.07748
2015-11-17 72.099998 72.129997 70.639999 71.449997 4247400 55.917049
2015-11-18 71.839996 73.035004 71.169998 72.584999 3780200 56.805294
2015-11-19 73.25 73.730003 72.339996 73.339996 2828700 57.396168
2015-11-20 74.169998 75.57 73.400002 73.650002 4003200 57.638775
2015-11-23 74.029999 74.540001 73.894997 74.07 2706000 57.96748
2015-11-24 73.730003 74.510002 73.68 74.470001 2863900 58.280514
2015-11-25 74.449997 74.919998 73.849998 74.639999 2384100 58.413548
2015-11-27 74.57 75 74.220001 74.610001 777300 58.390079
2015-11-30 74.519997 74.860001 73.5 73.690002 4200100 57.670086
2015-12-01 74.230003 75 73.800003 74.470001 3749300 58.280514
2015-12-02 74.209999 74.620003 72.919998 73.040001 2568600 57.161373
2015-12-03 73.300003 73.68 71.089996 71.459999 3019000 55.924873
2015-12-04 71.400002 72.730003 71.07 72.220001 4495900 56.519653
2015-12-07 71.919998 72.205002 70.849998 71.43 3323600 55.901394
2015-12-08 71 71.654999 70.587997 71.529999 4519800 55.979656
2015-12-09 71.160004 72.169998 70.5 70.900002 3940800 55.486618
2015-12-10 70.830002 71.334999 70.510002 70.839996 2733700 55.439651
2015-12-11 70.089996 70.690002 69.389999 69.690002 3756000 54.539673
2015-12-14 70.07 71.080002 69.769997 70.974998 3881600 55.5453
2015-12-15 71.730003 72.75 71.650002 72.010002 4168700 56.355309
2015-12-16 72.610001 73.199997 71.889999 73.010002 2176900 57.137901
2015-12-17 72.949997 73.300003 71.900002 71.919998 2402700 56.284863
2015-12-18 71.419998 71.940002 70.629997 70.669998 6568300 55.306614
2015-12-21 70.519997 71.660004 70.370003 71.379997 5466900 56.320515
2015-12-22 71.639999 73.190002 71.315002 72.93 5053300 57.543495
2015-12-23 73.300003 74.779999 72.989998 74.510002 4193400 58.790176
2015-12-24 74.809998 74.809998 73.879997 73.959999 1962500 58.356194
2015-12-28 73.709999 73.783997 72.889999 73.419998 5421800 57.930119
2015-12-29 73.650002 74.860001 73.400002 74.690002 4350900 58.93219
2015-12-30 74.650002 74.959999 73.709999 73.75 1779900 58.190491
2015-12-31 73.370003 73.5 72.629997 72.760002 1857100 57.409351
2016-01-04 71.379997 72.849998 71.349998 72.699997 5209400 57.362015
2016-01-05 72.739998 73.580002 72.279999 73.389999 3858200 57.90646
2016-01-06 72.199997 73.68 72.029999 73.529999 3294700 58.016914
2016-01-07 72.010002 72.989998 71.849998 71.900002 4050300 56.730808
2016-01-08 72.190002 72.470001 71.099998 71.18 3092100 56.162697
2016-01-11 71.349998 72.529999 70.769997 72.269997 3329000 57.022739
2016-01-12 72.849998 73.349998 72.132004 73.230003 2924600 57.780197
2016-01-13 73.190002 73.440002 70.639999 70.809998 3448500 55.870766
2016-01-14 70.959999 71.528 70.304001 70.739998 4610600 55.81554
2016-01-15 68.900002 70.150002 68.18 69.199997 6551200 54.600433
2016-01-19 70.010002 70.519997 69.550003 70.169998 5107100 55.365788
2016-01-20 69.279999 71.580002 68.739998 71.169998 4607000 56.154819
2016-01-21 72 73.330002 71.325996 73.050003 6208200 57.63818
2016-01-22 73.599998 74.5 72.510002 74.389999 3111700 58.695461
2016-01-25 73.699997 74.669998 73.339996 74.029999 4123100 58.411423
2016-01-26 73.370003 76 73.370003 75.980003 3851300 59.95002
2016-01-27 75.870003 77.150002 75.150002 75.970001 5348200 59.942135
2016-01-28 76.269997 76.989998 75.480003 76.160004 3542400 60.092037
2016-01-29 76.900002 78.220001 76.400002 78.059998 4508200 61.591171
2016-02-01 77.370003 77.480003 75.669998 77.010002 3564200 60.762714
2016-02-02 75.970001 76.800003 75.720001 75.970001 5631600 59.942135
2016-02-03 76.370003 76.370003 73.830002 74.889999 6239700 59.089996
2016-02-04 75.040001 75.199997 72.919998 74.150002 7077100 58.506111
2016-02-05 74.279999 74.559998 72.139999 72.779999 9351600 57.425144
2016-02-08 72.089996 72.199997 70.18 71.220001 4704600 56.194271
2016-02-09 70.599998 71.959999 70.010002 71.510002 4616900 56.423084
2016-02-10 72.07 73.300003 71.712997 72.110001 2520100 56.896492
2016-02-11 70.900002 71.959999 70.174004 71.440002 3041500 56.367851
2016-02-12 72.199997 72.449997 71.019997 71.919998 2985800 56.746574
2016-02-16 72.900002 73.059998 71.919998 72.309998 3852100 57.054302
2016-02-17 73 74.389999 72.5 74.239998 3628100 58.577106
2016-02-18 74.080002 74.290001 73.339996 73.449997 2755200 57.953785
2016-02-19 72.900002 73.693001 72.830002 73.519997 4333500 58.009022
2016-02-22 74.389999 74.389999 72.209999 73.330002 2916700 57.8591
2016-02-23 73.099998 73.489998 72.559998 72.82 2805600 57.456711
2016-02-24 72.330002 73.330002 71.824997 72.989998 3526500 57.590824
2016-02-25 73.410004 74.980003 73.330002 74.959999 4962300 59.145218
2016-02-26 78.800003 78.900002 76.650002 77.839996 10319700 61.417599
2016-02-29 77.279999 78 76.93 77.019997 4885500 60.770596
2016-03-01 77.660004 77.919998 76.919998 77.660004 5445500 61.275585
2016-03-02 77.610001 77.800003 76.120003 77.489998 5075800 61.141434
2016-03-03 77.300003 77.550003 76.459999 77.370003 3239900 61.046776
2016-03-04 77.910004 77.919998 76.260002 77.199997 3677800 60.912647
2016-03-07 77.010002 77.389999 76.139999 76.5 2574800 60.360306
2016-03-08 76.010002 77.150002 75.940002 76.290001 2783700 60.194622
2016-03-09 76.669998 77 75.800003 76.629997 2631300 60.462887
2016-03-10 76.980003 77.146004 75.550003 76.220001 2107200 60.139385
2016-03-11 77.260002 77.349998 76.410004 76.949997 2342700 60.715363
2016-03-14 76.879997 77.769997 76.099998 77.57 2278300 61.204578
2016-03-15 77.459999 77.82 76.82 77.779999 2924700 61.37027
2016-03-16 77.980003 78.110001 76.949997 78.029999 3400000 62.026051
2016-03-17 77.580002 78.099998 76.739998 78.010002 4506000 62.010162
2016-03-18 78.379997 78.389999 76.769997 77.309998 9081000 61.453732
2016-03-21 76.970001 77.5 76.169998 76.589996 3203400 60.881393
2016-03-22 76.989998 77.025002 76.029999 76.440002 2615600 60.76218
2016-03-23 76.57 77.059998 76.209999 76.809998 2295800 61.056271
2016-03-24 76.769997 77.269997 75.859001 76.459999 3356700 60.778057
2016-03-28 76.620003 77.93 76.059998 77.760002 3581800 61.811436
2016-03-29 77.580002 78.809998 77.029999 78.800003 3907400 62.638126
2016-03-30 78.919998 79.050003 78.269997 78.900002 3339900 62.717632
2016-03-31 78.949997 78.949997 78.279999 78.559998 3400300 62.44735
2016-04-01 78.529999 79.160004 78.114998 79.080002 3418200 62.860691
2016-04-04 78.970001 79.089996 78.379997 78.849998 3495200 62.677864
2016-04-05 78.470001 78.849998 77.889999 78.010002 2679600 62.010162
2016-04-06 78.419998 78.419998 77.5 78.360001 2421900 62.288391
2016-04-07 78.019997 78.290001 77.025002 77.5 3216400 61.604744
2016-04-08 77.970001 78.599998 77.540001 78.470001 2139000 62.375801
2016-04-11 78.730003 79 77.849998 77.910004 2894800 61.930672
2016-04-12 78 78.629997 77.540001 78.330002 2348300 62.264534
2016-04-13 78.68 78.730003 77.089996 77.400002 3246400 61.525261
2016-04-14 77.400002 77.815002 76.889999 77.169998 3150500 61.342422
2016-04-15 77.559998 78.290001 77.129997 78.050003 3042200 62.041954
2016-04-18 77.919998 78.360001 77.269997 78.339996 2207300 62.272453
2016-04-19 78.339996 78.879997 77.860001 78.300003 2591200 62.240688
2016-04-20 78.339996 78.68 77.5 77.919998 1867400 61.938606
2016-04-21 77.790001 77.919998 76.640999 76.739998 2110700 61.000641
2016-04-22 76.699997 78.150002 76.699997 78.099998 2409800 62.081692
2016-04-25 77.879997 78.839996 77.540001 78.730003 2323800 62.582478
2016-04-26 78.709999 79.550003 78.510002 78.699997 2315700 62.55862
2016-04-27 79.220001 79.5 77.989998 79.099998 2249600 62.876598
2016-04-28 78.550003 79.230003 78.089996 78.360001 1962600 62.288391
2016-04-29 77.610001 78.285004 77.129997 78.07 3208700 62.057846
2016-05-02 78.07 80.25 78 79.519997 3700700 63.210442
2016-05-03 79.019997 79.290001 78.221001 78.68 2508200 62.542728
2016-05-04 78.480003 80.300003 78.290001 79.980003 4687000 63.576111
2016-05-05 82.959999 84.169998 82.5 82.970001 8629300 65.95285
2016-05-06 82.830002 84.040001 81.940002 84 3993600 66.771614
2016-05-09 84 84.790001 83.639999 84.260002 3272300 66.978287
2016-05-10 84.440002 86.199997 84.230003 86.139999 3593700 68.472687
2016-05-11 85.970001 86.540001 85.190002 85.199997 2824500 67.725487
2016-05-12 85.480003 86.660004 85.150002 86.339996 2427500 68.631676
2016-05-13 86.029999 86.449997 84.720001 85.129997 2857300 67.669838
2016-05-16 85.330002 86.239998 85.040001 85.870003 2061900 68.258072
2016-05-17 85.690002 86.059998 81.769997 82.160004 7395100 65.30899
2016-05-18 81.949997 82.278999 80.459999 81.18 8695600 64.529991
2016-05-19 80.849998 83.019997 80.610001 83 3932800 65.976707
2016-05-20 82.400002 82.860001 81.82 82.419998 2720100 65.515663
2016-05-23 82.510002 83.25 82.419998 82.809998 1996900 65.825661
2016-05-24 83.129997 84.375 82.699997 84.220001 2385600 66.946503
2016-05-25 83.559998 84.779999 83.129997 84.269997 2563100 67.446709
2016-05-26 84.019997 84.82 83.760002 83.809998 2424000 67.078529
2016-05-27 83.660004 84.260002 83.5 84.099998 1272800 67.310631
2016-05-31 84.160004 84.440002 82.674004 83.190002 3943700 66.582329
2016-06-01 83.089996 83.989998 83 83.949997 1955400 67.190582
2016-06-02 83.879997 84.790001 83.550003 84.779999 2207200 67.854904
2016-06-03 85 85.419998 84.699997 85.300003 3031400 68.271095
2016-06-06 85.5 85.599998 84.690002 84.989998 2551900 68.022964
2016-06-07 85.169998 85.68 84.620003 84.75 2454400 67.830894
2016-06-08 85.059998 85.419998 84.330002 85.18 1757200 68.175049
2016-06-09 84.919998 85.730003 84.779999 85.620003 2098600 68.527214
2016-06-10 85.599998 85.599998 84.709999 85.339996 2118000 68.303101
2016-06-13 85.269997 85.75 84.644997 84.949997 2790400 67.990944
2016-06-14 84.940002 85.290001 84.330002 84.879997 2637500 67.934944
2016-06-15 85 85.389999 84.360001 84.839996 2967400 67.902908
2016-06-16 84.68 85.32 83.980003 85.279999 2333400 68.255081
2016-06-17 85.339996 85.370003 84.019997 84.82 5526500 67.886909
2016-06-20 85.489998 86.5 85.237999 85.5 2854100 68.43116
2016-06-21 85.540001 86.440002 85.489998 85.690002 1953700 68.583244
2016-06-22 85.940002 85.989998 85.080002 85.209999 1961400 68.199059
2016-06-23 85.940002 86.388 85.425003 86.370003 2452200 69.127487
2016-06-24 83.699997 85.099998 83.419998 83.730003 11942100 67.014511
2016-06-27 83.230003 83.849998 82.5 83.629997 3458500 66.934486
2016-06-28 83.876999 84.790001 83 84.769997 3569400 67.846901
2016-06-29 85.029999 86.330002 84.699997 86.099998 3348300 68.911385
2016-06-30 86.389999 88.629997 86.169998 88.480003 5571200 70.816269
2016-07-01 88.580002 89.400002 88.150002 88.239998 2551300 70.624161
2016-07-05 88.190002 89.489998 87.5 88.739998 3320400 71.024338
2016-07-06 88.650002 89.764999 88.25 89.739998 3331700 71.824722
2016-07-07 89.57 89.82 88.809998 89.309998 2525600 71.48056
2016-07-08 89.93 90.260002 89.129997 89.849998 3703300 71.912743
2016-07-11 89.93 90.150002 89.309998 89.839996 2860500 71.904747
2016-07-12 89.489998 89.720001 87.629997 87.800003 4362900 70.271996
2016-07-13 87.830002 89.080002 87.629997 89.019997 2702400 71.248451
2016-07-14 89.139999 89.247002 87.860001 88.339996 3457800 70.704201
2016-07-15 88.900002 89.220001 88.129997 88.860001 2311700 71.120399
2016-07-18 89.080002 89.300003 88.540001 89.099998 1769400 71.312462
2016-07-19 88.839996 89.110001 88.260002 88.970001 1751700 71.20842
2016-07-20 88.870003 88.949997 87.940002 88.169998 2229500 70.568138
2016-07-21 88.099998 88.190002 87.327003 87.639999 2081100 70.143936
2016-07-22 88.019997 88.489998 87.815002 88.160004 2022900 70.560135
2016-07-25 88.160004 88.43 87.830002 88.410004 1447400 70.760216
2016-07-26 88.540001 88.790001 87.040001 87.059998 1553100 69.679726
2016-07-27 87.379997 87.459999 85.199997 85.629997 3931700 68.53521
2016-07-28 85.68 86.209999 85.239998 85.959999 2190300 68.799324
2016-07-29 86.230003 86.629997 85.860001 86.389999 1778900 69.143486
2016-08-01 86.300003 86.580002 85.519997 85.970001 2778500 68.807327
2016-08-02 85.75 85.75 84.639999 85.150002 2832300 68.151031
2016-08-03 85.309998 85.475998 84.25 84.900002 2491500 67.950951
2016-08-04 85.129997 85.639999 84.68 85.540001 3221800 68.463181
2016-08-05 89.849998 90.489998 88.5 88.790001 5106200 71.064369
2016-08-08 88.709999 88.790001 87.589996 88.75 2428000 71.032349
2016-08-09 88.93 89.989998 88.735001 89.779999 2275800 71.856712
2016-08-10 89.769997 89.949997 88.970001 89.349998 1423100 71.512573
2016-08-11 89.709999 90.43 89.290001 89.440002 2588800 71.584602
2016-08-12 89.230003 90.470001 89.230003 89.559998 1539100 71.680634
2016-08-15 89.709999 89.889999 88.849998 89.080002 1661000 71.296463
2016-08-16 89.029999 89.169998 88.254997 88.959999 2259300 71.200401
2016-08-17 89.050003 89.470001 88.239998 89.410004 1832700 71.560585
2016-08-18 89.300003 89.860001 89.099998 89.760002 1823000 71.840721
2016-08-19 89.599998 90.199997 89.349998 89.919998 1694900 71.968773
2016-08-22 89.879997 90.389999 89.519997 89.970001 2092800 72.008797
2016-08-23 90.25 90.480003 89.347 89.470001 2020000 71.608612
2016-08-24 88.839996 88.989998 88.029999 88.949997 2581200 71.67308
2016-08-25 88.989998 89.940002 88.693001 88.900002 1825900 71.63279
2016-08-26 89.040001 89.449997 87.919998 88.169998 1863600 71.044563
2016-08-29 88.349998 88.809998 88.129997 88.57 1685100 71.36689
2016-08-30 88.629997 88.824997 87.769997 87.970001 1841500 70.883415
2016-08-31 88.110001 89.82 88.110001 89.489998 2696400 72.108185
2016-09-01 89.57 89.709999 88.540001 89.480003 2215500 72.100128
2016-09-02 89.900002 90.540001 89.110001 89.610001 2062100 72.204887
2016-09-06 89.690002 90.18 89.135002 89.739998 1786400 72.309639
2016-09-07 89.230003 89.809998 88.959999 89.790001 3344800 72.349922
2016-09-08 89.699997 89.790001 88.709999 89.190002 2191600 71.866455
2016-09-09 88.239998 88.370003 85.949997 85.970001 3837900 69.271881
2016-09-12 85.580002 88.699997 85.349998 88.559998 3015000 71.35881
2016-09-13 89.269997 89.269997 87.449997 88.269997 2579800 71.125145
2016-09-14 88.129997 88.82 87.379997 87.68 1898400 70.649757
2016-09-15 87.360001 89.260002 87.32 89.169998 1912600 71.850342
2016-09-16 88.830002 89.129997 87.650002 88.940002 4476800 71.665009
2016-09-19 88.879997 89 86.900002 86.970001 4032400 70.077644
2016-09-20 87.480003 87.720001 87.099998 87.120003 3018400 70.198524
2016-09-21 87.260002 88.160004 86.760002 87.910004 2592400 70.835083
2016-09-22 88.629997 89.160004 88.339996 89.050003 1516800 71.753647
2016-09-23 89.190002 89.5 88.669998 88.830002 1467000 71.576363
2016-09-26 88.779999 88.980003 88.059998 88.529999 1487400 71.334641
2016-09-27 88.760002 89.489998 88.519997 89.230003 1530300 71.898705
2016-09-28 89.580002 89.620003 88.809998 89.550003 1628700 72.15654
2016-09-29 89.230003 89.43 88.410004 88.57 1411800 71.36689
2016-09-30 89 89.910004 88.849998 89.510002 2499200 72.124306
2016-10-03 89.25 89.459999 88.75 89.080002 1857900 71.777817
2016-10-04 89.290001 89.290001 87.690002 88.019997 1940500 70.923714
2016-10-05 88.32 88.32 87.339996 87.379997 1910900 70.408028
2016-10-06 87.029999 87.660004 86.779999 87.489998 1172000 70.496643
2016-10-07 87.760002 87.760002 86.699997 87.400002 1723500 70.424126
2016-10-10 87.440002 88.669998 87.440002 88.5 2012500 71.310471
2016-10-11 88.239998 88.5 87.059998 87.239998 2508700 70.295197
2016-10-12 88.459999 88.459999 87 87.139999 3072600 70.214622
2016-10-13 86.790001 87.32 86.5 87.050003 2861900 70.142105
2016-10-14 87.339996 88.699997 87.059998 88.529999 2388900 71.334641
2016-10-17 88.720001 89 88.029999 88.830002 2208400 71.576363
2016-10-18 90.089996 90.150002 88.900002 88.93 2740000 71.656967
2016-10-19 88.93 88.949997 87.550003 88.080002 2721000 70.972046
2016-10-20 87.220001 88.760002 87.220001 87.959999 2662100 70.875359
2016-10-21 87.650002 88.18 86.980003 87.919998 2086600 70.843132
2016-10-24 88.610001 89.220001 88.511002 88.910004 1744500 71.640854
2016-10-25 89.230003 89.68 88.169998 88.360001 3220100 71.19767
2016-10-26 88.510002 88.699997 87.910004 88.080002 1513400 70.972046
2016-10-27 88.169998 88.370003 87.181 87.690002 2127800 70.657814
2016-10-28 87.480003 88.669998 87.480003 88.080002 1771100 70.972046
2016-10-31 88.440002 89.160004 88.309998 88.949997 3577400 71.67308
2016-11-01 89 89.18 88.110001 88.370003 2542700 71.205727
2016-11-02 88.629997 88.690002 87.980003 88.150002 1916700 71.028465
2016-11-03 88.120003 88.370003 86.129997 86.25 5041900 69.49749
2016-11-04 82.029999 85.239998 81 84.050003 7825200 67.724815
2016-11-07 85.32 86.089996 84.300003 86.029999 4101100 69.320221
2016-11-08 86.230003 88.839996 86.07 88.339996 2791200 71.181557
2016-11-09 86.18 86.970001 84.18 84.940002 5097200 68.441948
2016-11-10 85.029999 85.529999 80.559998 81.419998 7643600 65.605637
2016-11-11 81 81.739998 80.160004 81.209999 4151100 65.436424
2016-11-14 81.010002 81.629997 79.919998 80.080002 4463400 64.525902
2016-11-15 80.57 81.720001 80.220001 81.139999 5723900 65.38002
2016-11-16 81.379997 82.75 81.290001 82.400002 3327200 66.395294
2016-11-17 82.309998 82.839996 81.5 82.839996 3161600 66.749809
2016-11-18 82.699997 82.93 82.019997 82.529999 2715700 66.500053
2016-11-21 82.529999 83.82 82.205002 83.639999 2508600 67.394447
2016-11-22 83.860001 84.470001 83.699997 84.089996 2648000 67.757042
2016-11-23 83.800003 84.309998 81.730003 82.440002 3459900 66.427513
2016-11-25 82.629997 83.290001 82.629997 82.949997 1230300 66.838478
2016-11-28 82.949997 83.669998 82.360001 83.220001 2642300 67.05603
2016-11-29 83.400002 84.5 83.129997 84 3744600 67.684509
2016-11-30 83.099998 83.510002 81.650002 81.650002 3309900 66.264282
2016-12-01 81.510002 81.779999 79.93 80.489998 4043300 65.322861
2016-12-02 80.739998 81.519997 80.349998 80.910004 2779300 65.663734
2016-12-05 80.910004 81.150002 80.114998 80.279999 4415500 65.152435
2016-12-06 80.610001 80.877998 79.690002 79.959999 3566800 64.892731
2016-12-07 80.440002 83.209999 80.269997 82.949997 4870200 67.319328
2016-12-08 82.589996 82.790001 81.860001 82.309998 2497500 66.799919
2016-12-09 82.550003 83.792999 82.07 83.779999 2380900 67.99292
2016-12-12 83.599998 84.830002 83.290001 84.199997 2536300 68.333771
2016-12-13 84.599998 85.599998 84.029999 84.940002 3644100 68.934334
2016-12-14 84.980003 85.400002 83.720001 84.360001 3348600 68.463615
2016-12-15 85.129997 86.059998 84.129997 85.370003 4410100 69.28331
2016-12-16 85.879997 86.559998 84.860001 86.459999 6037700 70.1679
2016-12-19 86.349998 86.889999 85.720001 86.599998 3365400 70.281517
2016-12-20 86.279999 86.599998 85.330002 85.980003 2665500 69.778358
2016-12-21 85.93 86.989998 85.800003 86.610001 2202000 70.289642
2016-12-22 86.449997 87.290001 86.300003 87.279999 1966300 70.833405
2016-12-23 87.099998 87.620003 86.959999 87.57 2484700 71.068726
2016-12-27 87.660004 88.080002 87.300003 87.580002 1993200 71.076859
2016-12-28 87.5 87.769997 87.029999 87.309998 1384800 70.857719
2016-12-29 87.300003 88.150002 87.300003 87.93 1837800 71.360909
2016-12-30 88.019997 88.160004 87.07 87.32 2051400 70.865852
2017-01-03 87.849998 87.970001 86.400002 87.529999 3104600 71.036278
2017-01-04 87.519997 87.970001 86.900002 87.029999 2274900 70.630493
2017-01-05 86.900002 87.300003 86.080002 86.529999 3037400 70.224716
2017-01-06 86.529999 86.629997 85.830002 86.309998 2450200 70.046165
2017-01-09 86.25 86.474998 85.589996 86.07 2482400 69.851387
2017-01-10 85.849998 86.300003 85.410004 85.910004 2539900 69.721535
2017-01-11 86.120003 87.040001 86.040001 86.760002 2754500 70.411354
2017-01-12 86.830002 87.769997 86.5 87.419998 2484700 70.947014
2017-01-13 87.419998 87.43 86.578003 87.029999 1799100 70.630493
2017-01-17 86.709999 87.974998 86.709999 87.919998 2304800 71.352798
2017-01-18 87.800003 88.589996 87.800003 88.349998 2881800 71.701759
2017-01-19 88.18 88.43 87.550003 87.849998 1690600 71.29599
2017-01-20 88.349998 89 88.010002 88.949997 2795500 72.188705
2017-01-23 88.660004 88.949997 88.199997 88.800003 2654100 72.066978
2017-01-24 88.910004 89.190002 88.32 88.690002 2171100 71.977692
2017-01-25 88.93 89.269997 88.410004 88.839996 2262100 72.099434
2017-01-26 89.489998 89.900002 88.714996 89.410004 3091900 72.562027
2017-01-27 88.959999 89.769997 88.779999 89.43 1842800 72.578239
2017-01-30 89.089996 89.5 88.629997 89.080002 2233600 72.294205
2017-01-31 88.900002 89.559998 88.834999 89.290001 2650500 72.464645
2017-02-01 88.889999 89.334999 88.307999 88.410004 1816800 71.750458
2017-02-02 88.510002 89.099998 88.32 88.610001 1826700 71.912773
2017-02-03 89.209999 89.349998 88.639999 89.269997 2205100 72.448395
2017-02-06 89.300003 89.400002 88.639999 88.699997 1359800 71.985802
2017-02-07 88.709999 89.019997 88.5 88.809998 2599300 72.075089
2017-02-08 88.809998 89.309998 88.790001 89.190002 3300300 72.383484
2017-02-09 89.269997 90.389999 89.040001 89.779999 2708300 72.86232
2017-02-10 89.599998 90.540001 89.339996 90.199997 1882100 73.203178
2017-02-13 90.309998 90.599998 89.695 90.580002 1812500 73.511551
2017-02-14 90.57 91.063004 90.099998 90.809998 2322700 73.698227
2017-02-15 91.129997 91.300003 90.260002 91.095001 3083900 73.929504
2017-02-16 89.099998 89.839996 86.349998 87.279999 10584700 70.833405
2017-02-17 92 97.769997 91.849998 96.650002 30007700 78.437752
2017-02-21 91.82 95.480003 91.349998 94.870003 14423200 76.993172
2017-02-22 94.849998 95 92.989998 93.360001 4990400 75.7677
2017-02-23 93.290001 93.620003 92.349998 92.940002 2901000 75.426857
2017-02-24 93.510002 93.800003 92.57 93.080002 2670500 75.540474
2017-02-27 92.599998 92.870003 90.330002 90.610001 6084900 73.535896
2017-02-28 90.68 91.980003 90.349998 91.510002 4267700 74.266312
2017-03-01 91.769997 91.910004 90.650002 91.43 2858600 74.691116
2017-03-02 91.5 91.690002 90.779999 91.279999 2552700 74.568565
2017-03-03 91.25 91.5 90.809998 91.5 1653000 74.748299
2017-03-06 91.019997 91.510002 90.790001 91.160004 2044900 74.470535
2017-03-07 90.809998 91.440002 90.720001 90.800003 1491000 74.176453
2017-03-08 90.669998 91.169998 90.440002 90.900002 2034200 74.258141
2017-03-09 90.769997 91.584999 90.620003 91.529999 2108500 74.772797
2017-03-10 92.080002 92.091003 91.260002 91.510002 2277100 74.756462
2017-03-13 91.370003 91.5 91.019997 91.18 2182900 74.486885
2017-03-14 91.160004 91.349998 90.669998 91.059998 2097300 74.388832
2017-03-15 91.589996 92.139999 91.089996 91.839996 2076300 75.026039
2017-03-16 92.739998 93.269997 92.160004 92.769997 4139000 75.785774
2017-03-17 93.599998 93.669998 91.82 91.980003 5655700 75.140427
2017-03-20 92.029999 92.949997 91.889999 92.360001 2063000 75.450844
2017-03-21 92.309998 92.779999 91.589996 91.900002 2322600 75.075066
2017-03-22 92.25 92.75 92.040001 92.290001 1540300 75.393661
2017-03-23 92.050003 92.779999 91.900002 92.010002 1833300 75.164909
2017-03-24 92.239998 92.400002 91.32 91.68 1703800 74.895348
2017-03-27 91.5 91.589996 91.091003 91.25 1699000 74.544052
2017-03-28 90.779999 91.665001 90.779999 91.410004 2222800 74.674774
2017-03-29 91.199997 91.599998 91.059998 91.489998 1462600 74.74012
2017-03-30 91.43 91.669998 91.040001 91.099998 1143100 74.421524
2017-03-31 90.879997 91.190002 90.57 90.809998 2205100 74.184631
2017-04-03 90.800003 91.279999 90.629997 91.059998 3414800 74.388832
2017-04-04 90.699997 91.25 90.269997 91.220001 2194000 74.519562
2017-04-05 91.099998 92.419998 91.029999 91.419998 2694700 74.68293
2017-04-06 91.489998 91.790001 90.650002 90.949997 2096900 74.299004
2017-04-07 91.169998 91.489998 90.669998 90.699997 2000300 74.094749
2017-04-10 90.650002 91 90.160004 90.889999 3496900 74.249969
2017-04-11 90.889999 91.07 90.388 90.830002 1396500 74.200951
2017-04-12 91.029999 92.139999 91.010002 91.93 2007400 75.099579
2017-04-13 92.050003 92.050003 91.480003 91.5 1816300 74.748299
2017-04-17 91.800003 91.959999 91.029999 91.580002 1803800 74.813644
2017-04-18 91.540001 92.629997 91.330002 92.5 2135100 75.565201
2017-04-19 92.43 92.449997 91.690002 91.849998 1978300 75.034218
2017-04-20 92.110001 92.400002 91.550003 92.040001 1787900 75.18943
2017-04-21 92.129997 92.239998 91.559998 91.599998 1964500 74.829979
2017-04-24 92.010002 92.870003 92.010002 92.559998 2185400 75.614227
2017-04-25 92.639999 92.894997 92.279999 92.290001 1882400 75.393661
2017-04-26 92.32 92.330002 90.879997 90.919998 2736600 74.274483
2017-04-27 90.919998 91.419998 90.660004 90.830002 2290300 74.200951
2017-04-28 91.199997 91.230003 89.830002 90.389999 2894500 73.841515
2017-05-01 90.650002 90.75 89.349998 89.470001 3363600 73.089943
2017-05-02 89.639999 89.830002 88.760002 89 3058600 72.705994
2017-05-03 90.220001 90.220001 88.900002 89.139999 2695300 72.820366
2017-05-04 88 91.800003 87.139999 89.699997 6391200 73.27784
2017-05-05 89.860001 90.099998 89.18 89.629997 2267300 73.220642
2017-05-08 89.580002 89.769997 89 89.480003 2311600 73.098122
2017-05-09 89.230003 89.651001 88.870003 89.199997 2299200 72.869377
2017-05-10 89.110001 89.400002 88.940002 89.330002 1654400 72.975578
2017-05-11 88.800003 89.459999 88.800003 89.279999 1402500 72.934731
2017-05-12 89.339996 89.449997 88.669998 88.949997 1827300 72.665154
2017-05-15 88.760002 89.470001 88.559998 89.449997 2029600 73.073593
2017-05-16 89.260002 89.830002 88.849998 89.110001 1974600 72.795853
2017-05-17 88.910004 90.139999 88.510002 89.510002 3866600 73.618301
2017-05-18 89.650002 90.730003 88.910004 90.160004 2854700 74.152916
2017-05-19 89.75 90.550003 89.400002 90.279999 2707600 74.251617
2017-05-22 90.110001 91.330002 90.040001 91.18 1830500 74.991829
2017-05-23 91.209999 92 91.010002 91.870003 1803500 75.559311
2017-05-24 92 92.660004 91.779999 92.589996 1814900 76.151489
2017-05-25 92.690002 93.010002 92.379997 92.809998 1665400 76.33242
2017-05-26 92.900002 93.089996 92.519997 92.989998 1308000 76.480476
2017-05-30 92.940002 93 92.188004 92.459999 1952600 76.044556
2017-05-31 92.629997 92.949997 91.970001 92.199997 2283000 75.830719
2017-06-01 92.349998 92.739998 91.419998 92.730003 2466000 76.266647
2017-06-02 92.940002 93.550003 92.379997 93.540001 2506100 76.932838
2017-06-05 93.580002 93.699997 93.050003 93.440002 1707500 76.850563
2017-06-06 93.449997 93.870003 93.080002 93.209999 1758500 76.661415
2017-06-07 93.449997 93.879997 93.139999 93.769997 1987300 77.121971
2017-06-08 93.459999 93.669998 92.474998 92.57 2458700 76.135033
2017-06-09 92.480003 92.540001 90.459999 90.830002 2801800 74.703957
2017-06-12 90.599998 92.419998 90.429001 91.25 2720600 75.049393
2017-06-13 90.68 91.660004 90.169998 91.589996 1909800 75.329018
2017-06-14 92.150002 92.449997 90.989998 91.459999 1697300 75.222107
2017-06-15 91.160004 91.839996 91.010002 91.650002 2312700 75.37838
2017-06-16 90.870003 91.220001 88.910004 89.410004 7470600 73.536057
2017-06-19 89.959999 90.239998 89.019997 89.849998 3331600 73.897942
2017-06-20 89.660004 89.772003 89.139999 89.279999 2659500 73.429146
2017-06-21 89.309998 89.697998 89.110001 89.400002 2186200 73.52784
2017-06-22 89.470001 89.75 88.894997 89.099998 2721000 73.281105
2017-06-23 89.400002 89.400002 88.57 88.849998 4205800 73.075485
2017-06-26 89.529999 89.730003 88.870003 88.940002 1704300 73.149513
2017-06-27 88.760002 88.949997 87.480003 87.510002 2962100 71.973404
2017-06-28 88.110001 88.489998 87.209999 87.82 3032300 72.228348
2017-06-29 87.690002 87.813004 85.449997 85.760002 5189200 70.534103
2017-06-30 87.199997 87.269997 85.5 85.639999 3415000 70.435387
2017-07-03 85.959999 86.099998 84.389999 84.470001 2905500 69.473122
2017-07-05 84.459999 84.760002 83.644997 83.790001 4607700 68.913849
2017-07-06 83.300003 83.610001 82.620003 82.82 3403100 68.116058
2017-07-07 82.580002 83.900002 82.199997 83.040001 3454600 68.297005
2017-07-10 83.389999 83.730003 82.760002 82.769997 2980600 68.074921
2017-07-11 82.199997 83.989998 82.199997 83.75 5022700 68.880943
2017-07-12 84.330002 85.18 84.290001 84.699997 4026400 69.66227
2017-07-13 84.739998 85.040001 84.334999 84.849998 2626500 69.785652
2017-07-14 85.309998 85.699997 84.830002 85.650002 2533600 70.443626
2017-07-17 85.68 85.75 85.089996 85.599998 1831500 70.402504
2017-07-18 85.690002 85.849998 85.172997 85.599998 1586800 70.402504
2017-07-19 85.629997 85.849998 85.209999 85.690002 2184500 70.476524
2017-07-20 86.099998 86.099998 85.665001 85.900002 2770500 70.649231
2017-07-21 85.660004 86.190002 85.410004 86.160004 2840800 70.863091
2017-07-24 86.120003 86.309998 85.599998 86.220001 1881400 70.912415
2017-07-25 86.239998 87.610001 86.144997 87.419998 3016900 71.899384
2017-07-26 87.5 90.379997 87.410004 87.660004 2935300 72.096764
2017-07-27 87.529999 88.220001 87.309998 88.190002 3025800 72.532669
2017-07-28 87.800003 88.07 87.07 87.639999 1902100 72.080322
2017-07-31 87.790001 87.989998 86.980003 87.459999 2593100 71.932281
2017-08-01 87.379997 87.769997 86.550003 86.669998 3281500 71.282539
2017-08-02 86.290001 87.139999 85.480003 86.870003 3770500 71.447021
2017-08-03 86.900002 87.598999 86.330002 86.510002 3966400 71.150925
2017-08-04 87.580002 87.580002 85.981003 86.660004 8002300 71.274315
2017-08-07 86.540001 87.230003 86.260002 87.019997 3195100 71.570381
2017-08-08 86.639999 86.980003 86.019997 86.160004 3125500 70.863091
2017-08-09 86 86.739998 85.510002 86.459999 2527100 71.109802
2017-08-10 85.919998 86.400002 85.580002 85.889999 3015600 70.641014
2017-08-11 85.900002 86.57 85.639999 86.470001 2538900 71.118034
2017-08-14 86.75 87.290001 86.5 87.019997 2473400 71.570381
2017-08-15 87.050003 87.199997 86.501999 86.739998 1766700 71.340096
2017-08-16 86.449997 86.68 86.279999 86.5 1920100 71.65905
2017-08-17 86.269997 86.760002 85.080002 85.110001 3023000 70.507523
2017-08-18 84.919998 85.279999 84.160004 84.489998 2833500 69.993904
2017-08-21 84.730003 84.730003 84.25 84.550003 1764700 70.043625
2017-08-22 84.760002 85.129997 84.650002 85.050003 2038600 70.457817
2017-08-23 84.949997 85.160004 84.480003 84.75 1687600 70.209297
2017-08-24 84.5 84.589996 82.690002 82.800003 3438100 68.593864
2017-08-25 83.279999 83.32 82.449997 82.599998 3285600 68.428185
2017-08-28 82.779999 83 81.625 82.139999 2644100 68.047089
2017-08-29 81.779999 82.110001 81.087997 81.440002 3491400 67.467186
2017-08-30 81.5 82.190002 81.230003 81.93 3426800 67.873123
2017-08-31 81.099998 82.099998 80.290001 80.75 5374100 66.895584
2017-09-01 80.75 81.099998 80.099998 80.849998 4889900 66.978424
2017-09-05 80.720001 81.5 80.550003 81.150002 3301700 67.226967
2017-09-06 81.230003 81.400002 80.830002 81.330002 2517500 67.376068
2017-09-07 81.449997 81.720001 80.830002 81.459999 3257200 67.483772
2017-09-08 81.449997 82.019997 80.660004 81.720001 3546800 67.699173
2017-09-11 82.099998 82.559998 81.959999 82.550003 2905500 68.386757
2017-09-12 82.82 82.980003 82.059998 82.18 2256000 68.080231
2017-09-13 82.260002 82.349998 81.669998 81.910004 2939200 67.85656
2017-09-14 81.980003 82 81 81.279999 2987900 67.334633
2017-09-15 81.330002 81.879997 80.519997 81.43 5962900 67.458916
2017-09-18 81.239998 81.610001 81.040001 81.400002 2766200 67.434067
2017-09-19 81.300003 81.419998 80.599998 80.830002 2382900 66.961876
2017-09-20 80.489998 80.559998 79.129997 79.870003 6182400 66.166565
2017-09-21 79.989998 80.459999 78.940002 79.010002 2962700 65.454124
2017-09-22 79.010002 79.239998 77.400002 77.519997 4792600 64.219749
2017-09-25 77.599998 78.449997 77.470001 78.419998 4332600 64.965347
2017-09-26 78.599998 78.910004 78.029999 78.589996 3160300 65.106186
2017-09-27 78.639999 78.800003 77.800003 78.230003 3278800 64.807945
2017-09-28 78.279999 78.75 77.730003 77.970001 2804500 64.59256
2017-09-29 78.029999 78.268997 77.440002 77.550003 3781800 64.244614
2017-10-02 77.550003 78.269997 76.889999 77.849998 3635900 64.493134
2017-10-03 77.949997 78.139999 77.290001 77.82 2372900 64.468277
2017-10-04 77.230003 78.150002 76.760002 77.769997 3681100 64.426865
2017-10-05 77.949997 78.485001 77.699997 78.25 2845300 64.824516
2017-10-06 78.839996 78.940002 77.985001 78.18 2355900 64.766518
2017-10-09 78.290001 78.620003 77.195 77.330002 2673700 64.062355
2017-10-10 77.75 78.25 77.660004 78.139999 2984700 64.733376
2017-10-11 78.059998 78.660004 77.919998 78.190002 2327700 64.774811
2017-10-12 78.349998 78.648003 78.040001 78.150002 2485400 64.741653
2017-10-13 78.550003 78.599998 77.660004 77.739998 3707800 64.402016
2017-10-16 77.790001 78.095001 77.480003 77.650002 3432300 64.327446
2017-10-17 77.730003 78.010002 77.339996 77.540001 4373400 64.23632
2017-10-18 77.410004 77.461998 76.669998 77.099998 3279400 63.871815
2017-10-19 77 77.087997 76.309998 76.470001 3965000 63.349911
2017-10-20 76.769997 77.099998 76.120003 76.709999 4761200 63.548721
2017-10-23 76.879997 77.099998 76.449997 77.059998 4240900 63.838665
2017-10-24 77.120003 77.419998 76.93 77.220001 3061500 63.971226
2017-10-25 76.730003 77.419998 76.230003 77.330002 3927100 64.062355
2017-10-26 77.589996 77.940002 77.150002 77.300003 2849600 64.037506
2017-10-27 76.82 77.470001 76.235001 77.300003 3751800 64.037506
2017-10-30 77.199997 77.220001 75.209999 75.269997 5216300 62.355801
2017-10-31 76.18 77.400002 76.019997 77.330002 4836100 64.062355
2017-11-01 77.709999 77.860001 77.080002 77.699997 4052600 64.368874
2017-11-02 76.839996 78.190002 75.510002 78.029999 6533400 64.642265
2017-11-03 77.870003 78.190002 77.57 78 4077600 64.617401
2017-11-06 78.089996 78.220001 76.510002 77 4682000 63.788986
2017-11-07 76.93 78.639999 76.489998 78.18 3421700 64.766518
2017-11-08 78.639999 80.089996 78.220001 79.580002 4058700 65.926315
2017-11-09 79.260002 79.940002 79.019997 79.410004 3431600 65.785484
2017-11-10 78.970001 79.879997 78.970001 79.720001 3403000 66.04229
2017-11-13 79.660004 80.370003 79.599998 79.849998 3237500 66.149994
2017-11-14 79.540001 79.879997 79.029999 79.379997 2839200 65.760628
2017-11-15 79.489998 79.889999 78.57 78.779999 3277400 65.263573
2017-11-16 78.720001 80.160004 78.510002 79.68 3028900 66.537041
2017-11-17 79.629997 80.07 79.275002 79.629997 4263200 66.495277
2017-11-20 79.699997 80.959999 79.629997 79.93 3736700 66.745804
2017-11-21 80.120003 80.290001 79.760002 80.010002 2455600 66.812614
2017-11-22 80.040001 80.199997 79.589996 79.82 2923900 66.653938
2017-11-24 80.25 80.349998 79.540001 79.760002 1144800 66.603851
2017-11-27 79.760002 80.040001 79.449997 79.610001 4605000 66.478584
2017-11-28 79.699997 79.860001 78.714996 78.980003 3165500 65.952507
2017-11-29 78.949997 81.559998 78.830002 81.089996 4067400 67.714462
2017-11-30 81.440002 82.18 80.5 81.370003 4409700 67.948288
2017-12-01 80.949997 81.599998 80.290001 81.209999 3360800 67.814674
2017-12-04 81.32 82.290001 81.165001 81.919998 2908100 68.407547
2017-12-05 82.050003 82.480003 80.510002 80.639999 3248000 67.338669
2017-12-06 80.75 81.139999 80.239998 80.489998 2582100 67.213425
2017-12-07 80.169998 80.5 79.309998 79.360001 2532300 66.269806
2017-12-08 79.599998 79.706001 77.934998 78.480003 5332600 65.534973
2017-12-11 78.18 78.389999 77.190002 78.370003 3988400 65.443123
2017-12-12 78.330002 79.089996 78.120003 78.949997 3140800 65.927437
2017-12-13 79.25 79.599998 78.769997 79.279999 3028300 66.203026
2017-12-14 79.279999 79.699997 78.870003 78.980003 3321300 65.952507
2017-12-15 79.800003 79.830002 79.010002 79.540001 6684900 66.420128
2017-12-18 79.980003 80.360001 79.290001 79.370003 2721100 66.27816
2017-12-19 79.519997 79.82 78.389999 78.519997 2889900 65.568359
2017-12-20 78.809998 78.889999 77.32 77.379997 3802400 64.616402
2017-12-21 77.839996 78.169998 77.07 77.879997 4562400 65.033936
2017-12-22 78.139999 78.599998 77.879997 78.239998 3091400 65.334557
2017-12-26 78.120003 78.470001 78 78.110001 2532000 65.226006
2017-12-27 78.239998 78.599998 77.949997 77.980003 1757300 65.117462
2017-12-28 78.220001 78.290001 77.720001 77.919998 1883800 65.067345
2017-12-29 77.699997 78.68 77.690002 77.760002 2443700 64.933739
2018-01-02 78.220001 78.309998 76.879997 77.019997 4009000 64.315796
2018-01-03 77.330002 77.589996 76.900002 77.010002 3369300 64.307442
2018-01-04 77.230003 78.220001 77.059998 77.910004 3608500 65.058998
2018-01-05 78.040001 78.330002 77.230003 77.839996 4152500 65.000542
2018-01-08 77.82 78.580002 77.82 78.480003 3126900 65.534973
2018-01-09 78.540001 78.720001 78.050003 78.620003 3436500 65.651863
2018-01-10 78.650002 78.650002 77.400002 77.889999 3823700 65.04229
2018-01-11 78.019997 78.199997 77.019997 77.129997 3493700 64.407654
2018-01-12 77.349998 77.57 76.599998 77.349998 4223500 64.591362
2018-01-16 77.970001 78.919998 77.559998 78.639999 5327800 65.668571
2018-01-17 79.110001 80.669998 78.790001 80.07 6547600 66.862709
2018-01-18 80.160004 80.599998 79.019997 79.269997 3447200 66.194664
2018-01-19 79.529999 79.959999 79.099998 79.660004 3749400 66.52034
2018-01-22 79.82 80.449997 79.760002 80.169998 3988300 66.946205
2018-01-23 79.760002 80.529999 79.559998 80.269997 2833000 67.029716
2018-01-24 80.5 80.589996 79.709999 79.860001 3119600 66.687355
2018-01-25 80 80.445 79.382004 79.669998 2927300 66.528679
2018-01-26 79.900002 80 78.400002 79.389999 4772400 66.294861
2018-01-29 79.169998 79.879997 78.389999 78.419998 3280500 65.484848
2018-01-30 78.639999 79.660004 78.43 78.5 3334300 65.551682
2018-01-31 78.620003 78.879997 77.849998 78.389999 4855700 65.459824
2018-02-01 78.120003 78.949997 77.599998 78.57 3119800 65.61013
2018-02-02 78.120003 78.339996 76.650002 77.190002 5239700 64.457748
2018-02-05 77.290001 77.939003 74.175003 74.260002 5372900 62.011044
2018-02-06 73.839996 74.32 72.050003 74.309998 7556400 62.052803
2018-02-07 73.839996 74.709999 73.519997 73.550003 6753700 61.418163
2018-02-08 73.599998 74.040001 71.25 71.580002 8210800 59.773109
2018-02-09 72 72.660004 70.245003 71.379997 6871000 59.606079
2018-02-12 71.519997 72.629997 71.449997 71.809998 4372900 59.965172
2018-02-13 71.519997 71.989998 70.68 71.709999 4043600 59.881664
2018-02-14 71.339996 72.040001 70.699997 71.919998 5503100 60.057022
2018-02-15 72.190002 72.779999 70.650002 72.709999 7410900 60.716709
2018-02-16 69.940002 71.25 67.650002 70.800003 14988800 59.121765
2018-02-20 70.779999 70.800003 68.019997 68.690002 8715200 57.359814
2018-02-21 68.919998 68.93 67.440002 67.470001 6647900 56.34103
2018-02-22 67.379997 68.249001 67.050003 67.639999 5972000 56.48299
2018-02-23 67.959999 69.110001 67.349998 69.019997 5740900 57.635357
2018-02-26 69.599998 70 68.559998 69.739998 7520500 58.236614
2018-02-27 69.610001 70.014999 67.860001 67.870003 5412100 56.675064
2018-02-28 68.269997 68.589996 67.029999 67.050003 6193000 55.990318
2018-03-01 67.139999 67.988998 66.360001 66.889999 5209600 55.856709
2018-03-02 67.019997 67.610001 66.519997 67.169998 4820800 56.090519
2018-03-05 66.720001 67.730003 66.720001 67.43 3910800 56.307636
2018-03-06 67.699997 67.870003 67.230003 67.769997 3539400 56.591553
2018-03-07 67.349998 67.589996 66.730003 67.459999 3316500 56.33268
2018-03-08 67.169998 67.360001 66.464996 66.989998 3508400 56.463326
2018-03-09 67.199997 67.599998 66.529999 67.230003 4911000 56.665615
2018-03-12 67.260002 67.889999 67.099998 67.699997 2653200 57.061768
2018-03-13 67.839996 67.949997 67.160004 67.370003 3360700 56.783615
2018-03-14 67.610001 67.910004 66.220001 66.580002 3900900 56.11776
2018-03-15 66.400002 66.669998 65.114998 65.459999 4870800 55.173748
2018-03-16 65.449997 65.839996 64.940002 65.360001 7204500 55.089462
2018-03-19 65.18 65.360001 63.580002 63.950001 6947200 53.901031
2018-03-20 64.029999 64.209999 62.82 63.18 7502500 53.252026
2018-03-21 62.529999 62.759998 61.75 61.990002 7088700 52.249012
2018-03-22 61.73 61.959999 60.490002 60.529999 8156600 51.018433
2018-03-23 60.73 61.657001 59.950001 60.029999 6316300 50.597008
2018-03-26 60.880001 61.73 60.529999 61.650002 5310600 51.962444
2018-03-27 61.740002 61.98 60.389999 60.700001 5276500 51.161732
2018-03-28 60.84 61.959999 60.750999 61.369999 4778200 51.72644
2018-03-29 61.790001 62.619999 61.685001 62.290001 5001900 52.501881
2018-04-02 61.939999 62 59.790001 60.060001 5294200 50.622299
2018-04-03 60.619999 60.66 59.48 60.240002 6325300 50.77401
2018-04-04 59.790001 61.823002 59.726002 61.380001 4764400 51.734875
2018-04-05 61.700001 61.900002 60.950001 61.310001 4272700 51.675877
2018-04-06 61.09 61.98 60.16 60.540001 3932000 51.026867
2018-04-09 60.889999 61.400002 60.34 60.650002 4669300 51.119587
2018-04-10 61.650002 61.82 60.619999 61.25 4667400 51.625313
2018-04-11 60.849998 61.830002 60.779999 61.540001 3852600 51.869728
2018-04-12 61.529999 61.705002 60.779999 60.939999 5145800 51.36401
2018-04-13 61.07 61.130001 60.490002 60.919998 3746000 51.347157
2018-04-16 60.02 61.310001 59.919998 61.189999 5446000 51.574734
2018-04-17 61.689999 61.810001 61.09 61.689999 4444100 51.996162
2018-04-18 61.66 61.799999 60.349998 60.790001 5525800 51.237587
2018-04-19 60.75 60.889999 59.630001 59.73 7461800 50.344151
2018-04-20 59.849998 60.158001 57.549999 58.220001 9765800 49.07143
2018-04-23 58 58.189999 57.41 57.68 7905100 48.616291
2018-04-24 57.950001 58 56.110001 56.529999 8266800 47.646992
2018-04-25 56.52 57.400002 56.290001 56.849998 6766600 47.916702
2018-04-26 57.029999 57.466 56.509998 57.330002 5147400 48.321281
2018-04-27 57.43 58.259998 57.360001 57.66 4096100 48.599419
2018-04-30 57.900002 58.16 56.360001 56.380001 6761600 47.520569
2018-05-01 56.32 56.439999 55.299999 55.700001 6350200 46.947414
2018-05-02 55.880001 55.950001 54.110001 54.200001 9045100 45.683121
2018-05-03 56.27 56.400002 54.939999 54.950001 10380800 46.315269
2018-05-04 55 58.450001 54.689999 58.009998 9221300 48.894428
2018-05-07 58.5 59.244999 58.189999 58.830002 7337400 49.585583
2018-05-08 58.689999 59.130001 57.619999 58.759998 7163200 49.526569
2018-05-09 58.939999 59.32 58.09 58.48 5002300 49.290573
2018-05-10 58.75 59.349998 58.549999 59.040001 3934200 49.762581
2018-05-11 58.970001 59.860001 58.970001 59.240002 3980300 49.931152
2018-05-14 59.369999 59.599998 58.919998 59.279999 4228700 49.964863
2018-05-15 59.16 59.490002 58.619999 59.040001 5662600 49.762581
2018-05-16 59.060001 59.32 58.529999 59.290001 4334000 49.973293
2018-05-17 58.720001 58.84 57.720001 58.060001 4694100 49.457935
2018-05-18 57.610001 57.66 55.715 56.790001 9529000 48.376087
2018-05-21 57 57.349998 56.202 56.450001 4588300 48.086456
2018-05-22 56.580002 57.256001 56.209999 56.580002 4179500 48.197197
2018-05-23 56.299999 57.080002 56.299999 56.98 3134900 48.537937
2018-05-24 57 57.16 56.380001 57.060001 2750600 48.606087
2018-05-25 57.119999 58.119999 57.099998 57.77 3296000 49.210892
2018-05-29 57.57 57.860001 56.939999 57.400002 4231400 48.89571
2018-05-30 57.650002 59.060001 57.439999 58.84 5587300 50.12236
2018-05-31 58.790001 58.939999 57.150002 57.48 6787400 48.963863
2018-06-01 57.639999 58.18 57.279999 57.650002 4745600 49.108677
2018-06-04 57.849998 58.66 57.75 58.419998 3626300 49.764587
2018-06-05 58.779999 58.792 57.667 57.919998 4920300 49.338665
2018-06-06 58.09 58.09 57.009998 57.919998 4826800 49.338665
2018-06-07 57.509998 58.16 57.07 57.669998 4501800 49.12571
2018-06-08 57.790001 58.59 57.669998 58.470001 4266700 49.807186
2018-06-11 58.599998 60.139999 58.580002 59.880001 5252000 51.008278
2018-06-12 60.23 60.650002 59.290001 60.119999 4309300 51.212719
2018-06-13 60.360001 60.68 59.650002 60.099998 3477900 51.195683
2018-06-14 60.389999 61.009998 59.939999 60.669998 3572700 51.681225
2018-06-15 60.810001 61.639999 60.389999 61.610001 7616400 52.481968
2018-06-18 61.43 62.650002 60.470001 60.869999 4491300 51.851601
2018-06-19 60.59 62.27 60.5 62.139999 5974300 52.933437
2018-06-20 62.27 63.34 62 63.040001 6027600 53.700104
2018-06-21 63.049999 63.200001 62.25 62.57 4956000 53.299728
2018-06-22 62.810001 63.450001 62.66 63.209999 4247200 53.844917
2018-06-25 62.849998 64.540001 62.82 63.32 4976500 53.938614
2018-06-26 63.580002 63.610001 62.349998 63.209999 4190400 53.844917
2018-06-27 62.990002 63.814999 62.509998 62.689999 3250100 53.401955
2018-06-28 62.84 63.32 62.505001 62.650002 3688000 53.367886
2018-06-29 62.91 63.23 62.130001 62.82 3812500 53.512699
2018-07-02 62.5 62.59 61.52 62.09 3666600 52.89085
2018-07-03 62.330002 63.130001 62.330002 62.639999 1674000 53.359356
2018-07-05 63.279999 64 62.639999 63.950001 2834300 54.475277
2018-07-06 64 64.620003 63.669998 64.43 3330000 54.884159
2018-07-09 64.650002 64.75 63.619999 63.970001 3079900 54.492313
2018-07-10 64.339996 64.339996 63.330002 64 3112900 54.517864
2018-07-11 63.91 64.279999 63.509998 63.740002 2520900 54.296391
2018-07-12 63.93 64.050003 63.290001 63.639999 2659900 54.211205
2018-07-13 63.639999 64.589996 63.5 63.849998 3997900 54.390087
2018-07-16 63.889999 63.990002 62.59 62.639999 4164900 53.359356
2018-07-17 62.639999 63.380001 62.549999 63.049999 5032300 53.708622
2018-07-18 63.049999 63.18 61.540001 61.59 5196400 52.464931
2018-07-19 61.310001 62.009998 60.880001 61.34 6839500 52.251965
2018-07-20 61.27 61.380001 60.549999 60.689999 5809500 51.698269
2018-07-23 60.400002 60.889999 60.139999 60.299999 4857500 51.366043
2018-07-24 60.299999 60.470001 59.150002 59.669998 6374000 50.829391
2018-07-25 59.709999 60.16 58.939999 59.84 3713900 50.974201
2018-07-26 60.720001 61.700001 60.23 60.48 4082200 51.519379
2018-07-27 60.599998 61.049 59.887001 60.259998 3771100 51.33197
2018-07-30 60.099998 60.619999 59.82 60.279999 3743100 51.34901
2018-07-31 60.610001 61.169998 60.009998 60.25 6484800 51.32346
2018-08-01 60 60.099998 59.25 59.279999 4013200 50.497173
2018-08-02 59.099998 59.650002 58.243 59.400002 6445100 50.599392
2018-08-03 61 64.989998 60.380001 64.480003 16199700 54.92675
2018-08-06 63.849998 64.120003 62.150002 62.299999 7453200 53.069733
2018-08-07 62.5 62.540001 61.075001 61.32 6542400 52.234928
2018-08-08 60.080002 60.849998 59.5 60.279999 11053800 51.34901
2018-08-09 60.419998 60.619999 59.68 60 6568700 51.1105
2018-08-10 59.759998 60 59.099998 59.650002 5118000 50.812347
2018-08-13 59.48 59.709999 58.830002 59.279999 5790400 50.497173
2018-08-14 59.5 60.060001 59.43 59.52 4439900 50.701614
2018-08-15 59.560001 59.580002 58.98 59.09 5299600 50.335316
2018-08-16 58.970001 60.150002 58.830002 60.029999 6261800 51.682709
2018-08-17 60.299999 61.310001 59.77 61.02 6417000 52.535042
2018-08-20 61.029999 61.681999 60.610001 60.639999 4647000 52.20789
2018-08-21 60.75 60.75 59.59 59.84 4849800 51.519127
2018-08-22 59.98 60.099998 59.34 59.549999 3224800 51.269447
2018-08-23 59.259998 59.490002 58.75 58.799999 5179800 50.623741
2018-08-24 58.919998 59.419998 58.759998 59.029999 4513200 50.821754
2018-08-27 59.349998 59.869999 59.18 59.57 3496800 51.286671
2018-08-28 59.509998 59.869999 58.790001 58.790001 4293500 50.615135
2018-08-29 58.900002 59.369999 58.560001 59.299999 5188900 51.054214
2018-08-30 59.130001 59.57 58.165001 58.220001 5063800 50.124397
2018-08-31 58.355 58.57 57.630001 58.27 5520300 50.167442
2018-09-04 58.450001 58.619999 56.549999 56.66 6918700 48.781307
2018-09-05 56.650002 57.714001 56.290001 57 7064200 49.074036
2018-09-06 57.040001 57.25 56.060001 56.799999 8822100 48.901844
2018-09-07 56.689999 56.720001 56.169998 56.59 6815900 48.721043
2018-09-10 56.900002 57.48 56.810001 57.240002 8285300 49.280659
2018-09-11 57.349998 57.865002 56.689999 57.759998 7617300 49.728355
2018-09-12 58.23 59.529999 57.799999 59.119999 6699000 50.899242
2018-09-13 59.25 59.91 58.900002 59.490002 5891500 51.217796
2018-09-14 59.299999 59.359001 58.599998 58.970001 3953700 50.770103
2018-09-17 58.02 58.490002 57.700001 58.349998 7494000 50.236313
2018-09-18 57.849998 58.049999 56.380001 57.099998 7285100 49.160126
2018-09-19 57.32 57.450001 56.82 56.889999 5079400 48.979328
2018-09-20 57.279999 57.944 57.220001 57.57 5364600 49.564781
2018-09-21 57.93 57.939999 57.049999 57.119999 11543500 49.177345
2018-09-24 57 57.299999 56.235001 56.52 4729000 48.660778
2018-09-25 56.650002 56.842999 55.599998 55.66 3813200 47.920364
2018-09-26 55.91 55.919998 55.07 55.169998 5436500 47.498497
2018-09-27 55.110001 55.775002 54.32 55.040001 7881900 47.386581
2018-09-28 54.98 55.439999 54.400002 55.110001 6505300 47.446842
2018-10-01 55.490002 55.935001 55.224998 55.540001 6208700 47.817051
2018-10-02 55.57 56.290001 55.459999 55.93 3930000 48.152828
2018-10-03 56.07 56.5 55.380001 55.599998 5395100 47.868706
2018-10-04 55.450001 55.880001 55.139999 55.52 4349500 47.799831
2018-10-05 55.700001 56.040001 55.23 55.889999 4163400 48.118389
2018-10-08 55.849998 57.310001 55.849998 57.060001 6060700 49.125698
2018-10-09 57.299999 57.48 55.59 56.07 8535700 48.273346
2018-10-10 55.810001 57.029999 55.73 55.740002 7799600 47.989243
2018-10-11 55.970001 56.23 53.57 53.82 9593800 46.33622
2018-10-12 53.939999 54.43 53.029999 54.240002 9452500 46.697823
2018-10-15 54.049999 54.959999 54.049999 54.470001 4829800 46.895832
2018-10-16 54.709999 55.66 54.490002 55.439999 4813700 47.730957
2018-10-17 55.41 57.02 55.299999 56.400002 7094000 48.557465
2018-10-18 56.41 56.919998 55.43 55.540001 6075400 47.817051
2018-10-19 56.150002 57.755001 56.099998 57.560001 8880700 49.556168
2018-10-22 57.66 58.080002 56.09 56.209999 7390000 48.393879
2018-10-23 56.200001 56.861 55.529999 56.599998 6429000 48.729656
2018-10-24 56.419998 57.380001 55.705002 55.779999 5833800 48.023682
2018-10-25 55.759998 56.540001 55.34 55.98 5712800 48.195866
2018-10-26 55.509998 55.580002 54.299999 54.650002 6480000 47.050812
2018-10-29 55.169998 56.110001 54.720001 55.52 6301400 47.799831
2018-10-30 55.619999 56.43 55.330002 55.849998 6015500 48.083946
2018-10-31 55.5 55.544998 53.77 54.970001 8888100 47.326313
2018-11-01 55.130001 56.5 54.610001 56.200001 7427700 48.385277
2018-11-02 52.25 52.52 50.410999 50.73 22310600 43.675888
2018-11-05 51.07 53 51.040001 52.389999 10481500 45.105064
2018-11-06 52.77 53.720001 52.43 53.459999 6724000 46.026276
2018-11-07 53.849998 54.029999 52.900002 53.549999 5379400 46.103756
2018-11-08 53.25 53.599998 52.939999 53.310001 5031800 45.897137
2018-11-09 53.360001 54.145 53.07 53.990002 5712700 46.482582
2018-11-12 54.029999 54.869999 53.509998 53.669998 5540900 46.207081
2018-11-13 53.75 54.27 52.98 53.380001 5511400 45.957401
2018-11-14 53.43 53.560001 52.169998 52.639999 5601600 45.320293
2018-11-15 52 52.27 51.450001 51.990002 6902900 45.298523
2018-11-16 52.009998 52.900002 51.77 52.080002 11005000 45.376934
2018-11-19 51.970001 52.740002 51.73 51.889999 6378100 45.211395
2018-11-20 52.049999 52.365002 50.709999 50.939999 5967000 44.383663
2018-11-21 51.029999 51.48 50.720001 51.16 4154900 44.575344
2018-11-23 51.029999 51.5 50.830002 51.040001 2018700 44.470791
2018-11-26 51.560001 51.720001 50.950001 51.07 4527200 44.496933
2018-11-27 50.93 51.855 50.584999 51.799999 5269200 45.132973
2018-11-28 51.32 51.41 50.619999 51.18 6212700 44.592777
2018-11-29 50.959999 51.654999 50.830002 51.189999 4840300 44.601482
2018-11-30 51.110001 51.290001 50.779999 51.119999 6402800 44.540497
2018-12-03 51.400002 51.66 50.880001 51.419998 5849600 44.80188
2018-12-04 51.400002 51.689999 49.860001 49.98 6460000 43.547215
2018-12-06 50 50.23 48.52 49.52 8413300 43.146423
2018-12-07 49.400002 49.945 48.514999 48.709999 5152600 42.440674
2018-12-10 48.860001 49 47.189999 48.27 7708700 42.057316
2018-12-11 48.709999 49.310001 48.130001 48.380001 6550200 42.153156
2018-12-12 48.950001 49.169998 48.23 48.259998 7351700 42.048595
2018-12-13 48.369999 48.632 48 48.470001 4683500 42.231567
2018-12-14 48.360001 48.450001 47.374001 47.459999 5653400 41.351563
2018-12-17 47.5 47.985001 46.369999 46.82 7994300 40.793934
2018-12-18 46.98 47.240002 45.880001 46.150002 7852600 40.210171
2018-12-19 46.5 46.880001 44.869999 45.09 11399300 39.286598
2018-12-20 45.080002 45.48 44.419998 44.849998 11469400 39.077492
2018-12-21 45.049999 45.900002 43.945999 44.049999 13230600 38.380455
2018-12-24 44.060001 44.220001 42.439999 42.540001 5241100 37.064804
2018-12-26 42.66 43.290001 41.599998 43.290001 9547100 37.718266
2018-12-27 43.220001 43.790001 42.279999 43.759998 9022000 38.127773
2018-12-28 43.889999 44.549999 43.389999 43.57 8321800 37.962234
2018-12-31 42.91 43.419998 42.34 43.040001 9206000 37.500446
2019-01-02 42.75 43.720001 42.285 43.34 6417800 37.761837
2019-01-03 43.150002 43.880001 42.98 43.310001 7613500 37.735703
2019-01-04 44.080002 44.639999 43.5 44.490002 6452600 38.763828
2019-01-07 44.490002 45.709999 44.009998 45.330002 6711400 39.495712
2019-01-08 45.610001 45.734001 45.040001 45.369999 8308100 39.530563
2019-01-09 45.310001 45.470001 44.77 45.130001 6628800 39.321453
2019-01-10 45.150002 45.669998 44.790001 45.599998 6153000 39.730957
2019-01-11 45.790001 45.868 44.785 45.610001 4879400 39.739674
2019-01-14 45.57 46.419998 45.439999 46.25 7977200 40.297295
2019-01-15 46.66 46.919998 46.240002 46.91 6086900 40.872349
2019-01-16 47 47.34 46.639999 46.84 8449400 40.811363
2019-01-17 46.919998 47.099998 46.310001 47.080002 7363900 41.020473
2019-01-18 47.419998 47.799999 47 47.529999 6141000 41.412548
2019-01-22 47.84 47.900002 46.509998 47.279999 6959800 41.194721
2019-01-23 47.529999 47.700001 46.580002 47.060001 5213900 41.003048
2019-01-24 46.580002 47.075001 46.400002 46.540001 6063000 40.549973
2019-01-25 46.84 47.240002 46.66 46.75 5422000 40.732948
2019-01-28 46.779999 47.110001 46.060001 46.900002 6545800 40.86364
2019-01-29 47.040001 47.259998 46.41 46.880001 4440500 40.846207
2019-01-30 47 47.139999 46.52 46.75 5414300 40.732948
2019-01-31 46.970001 48.099998 46.939999 48.060001 8319600 41.874336
2019-02-01 48.139999 48.240002 47.525002 47.759998 4740200 41.612946
2019-02-04 47.82 47.98 47.389999 47.73 6251500 41.586815
2019-02-05 47.619999 48.16 47.459999 48.139999 6145700 41.944038
2019-02-06 47.950001 48.07 47.485001 47.689999 5012400 41.55196
2019-02-07 47.07 47.693001 46.82 47.23 9556900 41.151161
2019-02-08 47.200001 47.48 46.639999 47.459999 5278600 41.351563
2019-02-11 47.5 47.75 46.880001 47.330002 5152500 41.2383
2019-02-12 47.59 48.470001 47.5 48.110001 5363900 41.917904
2019-02-13 48.310001 48.419998 47.610001 47.639999 6021400 41.508389
2019-02-14 47.48 47.66 46.889999 47.34 4390000 41.247009
2019-02-15 47.82 48.09 47.34 47.619999 5758800 41.490971
2019-02-19 47.82 48.380001 47.630001 47.77 7443900 41.621662
2019-02-20 47.900002 48.5 47.630001 48.259998 7048900 42.048595
2019-02-21 48.389999 48.66 47.849998 48.18 10117900 41.978893
2019-02-22 35.849998 36 34.509998 34.950001 135204800 30.451696
2019-02-25 35 35.419998 34.060001 34.23 47394300 29.824356
2019-02-26 34.240002 34.509998 33.040001 33.119999 36361600 28.85722
2019-02-27 33.150002 33.25 32.049999 32.200001 28284100 28.055634
2019-02-28 32.419998 33.639999 31.82 33.189999 39658300 28.918211
2019-03-01 33.41 33.490002 32.349998 32.400002 20796800 28.229895
2019-03-04 32.900002 33.549999 32.77 33.23 19256700 28.95306
2019-03-05 33.380001 33.389999 32.66 33.040001 13556300 28.787518
2019-03-06 33.130001 33.200001 32.75 32.860001 8978600 28.630688
2019-03-07 32.630001 32.630001 31.809999 31.889999 15205600 28.127928
2019-03-08 31.690001 32.299999 31.6 32.099998 12460800 28.313152
2019-03-11 31.99 32.189999 31.650999 32.169998 12449900 28.374895
2019-03-12 32.200001 32.419998 31.856001 31.99 10361500 28.216133
2019-03-13 32.07 32.310001 31.9 32.299999 8688600 28.489563
2019-03-14 32.34 32.5 31.85 31.870001 8199900 28.110291
2019-03-15 31.950001 32.220001 31.65 32.09 16516500 28.304335
2019-03-18 31.799999 32.099998 31.530001 32.029999 13719500 28.251413
2019-03-19 31.969999 32.48 31.879999 32.130001 10194500 28.339619
2019-03-20 32.099998 32.18 31.74 32.02 10093500 28.242594
2019-03-21 32.040001 32.849998 31.92 32.75 11186100 28.886473
2019-03-22 32.830002 32.849998 32.189999 32.290001 12098300 28.480742
2019-03-25 32.27 32.540001 32.029999 32.5 7663500 28.66597
2019-03-26 32.540001 33.049999 32.509998 32.900002 7464000 29.018782
2019-03-27 32.900002 33.189999 32.41 32.639999 8391900 28.789452
2019-03-28 32.700001 33.029999 32.68 32.889999 6537800 29.00996
2019-03-29 32.669998 33.049999 32.549999 32.650002 8130000 28.798273
2019-04-01 32.799999 32.98 32.415001 32.5 7969100 28.66597
2019-04-02 32.560001 32.73 32.02 32.080002 9344000 28.295515
2019-04-03 32.240002 32.360001 32.02 32.25 8430300 28.445463
2019-04-04 32.299999 32.790001 32.110001 32.689999 7574200 28.833555
2019-04-05 32.689999 33.200001 32.619999 33.169998 8852400 29.256927
2019-04-08 33.23 33.369999 32.959999 33.189999 6571100 29.274567
2019-04-09 33.16 33.23 32.849998 32.950001 6398800 29.06288
2019-04-10 32.98 33.07 32.700001 32.98 6323800 29.089342
2019-04-11 33.080002 33.195 32.799999 32.990002 6022200 29.098166
2019-04-12 33.119999 33.32 32.91 33.07 5278400 29.168724
2019-04-15 33.09 33.18 32.84 33.139999 5232900 29.230467
2019-04-16 33.07 33.5 33.009998 33.040001 4618200 29.142263
2019-04-17 33.049999 33.110001 32.849998 32.889999 6532700 29.00996
2019-04-18 33.02 33.080002 32.849998 32.959999 6834200 29.071701
2019-04-22 33.529999 33.779999 32.810001 32.900002 10441400 29.018782
2019-04-23 32.93 33.174999 32.849998 33.099998 9615900 29.195189
2019-04-24 32.860001 32.900002 32.328999 32.759998 8443100 28.895292
2019-04-25 32.669998 32.740002 32.439999 32.52 6196300 28.683609
2019-04-26 32.700001 33.099998 32.575001 33.060001 6908200 29.159908
2019-04-29 33.16 33.326 33.029999 33.27 5963400 29.345133
2019-04-30 33.310001 33.470001 33.060001 33.240002 9695000 29.318672
2019-05-01 33.200001 33.57 32.93 32.990002 7402700 29.098166
2019-05-02 32.700001 32.830002 31.82 32.18 12276800 28.38372
2019-05-03 32.349998 32.66 32.035 32.580002 6995800 28.736528
2019-05-06 32.349998 32.939999 32.310001 32.77 10303800 28.904116
2019-05-07 32.630001 32.959999 32.200001 32.5 8719100 28.66597
2019-05-08 32.5 32.619999 32.259998 32.43 5778600 28.604229
2019-05-09 32.299999 32.639999 31.969999 32.580002 6838900 28.736528
2019-05-10 32.560001 32.73 31.67 32.650002 9250000 28.798273
2019-05-13 32.290001 32.43 31.82 31.969999 7944100 28.19849
2019-05-14 32.080002 32.400002 31.98 32.27 7267300 28.4631
2019-05-15 32.200001 32.439999 31.860001 32.400002 5744000 28.577768
2019-05-16 32.369999 32.73 32.290001 32.459999 5135600 28.630688
2019-05-17 32.41 32.869999 32.205002 32.529999 5852500 28.692429
2019-05-20 32.32 32.360001 31.639999 31.790001 9077200 28.039726
2019-05-21 31.92 32.18 31.530001 31.98 6531900 28.207312
2019-05-22 31.98 32.110001 31.705 31.879999 6141600 28.119108
2019-05-23 31.709999 31.76 31.200001 31.450001 7162100 27.739838
2019-05-24 31.620001 31.73 31.030001 31.110001 8283900 27.439947
2019-05-28 31.1 31.120001 29.01 29.059999 24476400 25.631786
2019-05-29 28.889999 28.950001 28.43 28.68 13150600 25.296616
2019-05-30 28.280001 28.309999 27.25 27.4 15970500 24.509449
2019-05-31 27.27 27.68 26.959999 27.65 10453400 24.733078
2019-06-03 27.68 28.49 27.67 28.42 12485500 25.421844
2019-06-04 28.49 28.732 28.4 28.67 11999700 25.645473
2019-06-05 28.85 28.85 28.27 28.469999 12103200 25.46657
2019-06-06 28.440001 28.639999 28.17 28.620001 9267400 25.600748
2019-06-07 28.700001 28.950001 28.610001 28.74 11638400 25.708086
2019-06-10 30.1 30.5 29.85 30.309999 24143900 27.112457
2019-06-11 30.299999 30.35 29.799999 30.24 17107800 27.049843
2019-06-12 30.209999 30.370001 29.969999 30.129999 13485300 26.951448
2019-06-13 30.1 30.68 30.1 30.41 10592300 27.201914
2019-06-14 30.49 30.530001 29.98 30.309999 11839700 27.112457
2019-06-17 30.370001 30.434999 30.120001 30.17 7957600 26.98723
2019-06-18 30.43 30.49 30.120001 30.27 10298700 27.076679
2019-06-19 30.17 31.004999 30.110001 30.959999 11185600 27.693884
2019-06-20 31.15 31.365 30.92 31.129999 8706200 27.845957
2019-06-21 31.110001 31.5 30.791 31.48 12099000 28.159033
2019-06-24 31.34 31.48 30.485001 30.52 10618400 27.300308
2019-06-25 30.389999 30.85 30.353001 30.68 7514700 27.443426
2019-06-26 30.41 30.950001 30.16 30.84 7541900 27.586546
2019-06-27 30.68 30.83 30.549999 30.77 5051500 27.523932
2019-06-28 30.9 31.07 30.68 31.040001 7589100 27.765451
2019-07-01 31.26 31.440001 30.33 30.459999 8090900 27.246635
2019-07-02 30.43 30.639999 30.23 30.52 8013900 27.300308
2019-07-03 30.84 31.33 30.638 31.25 7003100 27.953293
2019-07-05 31.209999 31.215 30.524 30.99 5234200 27.720724
2019-07-08 30.99 31.049999 30.58 30.690001 4360000 27.452372
2019-07-09 30.6 30.809999 30.434999 30.5 5011400 27.282413
2019-07-10 30.6 31.35 30.58 31.299999 6607400 27.99802
2019-07-11 31.43 31.58 30.610001 30.65 5846400 27.416592
2019-07-12 30.65 30.92 30.549999 30.799999 4348200 27.550764
2019-07-15 30.870001 30.92 30.559999 30.68 4572400 27.443426
2019-07-16 30.68 30.745001 30.24 30.32 4747100 27.121405
2019-07-17 30.389999 30.52 30.26 30.440001 3901500 27.228746
2019-07-18 30.440001 31.145 30.353001 31.049999 6940700 27.774395
2019-07-19 30.98 31.719999 30.76 31.540001 9416200 28.212704
2019-07-22 31.58 31.84 31.309999 31.49 7678900 28.167976
2019-07-23 31.51 32.389999 31.450001 31.950001 6696300 28.579449
2019-07-24 31.940001 32.080002 31.58 32.07 7024400 28.686794
2019-07-25 31.809999 32.18 31.334999 31.549999 5788100 28.221647
2019-07-26 31.67 31.950001 31.440001 31.85 3745800 28.490002
2019-07-29 31.9 31.965 31.549999 31.76 4465100 28.409492
2019-07-30 31.629999 31.860001 31.309999 31.84 4082000 28.481056
2019-07-31 31.870001 32.259998 31.465 32.009998 10875600 28.633118
2019-08-01 32.099998 33.25 31.629999 32.529999 10753300 29.098259
2019-08-02 32.619999 32.689999 31.790001 32.209999 5842700 28.812019
2019-08-05 31.77 31.940001 31.219999 31.440001 9686200 28.123249
2019-08-06 31.440001 31.5 30.549999 30.58 8156700 27.353975
2019-08-07 30.530001 31 29.49 30.870001 10723200 27.613382
2019-08-08 26.73 28.24 26.049999 28.219999 44732500 25.242943
2019-08-09 27.639999 27.790001 26.440001 26.5 19596000 23.704397
2019-08-12 26.5 26.6 25.74 26.290001 14772300 23.516548
2019-08-13 26.120001 26.666 25.950001 25.959999 16317800 23.221361
2019-08-14 25.85 26.280001 25.190001 25.52 14678700 22.827784
2019-08-15 25.5 25.577999 24.885 25.059999 9911700 22.416306
2019-08-16 25.200001 25.65 25.101 25.41 9915600 22.729382
2019-08-19 25.700001 25.870001 25.440001 25.709999 6874800 22.997736
2019-08-20 25.280001 25.41 25.09 25.139999 6652700 22.843267
2019-08-21 25.17 25.469999 25.030001 25.27 5564900 22.961391
2019-08-22 25.290001 25.719999 25.219999 25.620001 7445200 23.279417
2019-08-23 25.610001 25.85 25.26 25.33 7904100 23.015907
2019-08-26 25.530001 25.655001 25.25 25.58 7259600 23.243069
2019-08-27 25.58 25.6 24.98 25 7210900 22.716055
2019-08-28 24.959999 25.27 24.860001 25.17 4094100 22.870525
2019-08-29 25.41 25.559999 25.299999 25.33 5963500 23.015907
2019-08-30 25.530001 25.809999 25.41 25.52 6646600 23.188549
2019-09-03 25.42 26.139999 25.219999 26.059999 8199000 23.679216
2019-09-04 26.26 26.360001 25.91 26.26 6442900 23.860945
2019-09-05 26.360001 27 26.360001 26.59 7322500 24.160797
2019-09-06 26.67 27.459999 26.459999 27.280001 10224700 24.78776
2019-09-09 27.32 28.16 27.25 28.08 9061200 25.514673
2019-09-10 28.1 28.969999 28.08 28.959999 8596700 26.31428
2019-09-11 29.110001 29.68 28.780001 29.280001 10297200 26.605045
2019-09-12 29.57 29.709999 28.98 29.030001 7024000 26.377886
2019-09-13 29.190001 29.485001 29.07 29.25 5371500 26.577785
2019-09-16 29.129999 29.76 29.07 29.620001 6108700 26.913986
2019-09-17 28.49 28.719999 28.24 28.360001 25364700 25.769093
2019-09-18 28.299999 28.559999 28.1 28.41 9318700 25.814528
2019-09-19 28.4 28.5 28.040001 28.15 8174500 25.578279
2019-09-20 28.110001 28.469999 28.02 28.139999 8794700 25.569191
2019-09-23 28.200001 28.280001 27.924999 28.200001 8673100 25.623713
2019-09-24 28.209999 28.26 27.684999 27.93 7334900 25.378378
2019-09-25 27.98 28.200001 27.868999 28.139999 5874100 25.569191
2019-09-26 28.200001 28.290001 27.889999 28.01 6775800 25.451067
2019-09-27 28.1 28.23 27.705 27.84 5192400 25.2966
2019-09-30 27.889999 28.02 27.620001 27.934999 4796200 25.382919
2019-10-01 27.93 28 27.219999 27.34 4771700 24.842279
2019-10-02 27.209999 27.24 26.27 26.549999 7133100 24.124451
2019-10-03 26.49 26.559999 25.969999 26.540001 5414000 24.115366
2019-10-04 26.530001 27 26.41 26.975 3582200 24.510624
2019-10-07 27.030001 27.184999 26.719999 26.940001 4042400 24.478823
2019-10-08 26.879999 27 26.530001 26.709999 5536500 24.269833
2019-10-09 26.870001 26.92 26.535 26.73 3759900 24.288008
2019-10-10 26.790001 27.066999 26.715 26.940001 3611200 24.478823
2019-10-11 27.030001 27.32 26.969999 27.08 9311700 24.606031
2019-10-14 27.08 27.395 26.785 27.32 4037800 24.824104
2019-10-15 27.299999 27.620001 27.103001 27.49 5021500 24.978573
2019-10-16 27.52 27.82 27.385 27.440001 4074600 24.933147
2019-10-17 27.5 27.82 27.280001 27.77 4333100 25.232996
2019-10-18 27.83 28.165001 27.6 27.610001 5437000 25.087614
2019-10-21 27.610001 28.02 27.41 27.809999 5091700 25.269337
2019-10-22 27.83 28.57 27.530001 28.5 6029900 25.896301
2019-10-23 28.469999 28.610001 28.07 28.610001 6883900 25.996258
2019-10-24 28.629999 28.631001 28.120001 28.450001 5071700 25.850874
2019-10-25 28.42 28.584999 28.209999 28.379999 3981700 25.787268
2019-10-28 28.360001 28.48 28.129999 28.370001 5500300 25.778181
2019-10-29 28.370001 28.4 28.035 28.139999 6071300 25.569191
2019-10-30 28.1 28.68 27.940001 28.5 9601500 25.896301
2019-10-31 30.09 32.463001 28.5 32.330002 38732500 29.376404
2019-11-01 32.119999 33.380001 32.119999 32.610001 15048800 29.630825
2019-11-04 32.900002 33.41 32.740002 33.330002 9696400 30.285048
2019-11-05 33.290001 33.290001 32.380001 32.91 7719900 29.903418
2019-11-06 33.139999 33.43 32.970001 33.139999 7070300 30.112404
2019-11-07 33.169998 33.25 32.48 32.720001 5570100 29.730778
2019-11-08 32.759998 32.91 32.5 32.849998 4422700 29.848896
2019-11-11 32.889999 32.889999 32.575001 32.759998 3763900 29.76712
2019-11-12 32.709999 33.220001 32.580002 32.98 5993200 29.967018
2019-11-13 32.869999 33.419998 32.715 33.299999 5227000 30.257784
2019-11-14 32.490002 32.490002 30.610001 30.959999 14509400 28.473587
2019-11-15 30.959999 31.5 30.92 31.299999 6952100 28.786282
2019-11-18 31.24 31.299999 30.41 31.01 7257300 28.519571
2019-11-19 31.110001 31.493 31.030001 31.299999 6661500 28.786282
2019-11-20 31.15 31.440001 30.959999 31.09 5271400 28.593147
2019-11-21 31 31 30.16 30.24 8815000 27.811411
2019-11-22 30.35 30.639999 30.219999 30.540001 4664400 28.087318
2019-11-25 30.620001 31.129999 30.395 31.059999 7140600 28.565557
2019-11-26 31.200001 31.25 30.280001 30.469999 8846200 28.02294
2019-11-27 30.709999 30.85 30.325001 30.370001 4407500 27.930971
2019-11-29 30.32 30.559999 30.16 30.5 2442200 28.050531
2019-12-02 30.5 30.955 30.33 30.950001 5816500 28.464392
2019-12-03 30.83 30.9 30.469999 30.799999 5573200 28.326435
2019-12-04 30.790001 31.280001 30.75 31.030001 5448200 28.537968
2019-12-05 31.280001 31.68 31.09 31.25 4606300 28.740297
2019-12-06 31.280001 31.35 30.950001 31.09 6496100 28.593147
2019-12-09 31.24 32.240002 31.139999 31.93 8128000 29.365686
2019-12-10 32.049999 32.23 31.82 31.879999 5544500 29.319702
2019-12-11 31.940001 32.125 31.59 31.6 5443200 29.062189
2019-12-12 31.65 32.130001 31.620001 31.940001 5689800 29.374886
2019-12-13 32 32.119999 31.409 31.6 5174500 29.062189
2019-12-16 31.76 32 31.549999 31.74 4744400 29.190945
2019-12-17 31.690001 31.784 31.355 31.620001 6137700 29.080584
2019-12-18 31.700001 31.9 31.624001 31.75 6317600 29.200144
2019-12-19 31.860001 32.110001 31.610001 31.9 7941000 29.338095
2019-12-20 32.029999 32.25 31.780001 32.220001 12601700 29.632399
2019-12-23 32.200001 32.299999 31.82 31.92 6822800 29.356491
2019-12-24 31.93 32.080002 31.865 31.98 1594400 29.411671
2019-12-26 31.950001 31.98 31.5 31.629999 3957800 29.089781
2019-12-27 31.719999 31.885 31.530001 31.620001 4089700 29.080584
2019-12-30 31.67 31.809999 31.559999 31.709999 3856500 29.163357
2019-12-31 31.700001 32.314999 31.540001 32.130001 6069400 29.549625
2020-01-02 32.290001 32.419998 31.5 31.610001 6008700 29.071384
2020-01-03 31.5 31.65 31.219999 31.24 5012700 28.731102
2020-01-06 31.17 31.469999 30.9 31.309999 4714700 28.795477
2020-01-07 31.25 31.285 30.51 30.76 7165700 28.289652
2020-01-08 30.74 30.940001 30.35 30.59 5802900 28.133305
2020-01-09 30.67 30.690001 29.940001 30.58 8938400 28.124107
2020-01-10 30.59 30.874001 30.57 30.700001 4578200 28.234472
2020-01-13 30.91 31.174999 30.700001 31.16 4269100 28.657526
2020-01-14 31.129999 31.75 31.120001 31.73 6794100 29.181749
2020-01-15 31.690001 31.959999 31.540001 31.6 4243700 29.062189
2020-01-16 31.700001 32.02 31.65 31.73 3950400 29.181749
2020-01-17 31.799999 31.860001 30.950001 31.030001 6645600 28.537968
2020-01-21 30.959999 31.120001 30.405001 31.01 7106600 28.519571
2020-01-22 31.08 31.084 30.5 30.67 4535000 28.206879
2020-01-23 30.530001 30.790001 30.34 30.68 4280600 28.216078
2020-01-24 30.700001 30.725 30.09 30.41 5951500 27.96776
2020-01-27 30.15 30.475 29.855 30.35 5806100 27.912579
2020-01-28 30.450001 30.67 30.084999 30.129999 5645000 27.710243
2020-01-29 30.110001 30.110001 29.594999 29.620001 9042600 27.241205
2020-01-30 29.610001 29.99 29.27 29.940001 6169800 27.535505
2020-01-31 29.9 29.92 29.035 29.200001 8211800 26.854935
2020-02-03 29.200001 29.379999 28.92 29.15 6305700 26.80895
2020-02-04 29.5 29.620001 29.09 29.15 7607100 26.80895
2020-02-05 29.360001 29.950001 29.110001 29.370001 9092800 27.011282
2020-02-06 29.32 29.6 28.92 29.059999 6544800 26.726177
2020-02-07 28.959999 30.299999 28.709999 29.540001 13268800 27.167629
2020-02-10 29.65 29.85 29.4 29.690001 5775800 27.305582
2020-02-11 29.889999 30.15 29.620001 30.01 7123300 27.599884
2020-02-12 30.17 30.549999 29.945 30.040001 8096300 27.627476
2020-02-13 29.115999 29.23 27.360001 27.77 37333600 25.53978
2020-02-14 27.85 27.92 26.459999 26.879999 23915700 24.721256
2020-02-18 26.77 27.450001 26.299999 27.33 16772400 25.135115
2020-02-19 27.360001 27.452999 27.110001 27.309999 7947900 25.116718
2020-02-20 27.27 27.778 27.15 27.42 7005900 25.217888
2020-02-21 27.200001 27.51 27.17 27.26 6716800 25.070738
2020-02-24 26.959999 27.139999 26.26 26.629999 12622200 24.491331
2020-02-25 26.620001 26.700001 25.75 26.07 11732200 23.976307
2020-02-26 26.23 26.24 25.360001 25.639999 11768200 23.580841
2020-02-27 25.379999 25.49 24.76 24.969999 14102800 22.964647
2020-02-28 24.549999 24.809999 24.01 24.77 16274100 22.780712
2020-03-02 24.75 26.08 24.57 26.07 14470800 23.976307
2020-03-03 26 26.52 25.254999 25.5 11011400 23.452084
2020-03-04 25.93 26.48 25.6 26.450001 8588100 24.325792
2020-03-05 25.83 26.75 25.73 26.65 12581900 24.509727
2020-03-06 25.66 26.389999 25.620001 26.030001 8694600 23.93952
2020-03-09 24.08 24.700001 23.67 23.959999 16231400 22.035761
2020-03-10 24.67 24.889999 23.49 24.5 12339200 22.532393
2020-03-11 23.91 24.24 23.305 23.66 11763400 21.759853
2020-03-12 21.9 22.07 20.040001 20.059999 15386400 18.766235
2020-03-13 21.24 23.99 20.700001 23.969999 15014300 22.424063
2020-03-16 20.9 23.57 19.99 22.02 14821500 20.599831
2020-03-17 22.209999 23.91 20.84 23.83 12594400 22.293093
2020-03-18 22.34 24 21.927999 23.690001 11805700 22.162121
2020-03-19 23.16 23.559999 21.92 22.280001 12585300 20.84306
2020-03-20 22.450001 23.24 21.780001 22.280001 12908300 20.84306
2020-03-23 22.290001 23.299999 20.67 20.77 14829300 19.430447
2020-03-24 21.790001 23.365 21.530001 22.99 11706200 21.507267
2020-03-25 23.389999 24.32 22.879999 22.959999 15683100 21.479202
2020-03-26 23.24 27.379999 22.98 24.77 12900700 23.172468
2020-03-27 24 25.18 23.610001 24.24 8529400 22.676649
2020-03-30 24.639999 25.299999 24.040001 25.17 8008400 23.546669
2020-03-31 25.110001 25.49 24.395 24.74 7037500 23.144403
2020-04-01 24.02 24.385 23.5 23.68 6098600 22.152767
2020-04-02 23.48 24.790001 23.360001 24.639999 7376700 23.050854
2020-04-03 24.389999 25.475 24.389999 25.32 9217500 23.686993
2020-04-06 26 26.120001 25.559999 25.91 7757500 24.238943
2020-04-07 26.969999 27.48 26.040001 26.610001 12177900 24.893795
2020-04-08 26.75 27.5 26.610001 27.32 7458600 25.558002
2020-04-09 27.35 28.495001 27.35 28.110001 11111900 26.297056
2020-04-13 27.9 28.174999 27.34 27.93 6711500 26.128664
2020-04-14 28.09 28.674999 27.93 28.450001 6668600 26.615128
2020-04-15 28 28.09 27.41 28.049999 6209600 26.240925
2020-04-16 28.5 29.41 28.200001 29.23 9266000 27.344818
2020-04-17 29.120001 29.49 28.645 29.33 8131600 27.43837
2020-04-20 28.98 29.799999 28.879999 29.17 6184200 27.288691
2020-04-21 28.93 29.129999 28.309999 28.469999 6143300 26.633835
2020-04-22 28.83 28.940001 28.450001 28.76 4636800 26.905136
2020-04-23 28.620001 29.049999 28.459999 28.530001 4418300 26.689966
2020-04-24 28.59 29.334999 28.59 29.23 7272300 27.344818
2020-04-27 29.5 30.25 29.35 30.190001 7071600 28.242907
2020-04-28 30.48 30.77 30.055 30.43 6920900 28.467428
2020-04-29 30.540001 31.035 30.17 30.530001 7681100 28.56098
2020-04-30 30.129999 30.889999 29.530001 30.33 10035200 28.373877
2020-05-01 29.99 30.24 29.15 29.379999 6200700 27.485144
2020-05-04 29.139999 29.24 28.450001 28.93 6662800 27.064171
2020-05-05 29 29.485001 28.860001 28.940001 7385600 27.073526
2020-05-06 29.139999 29.57 28.879999 29.4 6164200 27.503857
2020-05-07 29.58 29.719999 28.73 28.83 4934300 26.970619
2020-05-08 29.09 29.665001 28.93 29.559999 5295900 27.653538
2020-05-11 29.309999 29.575001 29.26 29.33 3929600 27.43837
2020-05-12 29.34 29.780001 29.34 29.379999 4700200 27.485144
2020-05-13 29.440001 29.52 28.48 28.76 6637400 26.905136
2020-05-14 28.5 28.934999 28.120001 28.799999 4866400 26.942553
2020-05-15 28.709999 29.32 28.559999 29.200001 5349400 27.316757
2020-05-18 30.059999 31.139999 29.950001 30.870001 12870200 28.879051
2020-05-19 30.82 30.93 29.9 29.91 6538500 27.980965
2020-05-20 30.15 30.48 29.98 30.24 4609500 28.289682
2020-05-21 30.059999 30.110001 29.59 29.709999 4170800 27.793863
2020-05-22 29.57 29.99 29.559999 29.950001 3283400 28.018385
2020-05-26 30.360001 30.735001 30.139999 30.215 5977800 28.266294
2020-05-27 30.360001 31.059999 30.27 31.030001 5170600 29.028732
2020-05-28 30.620001 30.75 30.26 30.389999 3709900 28.801277
2020-05-29 30.27 30.59 29.77 30.469999 6855800 28.877094
2020-06-01 30.5 30.780001 30.32 30.424999 5396200 28.834448
2020-06-02 30.49 31.459999 30.42 31.43 7215400 29.786909
2020-06-03 31.5 31.83 31.280001 31.309999 5623100 29.67318
2020-06-04 30.974001 31.5 30.82 31.49 6157000 29.843771
2020-06-05 31.73 32.639999 31.690001 32.619999 19534500 30.914698
2020-06-08 32.540001 34 32.509998 33.970001 11939500 32.194126
2020-06-09 33.299999 33.5 32.740002 33.099998 5874900 31.369606
2020-06-10 33.09 33.189999 32.400002 32.5 5541200 30.800968
2020-06-11 31.719999 31.91 31.139999 31.18 6965100 29.549976
2020-06-12 31.790001 31.98 31.23 31.799999 5437100 30.137566
2020-06-15 31.26 32.119999 30.99 32.119999 5008100 30.440836
2020-06-16 32.580002 32.900002 32.02 32.73 5833900 31.018948
2020-06-17 32.919998 33.380001 32.759998 32.799999 5047600 31.085287
2020-06-18 32.610001 33.200001 32.5 33.18 3839700 31.445419
2020-06-19 33.25 33.700001 33.07 33.48 9231500 31.72974
2020-06-22 33.07 33.369999 32.799999 33.150002 6773000 31.416992
2020-06-23 33.200001 33.376999 32.305 32.400002 7113900 30.706202
2020-06-24 32.25 32.314999 31.67 32.130001 5962600 30.450315
2020-06-25 31.950001 32.07 31.51 31.879999 4871100 30.213383
2020-06-26 31.889999 31.889999 30.799999 30.9 7293900 29.284616
2020-06-29 31 31.709999 31 31.639999 5010500 29.985928
2020-06-30 31.639999 32.049999 31.499001 31.889999 5854100 30.22286
2020-07-01 31.93 32.029999 31.485001 31.67 4482300 30.01436
2020-07-02 31.950001 32.209999 31.73 31.809999 4284800 30.147043
2020-07-06 32.080002 32.34 31.85 32 4839400 30.32711
2020-07-07 31.790001 32.275002 31.780001 32.049999 5106400 30.374495
2020-07-08 32.040001 32.16 31.48 31.860001 3668400 30.194429
2020-07-09 31.639999 31.754999 31.16 31.370001 3731700 29.730047
2020-07-10 31.35 32.310001 31.35 32.279999 5302700 30.59247
2020-07-13 32.509998 32.950001 32.18 32.509998 6236300 30.810444
2020-07-14 32.299999 33.435001 32.279999 33.310001 7868100 31.568626
2020-07-15 33.5 33.5 33.049999 33.150002 5105700 31.416992
2020-07-16 33.57 34.689999 33.439999 34.400002 9726600 32.601643
2020-07-17 34.610001 35.189999 34.369999 35.009998 8461100 33.179756
2020-07-20 34.919998 34.919998 33.91 34.119999 6514800 32.336285
2020-07-21 34.360001 34.889999 34.27 34.529999 5001900 32.724842
2020-07-22 34.650002 34.959999 34.279999 34.900002 4020100 33.075508
2020-07-23 34.650002 35.130001 34.27 34.860001 6103800 33.037598
2020-07-24 34.900002 35.25 34.511002 34.68 4331400 32.867004
2020-07-27 34.669998 34.888 34.490002 34.84 4244500 33.018642
2020-07-28 34.759998 35.389999 34.759998 35.25 6037400 33.407204
2020-07-29 35.549999 35.869999 35.400002 35.57 6796300 33.710476
2020-07-30 35.063 35.5 33.360001 34.389999 12148600 32.592167
2020-07-31 34.119999 34.830002 33.830002 34.380001 11208900 32.582687
2020-08-03 34.473999 35.049999 34.25 34.790001 6207300 32.971256
2020-08-04 34.790001 35.139999 34.380001 35.080002 6284300 33.246094
2020-08-05 35.150002 35.23 34.650002 34.779999 3966300 32.961777
2020-08-06 34.84 35.330002 34.669998 35.279999 5721600 33.435638
2020-08-07 35.139999 35.450001 34.98 35.41 4163500 33.558846
2020-08-10 35.330002 35.349998 34.52 34.790001 5966500 32.971256
2020-08-11 35 35.25 34.490002 34.630001 4790500 32.819618
2020-08-12 34.889999 35.5 34.764999 35.330002 4825800 33.483032
2020-08-13 35.439999 35.669998 35.132999 35.57 5121500 33.710476
2020-08-14 35.34 35.665001 35.130001 35.59 3107400 33.729435
2020-08-17 35.68 36.368999 35.540001 35.93 7010800 34.051659
2020-08-18 36 36.009998 35.259998 35.66 4677600 33.795769
2020-08-19 35.75 35.869999 35.380001 35.43 4002500 33.577801
2020-08-20 35.259998 35.310001 34.73 34.849998 4553600 33.028114
2020-08-21 34.77 34.900002 34.317001 34.560001 4749600 32.753281
2020-08-24 34.689999 35.09 34.349998 35.09 4229900 33.255573
2020-08-25 35.310001 35.41 34.915001 35.369999 4667800 33.520935
2020-08-26 35.32 35.360001 34.830002 35.310001 4382300 33.464077
2020-08-27 35.091 35.235001 34.700001 34.759998 4432600 33.320278
2020-08-28 34.759998 34.91 34.25 34.880001 4208500 33.435314
2020-08-31 34.860001 35.139999 34.560001 35.040001 4479100 33.588688
2020-09-01 34.75 34.779999 33.915001 34.139999 6023000 32.725967
2020-09-02 34.292 34.939999 34.110001 34.709999 5114300 33.272354
2020-09-03 34.525002 35.049999 33.27 33.549999 8411100 32.1604
2020-09-04 33.689999 33.93 33.099998 33.470001 6642600 32.083714
2020-09-08 33.02 33.189999 31.635 31.76 9385800 30.444538
2020-09-09 32 32.049999 31.25 31.65 8372700 30.339094
2020-09-10 31.610001 32.23 31.33 31.51 7020800 30.204895
2020-09-11 31.66 32.169998 31.24 31.709999 7068200 30.396608
2020-09-14 31.950001 32.18 31.43 31.870001 5246500 30.549984
2020-09-15 32.669998 33.93 31.879 31.969999 11059300 30.64584
2020-09-16 32.419998 32.43 31.16 31.360001 9318800 30.061108
2020-09-17 30.93 31.059999 30.110001 30.639999 11360200 29.370926
2020-09-18 30.700001 30.700001 29.475 29.74 16042800 28.508204
2020-09-21 29.4 29.700001 29.110001 29.65 8388300 28.421934
2020-09-22 29.719999 29.870001 29.135 29.23 5677000 28.019327
2020-09-23 29.379999 29.48 28.690001 28.77 6527100 27.578382
2020-09-24 28.719999 29.17 28.565001 28.84 5317300 27.645481
2020-09-25 28.879999 29.219999 28.562 29.129999 5704800 27.92347
2020-09-28 29.65 29.99 29.43 29.83 4840300 28.594477
2020-09-29 29.77 29.879999 29.360001 29.59 4339600 28.364418
2020-09-30 29.610001 30.209999 29.610001 29.950001 6047100 28.709507
2020-10-01 30 30.4 29.665001 30.370001 6060100 29.112112
2020-10-02 29.940001 30.58 29.93 30.469999 5393600 29.207968
2020-10-05 30.639999 31.07 30.620001 31 4470800 29.716015
2020-10-06 31.02 31.27 30.59 30.67 4924100 29.399687
2020-10-07 30.799999 31 30.5 30.84 3869000 29.562647
2020-10-08 30.99 31.34 30.9 31.219999 4590800 29.926907
2020-10-09 31.290001 31.475 31 31.110001 4100100 29.821461
2020-10-12 31.43 32.07 31.209999 31.65 8796300 30.339094
2020-10-13 31.67 32.459999 31.52 32.41 7446800 31.067619
2020-10-14 32.41 32.869999 31.865 32.150002 7808200 30.818388
2020-10-15 31.799999 32.32 31.559999 32.299999 3685400 30.962172
2020-10-16 32.380001 32.619999 32.095001 32.16 3468100 30.827972
2020-10-19 32.25 32.375999 31.615 31.75 4164000 30.434954
2020-10-20 32.029999 32.32 31.9 31.99 3524600 30.665012
2020-10-21 31.75 31.9 31.43 31.440001 6503600 30.137794
2020-10-22 31.43 31.610001 31.059999 31.23 5345700 29.936491
2020-10-23 31.49 31.610001 31.1 31.370001 4140600 30.070694
2020-10-26 31.01 31.190001 30.4 30.58 5488600 29.313414
2020-10-27 30.68 30.92 30.514999 30.68 5880200 29.409273
2020-10-28 30.25 30.35 29.209999 29.219999 7781100 28.009741
2020-10-29 29.700001 30.450001 29.42 30.040001 7875600 28.79578
2020-10-30 30.07 30.690001 29.955 30.59 10477700 29.323
2020-11-02 31.040001 31.940001 30.860001 31.67 7165100 30.358265
2020-11-03 31.860001 32.5 31.700001 31.780001 5427300 30.463711
2020-11-04 32.07 32.490002 31.77 31.82 6169600 30.502052
2020-11-05 31.860001 32.360001 31.469999 31.700001 7920600 30.387024
2020-11-06 31.870001 31.99 31.440001 31.540001 4069300 30.233654
2020-11-09 32.389999 32.580002 30.565001 30.620001 10642100 29.351757
2020-11-10 30.040001 30.549999 29.535 30.48 13382400 29.217552
2020-11-11 30.68 31.379999 30.42 31.35 7814500 30.051521
2020-11-12 31.24 31.389999 30.690001 31.1 5846000 29.811874
2020-11-13 31.27 31.620001 31.049999 31.610001 4165900 30.300751
2020-11-16 31.610001 32.27 31.415001 32.150002 7456300 30.818388
2020-11-17 31.83 31.85 31.325001 31.59 5109200 30.28158
2020-11-18 31.700001 32.419998 31.540001 31.629999 7285200 30.319921
2020-11-19 31.559999 31.950001 31.4 31.879999 6150500 30.559568
2020-11-20 31.799999 32.330002 31.75 32.259998 9019400 30.923828
2020-11-23 32.369999 32.880001 32.189999 32.599998 7282100 31.249746
2020-11-24 32.919998 33.860001 32.720001 33.830002 8618400 32.428802
2020-11-25 33.209999 33.25 32.5 32.540001 6040400 31.565456
2020-11-27 32.759998 33.040001 32.619999 32.84 2220700 31.85647
2020-11-30 32.615002 32.970001 32.465 32.939999 5826100 31.953474
2020-12-01 32.970001 33.220001 32.77 33.139999 4623900 32.147488
2020-12-02 33.060001 33.32 32.75 32.779999 4770100 31.798271
2020-12-03 32.84 33.59 32.799999 33.450001 4868900 32.448204
2020-12-04 33.759998 34.150002 33.639999 34.119999 6146900 33.098141
2020-12-07 34 34.009998 33.450001 33.599998 5240800 32.593708
2020-12-08 33.630001 34.450001 33.490002 34.34 6753300 33.31155
2020-12-09 34.48 34.599998 33.974998 34.220001 5380000 33.195145
2020-12-10 34.009998 34.240002 33.880001 34.099998 4284600 33.078739
2020-12-11 33.880001 34.169998 33.799999 34.07 3814900 33.049637
2020-12-14 34.16 34.700001 34.139999 34.419998 5798500 33.389153
2020-12-15 34.419998 34.499001 33.919998 34.330002 4687800 33.301853
2020-12-16 34.419998 34.66 34.259998 34.43 5738300 33.398853
2020-12-17 34.66 34.779999 34.463001 34.619999 4282500 33.58316
2020-12-18 34.880001 35.369999 34.509998 34.77 11194700 33.728672
2020-12-21 34.119999 34.66 34.119999 34.57 5183500 33.534657
2020-12-22 34.599998 34.810001 34.34 34.389999 3717100 33.36005
2020-12-23 34.444 35.040001 34.444 34.799999 3577500 33.757774
2020-12-24 34.790001 34.98 34.619999 34.98 1575900 33.932381
2020-12-28 35.049999 35.41 34.93 35.209999 3576000 34.155491
2020-12-29 35.310001 35.360001 34.73 34.900002 3324900 33.854778
2020-12-30 34.900002 35.029999 34.639999 34.669998 2439300 33.631664
2020-12-31 34.650002 34.715 34.205002 34.66 3353600 33.621964
2021-01-04 34.59 34.68 33.91 34.23 5824100 33.204842
2021-01-05 34.286999 34.419998 33.224998 33.57 9052900 32.56461
2021-01-06 33.689999 34.200001 33.41 33.939999 6754300 32.923527
2021-01-07 34.02 34.057999 33.445 33.695 6487800 32.685863
2021-01-08 33.505001 33.650002 33.209999 33.619999 6226300 32.61311
2021-01-11 33.549999 33.665001 32.75 32.849998 8799500 31.866171
2021-01-12 32.849998 32.98 31.719999 32.18 10999400 31.216238
2021-01-13 32.220001 32.349998 31.985001 32.009998 6137600 31.051329
2021-01-14 32.103001 32.299999 31.723 32.080002 8530300 31.119238
2021-01-15 31.9 32.290001 31.6 31.99 6975000 31.031929
2021-01-19 32.139999 32.595001 31.855 32.360001 6148600 31.390848
2021-01-20 32.330002 32.91 32.169998 32.860001 6556300 31.875872
2021-01-21 32.849998 32.900002 32.380001 32.779999 5138100 31.798271
2021-01-22 32.549999 33.029999 32.431999 32.91 4949100 31.924376
2021-01-25 32.810001 33.790001 32.740002 33.75 6447200 32.73922
2021-01-26 33.889999 34.41 33.834999 34.389999 4664500 33.36005
2021-01-27 34.07 35.294998 34.07 34.740002 7207300 33.69957
2021-01-28 34.5 34.990002 33.939999 33.959999 6627800 32.942928
2021-01-29 33.59 34.349998 33.264999 33.509998 6544400 32.506401
2021-02-01 33.459999 33.82 33.220001 33.25 5619300 32.254192
2021-02-02 33.25 34.889999 32.73 33.16 8602300 32.166885
2021-02-03 33.27 33.27 32.77 33.009998 4327300 32.021381
2021-02-04 33.099998 33.389999 32.849998 32.919998 9149400 31.934072
2021-02-05 33.330002 34.139999 33.150002 33.799999 8081000 32.787724
2021-02-08 33.919998 34.02 33.610001 33.91 5075900 32.894428
2021-02-09 33.91 34.099998 33.439999 33.709999 4674900 32.700417
2021-02-10 33.900002 34.074001 33.705002 33.889999 6148000 32.875023
2021-02-11 34.23 36.285999 33.900002 35.540001 20381000 34.475613
2021-02-12 35.740002 36.439999 35.290001 35.389999 8821900 34.330105
2021-02-16 35.369999 35.654999 35.150002 35.360001 6347800 34.301003
2021-02-17 35.400002 37.139999 35.220001 37.02 10648700 35.911285
2021-02-18 37.130001 39.220001 36.860001 38.959999 22518600 37.793182
2021-02-19 38.490002 38.650002 37.18 37.48 14349600 36.357506
2021-02-22 37.360001 37.527 37.060001 37.23 6771400 36.114994
2021-02-23 37.400002 37.799999 36.470001 37.119999 7042800 36.008286
2021-02-24 37.009998 37.619999 36.66 37.599998 5835600 36.473915
2021-02-25 37.93 38.5 37.210999 37.27 10442600 36.153797
2021-02-26 37.25 37.41 36.369999 36.380001 7890400 35.290455
2021-03-01 36.779999 37.389999 36.560001 37.09 6195000 35.979191
2021-03-02 37.169998 37.630001 36.889999 37.32 5416700 36.202301
2021-03-03 37.09 38.080002 37.035 37.98 6537100 36.842537
2021-03-04 38.02 38.880001 36.75 37.209999 11336200 36.095592
2021-03-05 37.57 38.220001 37.32 37.849998 7562700 36.716427
2021-03-08 37.82 38.869999 37.82 38.669998 6780700 37.511868
2021-03-09 38.849998 39.560001 38.400002 39.130001 8743700 37.958092
2021-03-10 39.619999 39.709999 38.942001 39.509998 7276700 38.32671
2021-03-11 39.009998 39.115002 38.400002 38.470001 5939600 37.699532
2021-03-12 38.529999 38.59 37.810001 38.110001 8966900 37.346741
2021-03-15 38.119999 38.845001 38.075001 38.529999 6920100 37.758327
2021-03-16 38.630001 38.950001 38.459999 38.740002 6494800 37.964127
2021-03-17 38.84 39.145 38.459999 39.080002 6407000 38.297318
2021-03-18 38.93 39.25 38.77 38.939999 8068100 38.160114
2021-03-19 38.959999 39.43 38.610001 39.139999 9966200 38.35611
2021-03-22 39.040001 39.580002 38.970001 39.549999 7236700 38.7579
2021-03-23 39.560001 39.639999 38.868 38.919998 7663000 38.140514
2021-03-24 38.84 38.969002 38.220001 38.23 5564200 37.464336
2021-03-25 38.540001 39.334999 38.029999 39.200001 5414800 38.414909
2021-03-26 39.349998 40.139999 38.880001 40.029999 9965500 39.228287
2021-03-29 39.970001 41.16 39.860001 40.779999 9905200 39.963264
2021-03-30 40.900002 41.208 40.18 40.279999 8188000 39.473278
2021-03-31 40.060001 40.360001 39.740002 40 5671400 39.198887
2021-04-01 40.071999 40.09 39.370998 40.029999 4561000 39.228287
2021-04-05 40.080002 40.490002 40.07 40.310001 4416500 39.502682
2021-04-06 40.110001 40.794998 40.099998 40.700001 4958000 39.884869
2021-04-07 40.854 40.91 40.389999 40.639999 3678200 39.826069
2021-04-08 40.59 40.849998 40.52 40.810001 4233200 39.992664
2021-04-09 40.849998 41.097 39.900002 40.139999 5485600 39.336082
2021-04-12 40.310001 40.889999 40.150002 40.700001 5609900 39.884869
2021-04-13 40.759998 41.25 40.599998 40.919998 7243600 40.10046
2021-04-14 40.575001 40.786999 39.66 40.27 10340200 39.463482
2021-04-15 40.330002 41.132999 40.299999 41.049999 6743000 40.227859
2021-04-16 41.16 41.470001 40.764999 41 8150500 40.17886
2021-04-19 40.869999 41.360001 40.455002 40.950001 6512900 40.129864
2021-04-20 40.84 41.07 40.43 41.029999 5857500 40.20826
2021-04-21 40.77 41.639999 40.77 41.580002 6706500 40.747246
2021-04-22 41.470001 41.490002 40.799999 40.970001 5643400 40.149464
2021-04-23 40.439999 40.630001 40.189999 40.41 4725400 39.600677
2021-04-26 40.380001 40.599998 39.889999 40.130001 7078400 39.326283
2021-04-27 40.23 40.529999 40.064999 40.099998 3999400 39.296883
2021-04-28 40.259998 40.48 39.959999 40.119999 7411400 39.316483
2021-04-29 40.259998 41.98 40.16 41.685001 7898400 40.850143
2021-04-30 41.310001 41.599998 40.759998 41.290001 7664100 40.463055
2021-05-03 41.52 42.299999 41.509998 41.990002 6138100 41.149036
2021-05-04 42.09 42.48 41.889999 42.360001 6947600 41.511623
2021-05-05 42.240002 42.509998 41.889999 42.470001 4729700 41.619419
2021-05-06 42.75 43.200001 42.549999 43.119999 5286100 42.256397
2021-05-07 43.049999 43.599998 42.790001 43.48 5148100 42.609188
2021-05-10 43.529999 44.259998 43.419998 43.619999 5437600 42.746387
2021-05-11 43.720001 43.860001 42.630001 43.255001 5816700 42.388699
2021-05-12 43.139999 43.630001 42.84 42.919998 4770500 42.060406
2021-05-13 42.82 44.049999 42.785 43.82 5056200 42.942379
2021-05-14 44 44.424999 43.720001 43.73 3295100 42.854183
2021-05-17 44 44.095001 43.460999 43.799999 3203000 42.922779
2021-05-18 44 44.09 43.669998 43.685001 3687500 42.810085
2021-05-19 43.52 43.610001 43.220001 43.57 3892600 42.697388
2021-05-20 43.459999 44 43.404999 43.869999 4203800 42.991379
2021-05-21 43.830002 44.189999 43.779999 44.130001 3716300 43.246174
2021-05-24 44.27 44.950001 44.25 44.52 4282700 43.628361
2021-05-25 44.57 44.630001 43.91 44.150002 4665300 43.265774
2021-05-26 44.169998 44.275002 43.919998 44.18 3085900 43.29517
2021-05-27 43.889999 44.080002 43.209999 43.43 5817600 42.949047
2021-05-28 43.400002 43.881001 43.400002 43.59 3133000 43.107277
2021-06-01 43.720001 44.029999 43.619999 43.849998 3496800 43.364395
2021-06-02 43.970001 44.220001 43.719002 44.09 3525100 43.601738
2021-06-03 43.98 44.029999 43.57 43.990002 4312200 43.50285
2021-06-04 44.189999 44.334999 43.724998 43.959999 3091700 43.473179
2021-06-07 43.880001 44.099998 43.540001 43.880001 4285800 43.394066
2021-06-08 43.830002 43.93 43.632999 43.779999 3523700 43.29517
2021-06-09 43.110001 43.610001 42.93 43.040001 5710900 42.56337
2021-06-10 43.009998 43.299999 42.919998 42.950001 3195000 42.474365
2021-06-11 42.916 43.494999 42.916 43.419998 5078600 42.939156
2021-06-14 43.349998 43.349998 42.110001 42.82 7227500 42.345802
2021-06-15 42.889999 42.990002 42.529999 42.759998 5992400 42.286465
2021-06-16 42.599998 42.68 41.869999 41.91 4601100 41.445881
2021-06-17 41.889999 41.889999 41.099998 41.330002 7362500 40.872307
2021-06-18 41.169998 41.279999 40.264999 40.5 8795500 40.051495
2021-06-21 40.59 40.93 40.331001 40.830002 5012800 40.377842
2021-06-22 40.935001 40.935001 40.509998 40.549999 3341800 40.100941
2021-06-23 40.543999 40.549999 40.119999 40.139999 3559000 39.69548
2021-06-24 40.220001 40.52 39.77 40.369999 4986600 39.922935
2021-06-25 40.400002 40.794998 40.259998 40.689999 3569300 40.239391
2021-06-28 40.755001 40.994999 40.619999 40.880001 3837100 40.427288
2021-06-29 40.810001 41.02 40.404999 40.580002 2874900 40.130611
2021-06-30 40.52 40.990002 40.5 40.779999 4348500 40.328392
2021-07-01 40.924999 40.924999 40.445 40.490002 2816300 40.041607
2021-07-02 40.490002 40.599998 40.220001 40.380001 2698200 39.932827
2021-07-06 40.59 40.59 39.220001 39.650002 6371100 39.210911
2021-07-07 39.560001 40.040001 39.52 39.849998 4974400 39.408691
2021-07-08 39.59 40.029999 39.369999 39.599998 4303200 39.161461
2021-07-09 39.68 40.005001 39.630001 39.950001 4357600 39.507587
2021-07-12 39.830002 39.869999 39.509998 39.790001 5298100 39.349358
2021-07-13 39.584 39.799999 38.990002 39.16 5212500 38.726334
2021-07-14 39.139999 39.25 38.59 38.990002 5292600 38.55822
2021-07-15 38.869999 39.555 38.849998 39.43 5314300 38.993343
2021-07-16 39.48 39.57 39.261002 39.299999 4084800 38.864784
2021-07-19 39.200001 39.689999 38.77 39.34 4266200 38.904343
2021-07-20 39.48 39.908001 39.285 39.400002 4285800 38.96368
2021-07-21 39.582001 39.695999 39.330002 39.369999 2973100 38.93401
2021-07-22 39.269001 39.269001 38.689999 38.799999 3395400 38.370319
2021-07-23 38.869999 39.369999 38.720001 39.220001 5025500 38.785671
2021-07-26 39.220001 39.720001 39.099998 39.52 3641700 39.082348
2021-07-27 39.490002 39.509998 39.049999 39.27 3565500 38.835117
2021-07-28 39.150002 39.220001 38.669998 38.919998 3461100 38.488991
2021-07-29 39.16 39.189999 38.794998 38.98 3204100 38.548328
2021-07-30 39.029999 39.23 38.375 38.470001 4858900 38.043976
2021-08-02 38.595001 38.779999 38.380001 38.580002 4207700 38.15276
2021-08-03 38.599998 39.115002 38.41 38.939999 4772200 38.50877
2021-08-04 38.349998 38.560001 36.689999 36.939999 11007800 36.530918
2021-08-05 37.049999 37.299999 36.41 36.939999 9560300 36.530918
2021-08-06 37.23 37.490002 37 37.200001 8639400 36.78804
2021-08-09 37.400002 37.560001 36.939999 37.310001 5585000 36.896824
2021-08-10 37.325001 37.599998 36.970001 37.470001 5581200 37.05505
2021-08-11 37.650002 38.080002 37.490002 37.77 4244200 37.35173
2021-08-12 37.84 37.889999 37.360001 37.360001 3194000 36.94627
2021-08-13 37.470001 38.029999 37.369999 37.869999 3556000 37.450619
2021-08-16 37.855999 38.259998 37.689999 38.009998 4530100 37.589069
2021-08-17 37.990002 37.990002 37.509998 37.91 4555500 37.490177
2021-08-18 37.849998 37.880001 36.93 36.950001 4786400 36.54081
2021-08-19 36.77 37.009998 36.639999 36.830002 4789600 36.422138
2021-08-20 36.700001 36.799999 36.259998 36.599998 3688200 36.194683
2021-08-23 36.689999 36.865002 36.459999 36.639999 3348200 36.234241
2021-08-24 36.709999 36.740002 36.369999 36.549999 3250000 36.145237
2021-08-25 36.619999 36.77 36.264999 36.75 4319100 36.343025
2021-08-26 36.75 36.82 36.025002 36.07 4474000 35.670555
2021-08-27 36.029999 36.474998 35.810001 36.380001 3661500 35.977123
2021-08-30 36.290001 36.43 36.09 36.119999 4600700 35.720001
2021-08-31 35.779999 36.118999 35.540001 35.990002 6882900 35.990002
