1260    4       1       0.897   2.107   0.704   4       0.584   0.269   8       0.52    0.386   8       0.581   0.626   8       0.57    0.866   8
1260    4       1       0.908   2.099   0.653   4       0.598   0.281   8       0.558   0.394   8       0.629   0.601   8       0.518   0.864   8
1260    4       1       0.917   2.131   0.696   4       0.597   0.276   8       0.601   0.396   8       0.547   0.626   8       0.566   0.896   8
1260    4       1       0.9     2.175   0.773   4       0.609   0.304   8       0.585   0.426   8       0.554   0.658   8       0.643   0.94    8
1260    4       1       0.9     2.073   0.722   4       0.572   0.275   8       0.531   0.36    8       0.56    0.589   8       0.586   0.816   8


1260
1260    4       3       0.959   2.42    0.338   12      0.274   0.135   8       0.28    0.179   8       0.308   0.31    8       0.28    0.397   8       0.257   1.198   8       0.27    0.535   8       0.23    0.67    8       0.278   0.784   8       0.276   1.496   8       0.262   0.811   8       0.268   0.957   8       0.239   1.08    8
1260    4       3       0.964   2.357   0.33    12      0.282   0.171   8       0.298   0.164   8       0.295   0.287   8       0.281   0.357   8       0.237   1.134   8       0.261   0.515   8       0.284   0.637   8       0.278   0.719   8       0.287   1.492   8       0.276   0.857   8       0.242   0.904   8       0.233   1.009   8
1260    4       3       0.956   2.4     0.329   12      0.248   0.166   8       0.273   0.169   8       0.267   0.27    8       0.261   0.369   8       0.255   1.115   8       0.277   0.427   8       0.269   0.589   8       0.275   0.72    8       0.261   1.476   8       0.29    0.825   8       0.274   0.913   8       0.237   1.091   8
1260    4       3       0.96    2.359   0.364   12      0.281   0.147   8       0.279   0.177   8       0.302   0.262   8       0.241   0.347   8       0.261   1.124   8       0.256   0.488   8       0.301   0.599   8       0.284   0.738   8       0.289   1.5     8       0.252   0.877   8       0.286   0.917   8       0.233   0.986   8
1260    4       3       0.961   2.455   0.375   12      0.289   0.161   8       0.27    0.191   8       0.304   0.309   8       0.253   0.399   8       0.344   1.152   8       0.258   0.584   8       0.295   0.644   8       0.281   0.771   8       0.253   1.532   8       0.258   0.889   8       0.287   0.998   8       0.278   1.155   8


1260
1260    4       5       1.097   2.812   0.43    20      0.275   0.142   8       0.254   0.149   8       0.26    0.202   8       0.263   0.228   8       0.267   1.014   8       0.27    0.298   8       0.265   0.406   8       0.266   0.523   8       0.258   1.251   8       0.244   0.596   8       0.302   0.703   8       0.261   0.785   8       0.318   1.507   8       0.243   0.838   8       0.245   0.938   8       0.265   1.027   8       0.266   1.798   8       0.264   1.13    8       0.263   1.171   8       0.262   1.277   8
1260    4       5       1.069   2.976   0.371   20      0.272   0.132   8       0.255   0.149   8       0.261   0.277   8       0.241   0.374   8       0.268   1.027   8       0.261   0.459   8       0.252   0.603   8       0.256   0.658   8       0.28    1.349   8       0.283   0.721   8       0.261   0.763   8       0.256   0.892   8       0.262   1.682   8       0.275   0.976   8       0.249   1.015   8       0.287   1.124   8       0.257   1.997   8       0.272   1.243   8       0.252   1.381   8       0.224   1.445   8
1260    4       5       1.061   2.878   0.455   20      0.272   0.173   8       0.262   0.157   8       0.249   0.18    8       0.267   0.247   8       0.277   0.924   8       0.27    0.372   8       0.309   0.425   8       0.276   0.626   8       0.252   1.27    8       0.291   0.643   8       0.254   0.634   8       0.263   0.778   8       0.191   1.562   8       0.268   0.915   8       0.263   0.937   8       0.248   1.029   8       0.259   1.772   8       0.253   1.116   8       0.243   1.255   8       0.274   1.387   8
1260    4       5       1.07    2.909   0.403   20      0.269   0.155   8       0.267   0.153   8       0.276   0.187   8       0.281   0.227   8       0.294   1.049   8       0.271   0.426   8       0.267   0.477   8       0.241   0.54    8       0.269   1.301   8       0.262   0.714   8       0.284   0.732   8       0.255   0.785   8       0.259   1.557   8       0.26    0.924   8       0.279   1.011   8       0.266   1.109   8       0.262   1.918   8       0.273   1.165   8       0.275   1.288   8       0.246   1.419   8
1260    4       5       1.076   2.925   0.419   20      0.245   0.157   8       0.256   0.143   8       0.255   0.253   8       0.274   0.325   8       0.276   0.947   8       0.268   0.428   8       0.263   0.539   8       0.256   0.553   8       0.274   1.321   8       0.264   0.72    8       0.248   0.762   8       0.256   0.827   8       0.272   1.623   8       0.268   0.981   8       0.277   0.99    8       0.271   1.151   8       0.281   1.915   8       0.252   1.238   8       0.269   1.293   8       0.245   1.408   8


1260
1260    4       7       1.131   3.425   0.51    28      0.253   0.161   8       0.265   0.159   8       0.242   0.188   8       0.312   0.221   8       0.272   1.101   8       0.251   0.375   8       0.242   0.412   8       0.253   0.543   8       0.254   1.295   8       0.26    0.602   8       0.29    0.691   8       0.232   0.747   8       0.26    1.575   8       0.232   0.816   8       0.241   0.964   8       0.214   0.979   8       0.266   1.889   8       0.247   1.103   8       0.24    1.181   8       0.264   1.214   8       0.242   1.556   8       0.269   0.779   8       0.238   0.704   8       0.256   0.799   8       0.251   1.793   8       0.296   0.228   8       0.248   0.262   8       0.252   0.469   8
1260    4       7       1.142   3.351   0.492   28      0.218   0.164   8       0.233   0.155   8       0.319   0.206   8       0.261   0.241   8       0.247   1.1     8       0.195   0.255   8       0.237   0.462   8       0.278   0.583   8       0.247   1.29    8       0.236   0.513   8       0.267   0.604   8       0.247   0.761   8       0.277   1.512   8       0.221   0.826   8       0.21    0.929   8       0.246   1.015   8       0.255   1.846   8       0.238   0.977   8       0.248   1.072   8       0.224   1.19    8       0.26    1.613   8       0.295   0.643   8       0.255   0.563   8       0.282   0.626   8       0.303   1.73    8       0.258   0.348   8       0.261   0.25    8       0.262   0.281   8
1260    4       7       1.298   3.447   0.49    28      0.225   0.159   8       0.244   0.123   8       0.247   0.221   8       0.23    0.395   8       0.244   1.031   8       0.204   0.386   8       0.21    0.511   8       0.259   0.705   8       0.243   1.371   8       0.25    0.641   8       0.261   0.732   8       0.239   0.912   8       0.256   1.577   8       0.233   0.857   8       0.195   0.983   8       0.299   0.993   8       0.261   1.796   8       0.247   1.064   8       0.247   1.125   8       0.267   1.283   8       0.279   1.617   8       0.251   0.639   8       0.264   0.748   8       0.257   0.889   8       0.27    1.696   8       0.249   0.345   8       0.256   0.475   8       0.246   0.553   8
1260    4       7       1.124   3.435   0.491   28      0.25    0.167   8       0.307   0.188   8       0.248   0.143   8       0.241   0.237   8       0.26    1.055   8       0.247   0.415   8       0.229   0.419   8       0.272   0.5     8       0.268   1.24    8       0.234   0.493   8       0.252   0.622   8       0.248   0.773   8       0.273   1.513   8       0.253   0.797   8       0.255   0.912   8       0.239   0.984   8       0.25    1.853   8       0.229   0.917   8       0.26    1.138   8       0.273   1.233   8       0.282   1.544   8       0.259   0.745   8       0.278   0.532   8       0.275   0.757   8       0.266   1.686   8       0.26    0.3     8       0.251   0.265   8       0.225   0.52    8
1260    4       7       1.084   3.469   0.489   28      0.248   0.133   8       0.268   0.173   8       0.268   0.308   8       0.239   0.324   8       0.263   1.07    8       0.232   0.473   8       0.238   0.49    8       0.2     0.646   8       0.252   1.401   8       0.236   0.66    8       0.262   0.786   8       0.26    0.849   8       0.249   1.61    8       0.255   0.842   8       0.295   0.948   8       0.266   1.045   8       0.272   1.884   8       0.236   1.093   8       0.269   1.107   8       0.297   1.229   8       0.243   1.64    8       0.253   0.664   8       0.249   0.825   8       0.251   0.89    8       0.291   1.76    8       0.243   0.306   8       0.254   0.396   8       0.259   0.526   8


1260
1260    4       8       1.119   3.682   0.559   32      0.27    0.132   8       0.131   0.173   8       0.239   0.233   8       0.241   0.165   8       0.238   1.087   8       0.219   0.36    8       0.218   0.466   8       0.154   0.514   8       0.26    1.265   8       0.23    0.538   8       0.211   0.556   8       0.241   0.719   8       0.289   1.51    8       0.219   0.819   8       0.221   0.812   8       0.216   1.008   8       0.285   1.801   8       0.266   1.086   8       0.233   1.085   8       0.23    1.181   8       0.265   1.561   8       0.256   0.586   8       0.277   0.602   8       0.263   0.682   8       0.274   1.644   8       0.248   0.312   8       0.247   0.313   8       0.241   0.462   8       0.268   1.445   8       0.26    0.506   8       0.276   0.562   8       0.242   0.556   8
1260    4       8       1.126   3.808   0.54    32      0.226   0.172   8       0.281   0.152   8       0.217   0.289   8       0.22    0.509   8       0.288   1.099   8       0.211   0.527   8       0.15    0.579   8       0.275   0.639   8       0.24    1.4     8       0.247   0.708   8       0.216   0.761   8       0.246   0.851   8       0.256   1.702   8       0.251   0.952   8       0.214   1.01    8       0.268   1.089   8       0.274   1.937   8       0.259   1.158   8       0.218   1.192   8       0.131   1.346   8       0.315   1.671   8       0.255   0.713   8       0.247   0.853   8       0.232   0.86    8       0.254   1.897   8       0.242   0.519   8       0.26    0.505   8       0.253   0.511   8       0.275   1.54    8       0.259   0.547   8       0.28    0.658   8       0.249   0.794   8
1260    4       8       1.188   3.787   0.55    32      0.261   0.139   8       0.231   0.185   8       0.232   0.24    8       0.239   0.359   8       0.26    1.049   8       0.228   0.409   8       0.203   0.526   8       0.216   0.556   8       0.276   1.297   8       0.253   0.597   8       0.246   0.688   8       0.284   0.846   8       0.264   1.577   8       0.29    0.936   8       0.201   0.921   8       0.206   1.006   8       0.252   1.858   8       0.24    1.138   8       0.268   1.164   8       0.242   1.325   8       0.275   1.655   8       0.257   0.527   8       0.254   0.656   8       0.27    0.806   8       0.265   1.776   8       0.269   0.217   8       0.245   0.246   8       0.248   0.51    8       0.259   1.47    8       0.244   0.512   8       0.252   0.545   8       0.259   0.782   8
1260    4       8       1.12    3.744   0.542   32      0.286   0.142   8       0.255   0.152   8       0.266   0.225   8       0.218   0.171   8       0.246   1.065   8       0.242   0.359   8       0.253   0.513   8       0.243   0.47    8       0.257   1.275   8       0.198   0.574   8       0.218   0.626   8       0.257   0.78    8       0.252   1.629   8       0.266   0.822   8       0.255   0.903   8       0.263   0.967   8       0.261   1.784   8       0.259   1.092   8       0.198   1.163   8       0.236   1.223   8       0.24    1.56    8       0.245   0.648   8       0.246   0.673   8       0.263   0.868   8       0.27    1.574   8       0.25    0.178   8       0.262   0.321   8       0.281   0.333   8       0.256   1.437   8       0.237   0.421   8       0.275   0.516   8       0.242   0.515   8
1260    4       8       1.092   3.745   0.526   32      0.244   0.165   8       0.285   0.187   8       0.224   0.225   8       0.244   0.283   8       0.256   1.129   8       0.251   0.431   8       0.224   0.392   8       0.247   0.445   8       0.259   1.29    8       0.236   0.603   8       0.265   0.626   8       0.239   0.835   8       0.257   1.543   8       0.248   0.84    8       0.272   0.902   8       0.233   0.946   8       0.256   1.846   8       0.247   1.086   8       0.239   1.136   8       0.225   1.224   8       0.266   1.574   8       0.272   0.597   8       0.262   0.604   8       0.262   0.591   8       0.253   1.738   8       0.242   0.2     8       0.26    0.248   8       0.245   0.421   8       0.262   1.395   8       0.265   0.504   8       0.242   0.518   8       0.222   0.579   8


1260
1728    4       1       0.931   3.487   1.739   4       1.651   0.41    8       1.444   0.984   8       1.184   1.748   8       1.507   2.251   8
1728    4       1       0.921   3.275   1.499   4       1.389   0.415   8       1.704   0.895   8       1.692   1.534   8       1.274   2.055   8
1728    4       1       0.921   3.38    1.44    4       1.557   0.414   8       1.576   0.886   8       1.405   1.624   8       1.25    2.156   8
1728    4       1       0.93    3.387   1.689   4       1.627   0.408   8       1.352   0.976   8       1.068   1.639   8       1.423   2.148   8
1728    4       1       0.926   3.307   1.911   4       1.53    0.424   8       1.377   0.865   8       1.644   1.577   8       1.679   2.078   8


1728
1728    4       3       1.0     3.711   0.574   12      0.468   0.323   8       0.442   0.334   8       0.421   0.524   8       0.462   0.725   8       0.54    1.59    8       0.441   1.024   8       0.439   1.251   8       0.463   1.571   8       0.449   2.413   8       0.462   1.863   8       0.483   2.211   8       0.467   2.413   8
1728    4       3       1.005   3.714   0.571   12      0.469   0.297   8       0.455   0.321   8       0.438   0.532   8       0.461   0.737   8       0.527   1.598   8       0.457   1.065   8       0.456   1.326   8       0.47    1.607   8       0.503   2.438   8       0.463   1.804   8       0.461   2.15    8       0.468   2.415   8
1728    4       3       0.982   3.748   0.564   12      0.478   0.329   8       0.46    0.382   8       0.473   0.594   8       0.447   0.719   8       0.509   1.615   8       0.443   1.016   8       0.465   1.386   8       0.437   1.603   8       0.483   2.43    8       0.454   1.882   8       0.442   2.172   8       0.459   2.417   8
1728    4       3       0.986   3.72    0.576   12      0.504   0.326   8       0.457   0.348   8       0.447   0.53    8       0.437   0.706   8       0.512   1.589   8       0.466   1.044   8       0.428   1.32    8       0.467   1.583   8       0.495   2.397   8       0.479   1.864   8       0.457   2.138   8       0.461   2.4     8
1728    4       3       0.98    3.719   0.578   12      0.477   0.29    8       0.46    0.33    8       0.449   0.528   8       0.444   0.759   8       0.499   1.525   8       0.468   1.064   8       0.442   1.335   8       0.452   1.562   8       0.481   2.361   8       0.427   1.85    8       0.481   2.137   8       0.474   2.435   8


1728
1728    4       5       1.098   4.364   0.546   20      0.277   0.278   8       0.302   0.266   8       0.278   0.474   8       0.3     0.568   8       0.301   1.358   8       0.272   0.813   8       0.273   1.007   8       0.274   1.053   8       0.279   1.827   8       0.289   1.337   8       0.274   1.535   8       0.307   1.779   8       0.287   2.459   8       0.284   1.901   8       0.282   2.149   8       0.285   2.324   8       0.313   3.111   8       0.263   2.513   8       0.279   2.677   8       0.287   2.841   8
1728    4       5       1.109   4.371   0.564   20      0.298   0.297   8       0.292   0.256   8       0.27    0.396   8       0.278   0.629   8       0.298   1.462   8       0.263   0.803   8       0.276   0.978   8       0.315   1.184   8       0.301   1.923   8       0.283   1.38    8       0.267   1.604   8       0.263   1.754   8       0.31    2.562   8       0.284   1.976   8       0.274   2.162   8       0.295   2.287   8       0.291   2.91    8       0.269   2.438   8       0.289   2.704   8       0.288   2.86    8
1728    4       5       1.101   4.56    0.558   20      0.277   0.32    8       0.285   0.284   8       0.303   0.438   8       0.283   0.568   8       0.309   1.26    8       0.278   0.84    8       0.271   1.093   8       0.267   1.285   8       0.312   1.917   8       0.273   1.423   8       0.273   1.715   8       0.285   1.848   8       0.271   2.575   8       0.27    2.058   8       0.275   2.355   8       0.249   2.463   8       0.302   3.21    8       0.286   2.695   8       0.288   2.935   8       0.265   3.026   8
1728    4       5       1.114   4.266   0.555   20      0.275   0.34    8       0.278   0.271   8       0.265   0.465   8       0.309   0.623   8       0.274   1.191   8       0.271   0.845   8       0.285   1.024   8       0.246   1.055   8       0.277   1.916   8       0.29    1.311   8       0.279   1.6     8       0.296   1.693   8       0.308   2.413   8       0.3     1.871   8       0.298   2.04    8       0.278   2.203   8       0.308   3.017   8       0.262   2.501   8       0.315   2.588   8       0.262   2.792   8
1728    4       5       1.089   4.476   0.545   20      0.297   0.27    8       0.273   0.285   8       0.276   0.457   8       0.295   0.561   8       0.265   1.251   8       0.281   0.827   8       0.275   1.115   8       0.285   1.151   8       0.282   1.828   8       0.254   1.388   8       0.27    1.667   8       0.291   1.833   8       0.36    2.534   8       0.271   2.047   8       0.275   2.293   8       0.267   2.384   8       0.309   3.106   8       0.262   2.599   8       0.318   2.808   8       0.308   2.978   8


1728
1728    4       7       1.17    4.787   0.615   28      0.172   0.251   8       0.261   0.248   8       0.23    0.42    8       0.275   0.609   8       0.278   1.423   8       0.259   0.683   8       0.19    0.861   8       0.213   0.995   8       0.269   1.829   8       0.24    1.131   8       0.251   1.371   8       0.244   1.44    8       0.261   2.22    8       0.256   1.578   8       0.258   1.764   8       0.244   1.834   8       0.275   2.525   8       0.255   1.989   8       0.252   2.057   8       0.257   2.29    8       0.283   2.657   8       0.251   1.768   8       0.266   1.976   8       0.255   2.061   8       0.275   2.911   8       0.271   1.754   8       0.276   1.889   8       0.292   1.972   8
1728    4       7       1.097   4.78    0.61    28      0.253   0.266   8       0.291   0.211   8       0.273   0.372   8       0.258   0.522   8       0.283   1.3     8       0.255   0.709   8       0.259   0.893   8       0.254   0.984   8       0.25    1.767   8       0.234   1.192   8       0.241   1.344   8       0.251   1.364   8       0.275   2.283   8       0.258   1.506   8       0.247   1.746   8       0.253   1.819   8       0.268   2.671   8       0.24    2.003   8       0.263   2.074   8       0.269   2.211   8       0.275   2.565   8       0.248   1.734   8       0.265   1.99    8       0.296   2.035   8       0.287   2.912   8       0.238   1.682   8       0.259   1.687   8       0.279   1.884   8
1728    4       7       1.124   4.765   0.645   28      0.252   0.244   8       0.241   0.229   8       0.272   0.385   8       0.238   0.574   8       0.272   1.36    8       0.269   0.761   8       0.277   0.873   8       0.241   0.977   8       0.261   1.817   8       0.246   1.098   8       0.258   1.247   8       0.268   1.408   8       0.251   2.189   8       0.275   1.419   8       0.252   1.691   8       0.272   1.786   8       0.274   2.568   8       0.251   1.955   8       0.243   2.053   8       0.261   2.176   8       0.311   2.499   8       0.254   1.761   8       0.277   1.925   8       0.261   2.009   8       0.26    2.857   8       0.291   1.596   8       0.258   1.675   8       0.274   2.011   8
1728    4       7       1.137   4.826   0.618   28      0.246   0.25    8       0.236   0.253   8       0.244   0.438   8       0.239   0.547   8       0.274   1.35    8       0.245   0.726   8       0.255   0.876   8       0.266   0.992   8       0.265   1.817   8       0.237   1.182   8       0.267   1.378   8       0.255   1.403   8       0.167   2.245   8       0.278   1.556   8       0.261   1.711   8       0.252   1.761   8       0.252   2.68    8       0.266   1.911   8       0.276   2.059   8       0.245   2.275   8       0.281   2.606   8       0.262   1.817   8       0.28    1.965   8       0.284   2.088   8       0.263   2.886   8       0.253   1.693   8       0.268   1.843   8       0.266   1.955   8
1728    4       7       1.15    4.759   0.62    28      0.249   0.247   8       0.235   0.265   8       0.242   0.383   8       0.208   0.486   8       0.266   1.19    8       0.243   0.651   8       0.263   0.758   8       0.257   0.941   8       0.285   1.719   8       0.249   1.154   8       0.233   1.279   8       0.26    1.271   8       0.289   2.235   8       0.246   1.438   8       0.246   1.618   8       0.264   1.826   8       0.294   2.634   8       0.25    1.927   8       0.282   2.08    8       0.256   2.239   8       0.288   2.482   8       0.283   1.674   8       0.262   1.883   8       0.282   2.079   8       0.265   2.906   8       0.252   1.638   8       0.276   1.741   8       0.245   1.899   8


1728
1728    4       8       1.133   5.103   0.662   32      0.13    0.303   8       0.214   0.239   8       0.248   0.409   8       0.22    0.488   8       0.277   1.365   8       0.23    0.647   8       0.248   0.807   8       0.217   0.996   8       0.242   1.778   8       0.228   1.128   8       0.252   1.262   8       0.225   1.403   8       0.26    2.06    8       0.252   1.48    8       0.25    1.668   8       0.26    1.757   8       0.25    2.543   8       0.272   1.921   8       0.257   1.998   8       0.28    2.162   8       0.246   2.489   8       0.283   1.705   8       0.25    1.738   8       0.265   1.868   8       0.263   2.819   8       0.245   1.455   8       0.271   1.502   8       0.279   1.743   8       0.273   2.673   8       0.253   1.84    8       0.252   1.903   8       0.257   2.125   8
1728    4       8       1.142   5.149   0.659   32      0.238   0.208   8       0.266   0.247   8       0.156   0.405   8       0.216   0.496   8       0.259   1.339   8       0.247   0.649   8       0.264   0.711   8       0.251   1.014   8       0.263   1.866   8       0.151   1.105   8       0.247   1.246   8       0.217   1.426   8       0.267   2.146   8       0.253   1.525   8       0.257   1.575   8       0.277   1.681   8       0.26    2.628   8       0.253   1.835   8       0.255   2.006   8       0.246   2.163   8       0.284   2.487   8       0.24    1.685   8       0.256   1.866   8       0.282   1.931   8       0.263   2.878   8       0.255   1.542   8       0.244   1.657   8       0.263   1.828   8       0.283   2.814   8       0.249   1.978   8       0.277   1.916   8       0.249   2.172   8
1728    4       8       1.136   5.297   0.713   32      0.232   0.241   8       0.256   0.255   8       0.222   0.422   8       0.228   0.518   8       0.283   1.334   8       0.253   0.709   8       0.246   0.898   8       0.244   0.964   8       0.27    1.892   8       0.238   1.204   8       0.259   1.313   8       0.25    1.48    8       0.284   2.233   8       0.27    1.608   8       0.247   1.735   8       0.291   1.878   8       0.262   2.723   8       0.269   1.937   8       0.253   2.073   8       0.246   2.312   8       0.27    2.593   8       0.247   1.774   8       0.275   1.967   8       0.256   2.076   8       0.259   2.967   8       0.259   1.562   8       0.257   1.737   8       0.282   1.876   8       0.294   2.86    8       0.257   1.931   8       0.246   2.158   8       0.273   2.324   8
1728    4       8       1.108   5.119   0.683   32      0.273   0.258   8       0.211   0.292   8       0.236   0.463   8       0.178   0.511   8       0.263   1.318   8       0.151   0.733   8       0.227   0.896   8       0.257   1.001   8       0.273   1.695   8       0.234   1.151   8       0.219   1.27    8       0.269   1.373   8       0.259   2.117   8       0.268   1.554   8       0.235   1.716   8       0.253   1.797   8       0.259   2.584   8       0.263   1.892   8       0.267   2.018   8       0.283   2.157   8       0.276   2.444   8       0.257   1.668   8       0.256   1.613   8       0.258   1.873   8       0.28    2.691   8       0.263   1.504   8       0.248   1.579   8       0.275   1.778   8       0.266   2.708   8       0.266   1.893   8       0.274   1.961   8       0.266   2.168   8
1728    4       8       1.18    5.117   0.692   32      0.262   0.237   8       0.233   0.29    8       0.27    0.383   8       0.158   0.507   8       0.246   1.233   8       0.258   0.746   8       0.283   0.861   8       0.256   0.992   8       0.257   1.729   8       0.212   1.167   8       0.212   1.219   8       0.282   1.428   8       0.228   2.154   8       0.247   1.412   8       0.242   1.695   8       0.238   1.742   8       0.255   2.601   8       0.272   1.898   8       0.245   2.07    8       0.274   2.166   8       0.256   2.429   8       0.277   1.574   8       0.271   1.784   8       0.249   1.88    8       0.287   2.729   8       0.255   1.494   8       0.249   1.629   8       0.27    1.809   8       0.263   2.756   8       0.271   1.916   8       0.246   1.99    8       0.273   2.256   8


1728
2520    4       1       1.088   6.153   4.666   4       4.562   0.783   8       4.494   1.494   8       4.507   3.563   8       4.304   5.016   8
2520    4       1       1.021   6.61    5.388   4       4.976   0.781   8       3.067   1.677   8       3.953   3.814   8       4.972   5.485   8
2520    4       1       1.022   6.233   4.172   4       5.041   0.778   8       3.986   1.529   8       4.244   3.454   8       3.794   5.095   8
2520    4       1       1.025   6.071   4.743   4       4.699   0.803   8       4.322   1.437   8       4.795   3.27    8       4.318   4.949   8
2520    4       1       1.018   6.16    4.869   4       5.046   0.796   8       4.668   1.638   8       4.915   3.353   8       4.443   5.039   8


2520
2520    4       3       1.064   7.694   1.475   12      1.487   0.415   8       1.287   0.983   8       1.045   1.621   8       1.467   2.132   8       1.559   3.173   8       1.135   2.95    8       1.113   3.72    8       1.045   4.28    8       1.313   5.413   8       1.183   5.058   8       1.142   5.859   8       1.319   6.252   8
2520    4       3       1.075   7.508   1.274   12      1.426   0.43    8       1.389   0.985   8       1.343   1.591   8       1.303   2.133   8       1.402   3.114   8       1.25    2.763   8       1.304   3.54    8       1.156   4.052   8       1.336   5.161   8       1.296   4.827   8       1.287   5.574   8       1.119   6.056   8
2520    4       3       1.048   7.737   1.264   12      1.414   0.43    8       1.395   0.894   8       1.132   1.589   8       1.24    2.097   8       1.462   3.046   8       1.246   2.909   8       1.232   3.615   8       1.422   4.215   8       1.508   5.167   8       1.22    4.894   8       1.307   5.894   8       1.106   6.418   8
2520    4       3       1.045   7.523   1.398   12      1.317   0.396   8       1.302   0.817   8       1.029   1.429   8       1.244   1.999   8       1.238   2.947   8       1.02    2.767   8       1.176   3.461   8       1.142   3.995   8       1.433   5.031   8       1.283   4.652   8       1.207   5.748   8       1.237   6.159   8
2520    4       3       1.066   7.171   1.464   12      1.376   0.426   8       1.312   0.81    8       1.068   1.424   8       1.025   1.896   8       1.36    2.898   8       1.044   2.603   8       1.218   3.338   8       1.016   3.889   8       1.222   4.958   8       1.145   4.599   8       1.173   5.336   8       1.307   5.847   8


2520
2520    4       5       1.169   8.263   1.025   20      0.871   0.351   8       0.617   0.709   8       0.633   1.046   8       0.633   1.451   8       0.752   2.43    8       0.63    1.928   8       0.645   2.544   8       0.646   2.841   8       0.794   3.723   8       0.634   3.22    8       0.634   3.863   8       0.63    4.244   8       0.74    5.059   8       0.634   4.675   8       0.609   5.155   8       0.635   5.46    8       0.729   6.398   8       0.66    6.031   8       0.682   6.426   8       0.678   6.697   8
2520    4       5       1.152   8.17    1.057   20      0.759   0.326   8       0.64    0.631   8       0.623   0.954   8       0.634   1.261   8       0.775   2.134   8       0.626   1.833   8       0.648   2.367   8       0.637   2.73    8       0.781   3.533   8       0.639   3.181   8       0.642   3.704   8       0.659   4.031   8       0.763   4.877   8       0.635   4.471   8       0.71    5.051   8       0.646   5.467   8       0.761   6.302   8       0.706   5.915   8       0.667   6.336   8       0.764   6.629   8
2520    4       5       1.146   8.345   1.04    20      0.78    0.421   8       0.625   0.731   8       0.632   1.12    8       0.705   1.374   8       0.75    2.231   8       0.638   1.786   8       0.65    2.376   8       0.632   2.743   8       0.784   3.562   8       0.634   3.167   8       0.651   3.593   8       0.631   4.089   8       0.961   4.921   8       0.65    4.439   8       0.638   4.943   8       0.643   5.433   8       0.784   6.338   8       0.62    5.821   8       0.662   6.449   8       0.688   6.748   8
2520    4       5       1.184   8.231   1.12    20      0.747   0.37    8       0.675   0.79    8       0.654   1.037   8       0.65    1.505   8       0.743   2.161   8       0.618   1.963   8       0.652   2.533   8       0.729   2.989   8       0.793   3.619   8       0.648   3.303   8       0.632   3.967   8       0.634   4.179   8       0.805   4.924   8       0.629   4.692   8       0.639   5.094   8       0.657   5.522   8       0.763   6.214   8       0.654   5.978   8       0.668   6.403   8       0.689   6.729   8
2520    4       5       1.196   8.229   1.009   20      0.743   0.347   8       0.645   0.656   8       0.649   1.013   8       0.634   1.381   8       0.744   2.29    8       0.691   1.842   8       0.634   2.438   8       0.641   2.609   8       0.761   3.554   8       0.748   3.266   8       0.634   3.766   8       0.634   4.047   8       0.747   4.918   8       0.638   4.512   8       0.725   5.085   8       0.617   5.459   8       0.761   6.316   8       0.641   5.857   8       0.707   6.405   8       0.679   6.786   8


2520
2520    4       7       1.262   8.759   1.071   28      0.775   0.367   8       0.569   0.522   8       0.449   0.68    8       0.471   1.047   8       0.532   1.823   8       0.422   1.506   8       0.426   1.936   8       0.417   2.171   8       0.486   2.886   8       0.485   2.52    8       0.416   2.818   8       0.421   3.179   8       0.515   3.904   8       0.421   3.415   8       0.402   3.766   8       0.404   4.045   8       0.508   4.846   8       0.484   4.378   8       0.516   4.729   8       0.396   4.99    8       0.47    5.016   8       0.396   4.575   8       0.409   5.241   8       0.434   5.499   8       0.549   5.87    8       0.428   4.977   8       0.444   5.527   8       0.434   5.736   8
2520    4       7       1.314   8.733   1.068   28      0.749   0.392   8       0.577   0.496   8       0.554   0.788   8       0.522   0.896   8       0.459   1.771   8       0.394   1.581   8       0.409   1.878   8       0.396   2.086   8       0.499   2.823   8       0.401   2.417   8       0.421   2.865   8       0.4     3.095   8       0.479   3.891   8       0.416   3.437   8       0.427   3.849   8       0.406   4.075   8       0.497   4.828   8       0.415   4.396   8       0.407   4.752   8       0.404   5.043   8       0.496   4.952   8       0.395   4.581   8       0.512   5.092   8       0.406   5.414   8       0.465   5.797   8       0.423   5.074   8       0.444   5.555   8       0.433   5.711   8
2520    4       7       1.206   8.83    1.069   28      0.699   0.337   8       0.617   0.527   8       0.479   0.644   8       0.602   1.065   8       0.585   1.876   8       0.411   1.417   8       0.416   1.879   8       0.425   1.987   8       0.511   2.939   8       0.43    2.415   8       0.408   2.875   8       0.415   3.085   8       0.481   4.019   8       0.424   3.456   8       0.412   3.855   8       0.415   4.112   8       0.484   5.021   8       0.428   4.489   8       0.423   4.904   8       0.409   5.151   8       0.465   5.192   8       0.412   4.698   8       0.423   5.304   8       0.416   5.629   8       0.505   6.115   8       0.43    5.091   8       0.441   5.491   8       0.436   5.732   8
2520    4       7       1.178   8.766   1.076   28      0.728   0.343   8       0.557   0.511   8       0.451   0.757   8       0.52    0.844   8       0.491   1.857   8       0.456   1.387   8       0.4     1.834   8       0.4     1.924   8       0.476   3.013   8       0.414   2.473   8       0.41    2.859   8       0.415   3.094   8       0.538   4.02    8       0.399   3.413   8       0.413   3.873   8       0.421   4.131   8       0.461   5.116   8       0.4     4.49    8       0.397   4.872   8       0.458   5.128   8       0.483   5.152   8       0.431   4.782   8       0.406   5.282   8       0.434   5.61    8       0.495   6.087   8       0.407   4.968   8       0.419   5.456   8       0.457   5.642   8
2520    4       7       1.226   8.601   1.064   28      0.564   0.334   8       0.554   0.415   8       0.479   0.753   8       0.49    1.017   8       0.511   1.979   8       0.416   1.353   8       0.402   1.73    8       0.407   2.097   8       0.505   2.89    8       0.433   2.471   8       0.408   2.79    8       0.414   3.112   8       0.462   3.917   8       0.387   3.404   8       0.407   3.79    8       0.428   4.017   8       0.486   4.917   8       0.422   4.413   8       0.418   4.732   8       0.424   5.006   8       0.501   5.109   8       0.414   4.667   8       0.443   5.137   8       0.43    5.365   8       0.476   6.065   8       0.423   4.915   8       0.441   5.31    8       0.427   5.623   8


2520
2520    4       8       1.23    9.402   1.055   32      0.553   0.368   8       0.58    0.4     8       0.358   0.84    8       0.472   1.062   8       0.412   1.86    8       0.446   1.427   8       0.33    1.784   8       0.359   2.037   8       0.434   2.737   8       0.323   2.4     8       0.306   2.776   8       0.321   3.027   8       0.435   3.806   8       0.332   3.399   8       0.362   3.692   8       0.303   3.993   8       0.397   4.861   8       0.319   4.339   8       0.384   4.625   8       0.311   4.926   8       0.407   5.077   8       0.315   4.422   8       0.334   5.023   8       0.317   5.178   8       0.424   5.622   8       0.318   4.818   8       0.333   5.315   8       0.429   5.4     8       0.427   6.561   8       0.299   5.584   8       0.357   6.185   8       0.362   6.335   8
2520    4       8       1.183   9.349   1.067   32      0.439   0.306   8       0.595   0.398   8       0.342   0.775   8       0.515   0.929   8       0.399   1.96    8       0.451   1.33    8       0.341   1.675   8       0.33    1.936   8       0.399   2.933   8       0.302   2.386   8       0.352   2.77    8       0.341   2.93    8       0.402   3.87    8       0.335   3.319   8       0.316   3.719   8       0.326   3.948   8       0.401   4.811   8       0.329   4.303   8       0.331   4.626   8       0.31    4.885   8       0.408   5.134   8       0.345   4.412   8       0.323   5.075   8       0.316   5.271   8       0.405   5.963   8       0.315   4.665   8       0.325   5.211   8       0.359   5.372   8       0.45    6.445   8       0.387   5.491   8       0.343   6.131   8       0.343   6.217   8
2520    4       8       1.254   9.208   1.039   32      0.599   0.34    8       0.581   0.419   8       0.364   0.69    8       0.55    0.983   8       0.4     1.82    8       0.499   1.311   8       0.336   1.707   8       0.331   1.954   8       0.381   2.842   8       0.313   2.36    8       0.313   2.659   8       0.301   2.966   8       0.392   3.731   8       0.335   3.246   8       0.331   3.618   8       0.327   3.866   8       0.417   4.736   8       0.309   4.219   8       0.42    4.508   8       0.313   4.781   8       0.4     4.936   8       0.312   4.374   8       0.323   4.915   8       0.327   5.131   8       0.4     5.622   8       0.323   4.44    8       0.322   5.058   8       0.32    5.185   8       0.394   6.315   8       0.325   5.337   8       0.333   6.046   8       0.359   6.174   8
2520    4       8       1.236   9.153   1.037   32      0.413   0.328   8       0.634   0.412   8       0.422   0.626   8       0.481   0.929   8       0.408   1.777   8       0.44    1.365   8       0.31    1.605   8       0.322   1.88    8       0.41    2.889   8       0.324   2.241   8       0.329   2.648   8       0.316   2.887   8       0.368   3.724   8       0.325   3.173   8       0.314   3.484   8       0.331   3.808   8       0.417   4.605   8       0.329   4.115   8       0.347   4.452   8       0.303   4.667   8       0.37    4.978   8       0.317   4.29    8       0.333   4.765   8       0.324   5.058   8       0.403   5.753   8       0.304   4.497   8       0.331   4.998   8       0.31    5.209   8       0.395   6.313   8       0.295   5.338   8       0.362   5.943   8       0.336   6.147   8
2520    4       8       1.219   9.147   1.038   32      0.425   0.33    8       0.549   0.443   8       0.461   0.614   8       0.483   0.998   8       0.414   1.863   8       0.419   1.404   8       0.316   1.742   8       0.348   1.866   8       0.383   2.761   8       0.32    2.357   8       0.325   2.676   8       0.338   2.924   8       0.399   3.792   8       0.313   3.23    8       0.326   3.504   8       0.329   3.757   8       0.4     4.672   8       0.303   4.14    8       0.333   4.39    8       0.345   4.689   8       0.399   4.805   8       0.344   4.242   8       0.332   4.533   8       0.328   5.012   8       0.413   5.707   8       0.318   4.607   8       0.345   5.01    8       0.318   5.211   8       0.448   6.361   8       0.301   5.382   8       0.364   5.916   8       0.348   6.113   8


2520
4140    4       1       0.999   15.143  19.945  4       20.509  1.975   8       17.922  4.653   8       12.864  9.331   8       18.996  14.247  8
4140    4       1       0.911   15.008  16.801  4       19.502  2.152   8       18.149  4.906   8       19.775  9.614   8       15.773  14.091  8
4140    4       1       1.117   15.142  14.35   4       20.686  1.922   8       20.762  4.597   8       17.407  9.69    8       13.035  14.237  8
4140    4       1       0.918   15.365  19.629  4       20.643  2.002   8       12.778  4.911   8       13.517  9.708   8       18.666  14.464  8
4140    4       1       0.969   15.525  16.44   4       20.607  1.947   8       16.592  4.634   8       19.301  9.661   8       15.236  14.616  8


4140
4140    4       3       1.152   22.711  6.041   12      7.287   1.031   8       6.817   1.862   8       5.354   4.235   8       5.38    6.269   8       7.001   8.602   8       6.525   9.386   8       6.787   11.803  8       6.262   14.194  8       6.408   16.033  8       4.395   16.765  8       6.059   19.237  8       5.657   21.551  8
4140    4       3       1.159   22.134  6.132   12      7.098   1.001   8       4.757   1.935   8       5.621   4.249   8       5.507   6.586   8       6.865   8.466   8       4.936   9.195   8       5.644   11.306  8       5.567   13.453  8       6.5     15.583  8       6.351   16.195  8       6.256   18.349  8       5.754   20.951  8
4140    4       3       1.024   21.575  5.832   12      6.946   1.017   8       6.537   1.821   8       7.025   3.934   8       5.678   5.952   8       6.242   8.275   8       6.233   8.956   8       5.858   11.344  8       6.25    13.506  8       6.575   15.194  8       6.699   15.824  8       6.356   18.072  8       5.452   20.389  8
4140    4       3       1.166   21.76   7.095   12      7.231   0.974   8       6.269   1.771   8       5.934   3.782   8       4.746   5.697   8       7.267   8.185   8       6.314   9.181   8       5.686   11.521  8       5.412   13.608  8       6.48    15.845  8       5.677   16.401  8       4.443   18.468  8       6.683   20.586  8
4140    4       3       1.184   21.963  5.055   12      7.032   0.99    8       6.379   2.053   8       5.064   4.294   8       6.706   6.745   8       6.361   8.362   8       6.41    9.129   8       5.679   11.458  8       5.787   13.974  8       7.338   15.508  8       5.711   16.259  8       5.941   18.726  8       4.682   20.767  8


4140
4140    4       5       1.244   23.024  3.342   20      3.929   0.837   8       3.598   1.23    8       2.595   2.461   8       3.709   4.125   8       3.437   5.378   8       3.193   5.649   8       3.046   6.952   8       3.129   8.421   8       3.406   9.647   8       3.147   9.831   8       3.591   11.143  8       3.263   12.717  8       3.698   13.902  8       3.593   14.225  8       3.246   15.521  8       3.507   16.963  8       3.434   18.261  8       3.597   18.528  8       3.373   20.003  8       3.074   21.553  8
4140    4       5       1.24    23.085  3.377   20      3.599   0.796   8       2.899   1.353   8       3.753   2.929   8       2.914   4.328   8       3.495   5.522   8       2.891   5.899   8       3.479   7.323   8       3.625   8.554   8       3.921   9.776   8       2.754   10.035  8       3.273   11.4    8       2.75    13.005  8       3.222   14.266  8       2.365   14.505  8       3.183   15.977  8       3.596   17.227  8       3.361   18.516  8       3.249   18.608  8       3.144   20.173  8       3.106   21.574  8
4140    4       5       1.263   23.052  3.753   20      3.511   0.783   8       3.338   1.148   8       3.625   2.55    8       3.442   4.047   8       3.549   5.181   8       3.072   5.495   8       3.389   6.864   8       2.929   8.378   8       3.71    9.554   8       3.074   9.824   8       2.83    11.249  8       3.188   12.7    8       3.856   13.997  8       3.323   14.162  8       3.35    15.556  8       3.188   17.174  8       3.677   18.448  8       3.363   18.577  8       3.41    19.974  8       3.485   21.599  8
4140    4       5       1.303   22.829  3.484   20      3.709   0.8     8       2.704   1.238   8       3.586   2.505   8       2.394   4.143   8       3.656   5.36    8       3.056   5.694   8       3.813   6.884   8       2.847   8.187   8       3.442   9.504   8       3.628   9.746   8       3.307   11.108  8       3.462   12.452  8       4.033   13.676  8       3.315   14.03   8       3.511   15.295  8       4.092   16.815  8       3.622   18.246  8       3.744   18.442  8       3.265   19.857  8       3.214   21.364  8
4140    4       5       1.119   23.075  3.584   20      3.808   0.782   8       3.006   1.508   8       3.973   3.086   8       3.281   4.518   8       3.349   5.776   8       2.792   5.906   8       3.391   7.399   8       2.667   8.925   8       3.5     10.148  8       2.927   10.36   8       3.096   11.66   8       3.324   13.012  8       3.895   14.232  8       3.605   14.27   8       3.174   15.922  8       3.153   17.158  8       3.514   18.675  8       3.357   18.677  8       3.548   20.086  8       3.311   21.476  8


4140
4140    4       7       1.636   26.659  2.93    28      2.426   0.934   8       2.24    1.242   8       1.883   2.197   8       1.793   3.069   8       2.256   4.368   8       2.393   4.503   8       2.23    5.753   8       1.715   6.606   8       2.595   7.839   8       1.876   7.941   8       2.353   9.209   8       2.233   10.332  8       2.586   11.518  8       2.136   11.687  8       1.781   12.933  8       2.439   14.027  8       2.328   15.334  8       2.099   15.389  8       1.921   16.743  8       2.233   17.668  8       2.461   18.621  8       2.192   18.249  8       2.338   19.786  8       1.971   20.653  8       2.576   21.523  8       2.462   21.716  8       1.91    22.97   8       2.191   24.049  8
4140    4       7       1.188   26.511  2.745   28      2.252   0.948   8       2.145   1.194   8       2.051   2.633   8       2.06    3.488   8       2.336   4.779   8       2.543   4.797   8       2.061   5.98    8       2.464   6.92    8       2.26    8.196   8       1.898   8.224   8       2.331   9.605   8       2.16    10.596  8       2.33    11.854  8       2.259   11.862  8       2.036   13.107  8       2.204   14.175  8       2.489   15.408  8       2.42    15.473  8       1.729   16.859  8       2.14    17.707  8       2.408   18.502  8       2.041   18.558  8       2.323   19.8    8       2.304   20.84   8       2.322   21.895  8       2.165   21.555  8       2.237   22.873  8       2.284   23.855  8
4140    4       7       1.324   26.354  2.969   28      2.704   0.876   8       2.201   1.264   8       1.716   2.227   8       2.298   3.319   8       2.253   4.449   8       2.036   4.682   8       2.159   5.945   8       1.796   6.881   8       2.375   8.022   8       1.723   8.158   8       2.366   9.375   8       1.824   10.304  8       2.29    11.535  8       2.162   11.66   8       1.807   13.077  8       1.724   13.93   8       2.273   15.239  8       2.194   15.185  8       2.167   16.346  8       2.307   17.406  8       2.346   17.941  8       2.189   18.117  8       1.964   19.521  8       2.105   20.42   8       2.687   21.376  8       1.898   21.191  8       2.391   22.414  8       2.226   23.645  8
4140    4       7       1.325   26.673  3.049   28      2.538   0.846   8       2.301   1.546   8       1.862   2.742   8       2.208   3.638   8       2.254   4.948   8       1.662   4.926   8       1.904   6.335   8       2.164   7.182   8       2.791   8.402   8       2.391   8.579   8       2.455   9.886   8       2.387   11.032  8       2.434   12.375  8       2.462   12.437  8       2.11    13.638  8       2.296   14.758  8       2.24    16.048  8       2.133   16.084  8       2.214   17.252  8       2.453   18.114  8       2.052   19.026  8       2.105   18.625  8       1.964   20.076  8       2.504   20.913  8       2.108   22.338  8       2.681   21.991  8       2.267   23.168  8       2.304   24.055  8
4140    4       7       1.331   27.686  2.731   28      2.634   0.823   8       1.991   1.768   8       1.918   3.01    8       1.901   3.657   8       2.327   5.1     8       1.78    5.083   8       2.185   6.187   8       2.063   7.159   8       2.64    8.547   8       2.124   8.421   8       1.806   9.905   8       2.366   10.792  8       2.565   12.224  8       2.188   12.113  8       2.07    13.349  8       2.423   14.581  8       2.953   16.007  8       1.783   15.832  8       1.791   17.301  8       1.774   18.563  8       2.411   19.635  8       2.152   19.496  8       2.321   20.682  8       2.163   21.863  8       2.452   22.7    8       1.785   22.723  8       2.074   24.156  8       2.438   24.98   8


4140
4140    4       8       1.262   28.444  4.01    32      2.425   0.919   8       1.922   1.205   8       1.505   2.841   8       1.897   3.67    8       1.99    4.909   8       1.831   4.854   8       1.519   6.186   8       1.764   6.908   8       1.938   8.159   8       1.925   8.105   8       1.842   9.325   8       1.721   10.216  8       2.163   11.45   8       1.724   11.358  8       1.94    12.73   8       2.137   13.686  8       2.184   14.997  8       1.703   14.88   8       1.802   16.151  8       1.591   17.081  8       2.002   17.877  8       1.791   17.649  8       1.913   18.825  8       1.601   19.628  8       1.889   20.929  8       1.979   20.077  8       1.878   21.61   8       1.519   22.36   8       2.026   22.227  8       1.776   23.188  8       1.915   24.689  8       2.112   25.525  8
4140    4       8       1.346   27.416  3.939   32      2.394   0.918   8       2.451   1.207   8       1.674   2.256   8       1.88    3.118   8       1.868   4.448   8       1.686   4.411   8       1.569   5.66    8       1.618   6.546   8       1.964   7.706   8       1.735   7.662   8       2.259   8.695   8       1.919   9.63    8       2.073   10.911  8       1.629   10.774  8       1.637   12.052  8       1.68    12.881  8       1.938   14.181  8       1.781   14.169  8       1.637   15.534  8       1.936   16.249  8       1.912   16.93   8       2.025   16.889  8       2.038   18.186  8       1.674   18.859  8       1.857   20.102  8       1.884   19.35   8       1.514   20.599  8       1.779   21.442  8       1.87    21.365  8       1.663   21.487  8       1.821   23.758  8       2.082   24.634  8
4140    4       8       1.317   28.891  4.06    32      2.47    0.928   8       1.945   1.501   8       2.02    3.128   8       1.797   3.934   8       2.002   5.2     8       1.979   5.097   8       2.173   6.214   8       1.851   7.236   8       1.986   8.459   8       1.54    8.411   8       2.099   9.565   8       2.321   10.391  8       1.995   11.515  8       2.032   11.698  8       1.706   12.955  8       2.267   13.757  8       2.061   15.133  8       1.938   14.94   8       2.071   16.374  8       1.504   17.262  8       2.01    18.054  8       1.733   17.85   8       1.776   19.123  8       1.521   19.913  8       2.033   20.765  8       1.922   20.576  8       2.016   21.725  8       2.207   22.614  8       2.348   22.195  8       1.706   23.659  8       1.794   25.087  8       2.17    26.183  8
4140    4       8       1.362   28.374  3.89    32      2.368   0.885   8       2.01    1.551   8       1.645   3.034   8       1.807   3.795   8       2.137   5.083   8       1.674   5.06    8       1.523   6.387   8       1.764   7.18    8       2.138   8.439   8       1.72    8.438   8       1.542   9.385   8       1.91    10.424  8       2.152   11.734  8       1.986   11.678  8       1.542   12.703  8       1.919   13.795  8       2.069   14.96   8       1.512   14.874  8       2.459   16.19   8       1.825   17.069  8       1.833   17.961  8       1.521   17.776  8       1.644   18.751  8       2.102   19.627  8       2.041   20.783  8       1.756   20.38   8       1.531   21.659  8       1.765   22.482  8       1.981   22.069  8       1.811   23.577  8       1.677   24.77   8       2.082   25.654  8
4140    4       8       1.29    28.523  3.982   32      2.407   0.821   8       1.883   1.22    8       1.781   2.708   8       1.952   3.61    8       2.015   4.996   8       1.95    4.753   8       1.714   6.02    8       1.738   7.002   8       2.128   8.23    8       1.876   8.206   8       1.727   9.38    8       1.666   10.205  8       2.144   11.457  8       1.611   11.372  8       1.741   12.489  8       1.573   13.489  8       2.119   14.728  8       1.799   14.63   8       2.005   15.801  8       1.717   16.84   8       1.969   17.644  8       2.127   17.529  8       1.937   18.678  8       1.91    19.439  8       2.238   20.739  8       1.965   19.936  8       1.833   21.429  8       2.128   22.359  8       1.986   22.159  8       1.655   23.079  8       2.072   24.829  8       2.051   25.692  8


4140
5040    4       1       0.955   20.866  35.631  4       33.386  2.925   8       31.249  7.075   8       39.711  13.565  8       28.233  20.105  8
5040    4       1       0.985   21.051  37.383  4       36.31   2.962   8       36.857  7.094   8       34.208  13.804  8       36.026  20.288  8
5040    4       1       1.012   20.807  29.154  4       36.782  2.928   8       36.688  6.983   8       25.134  13.375  8       27.758  20.04   8
5040    4       1       0.954   21.106  26.755  4       35.348  2.936   8       24.192  7.29    8       31.114  13.796  8       23.479  20.342  8
5040    4       1       1.012   21.332  25.151  4       36.226  2.938   8       35.562  7.017   8       22.693  13.866  8       23.337  20.573  8


5040
5040    4       3       1.013   35.89   10.759  12      12.806  1.499   8       10.452  3.061   8       8.87    6.207   8       7.85    9.109   8       11.725  13.823  8       10.782  15.627  8       13.335  19.191  8       11.199  22.599  8       12.564  25.702  8       9.393   27.392  8       10.187  31.769  8       10.198  34.815  8
5040    4       3       1.03    36.586  11.199  12      13.491  1.508   8       12.268  2.958   8       10.263  6.277   8       10.607  9.261   8       14.375  13.836  8       11.497  15.86   8       8.351   19.143  8       12.695  22.547  8       13.664  26.831  8       8.429   28.751  8       8.793   31.625  8       10.64   35.485  8
5040    4       3       1.018   36.351  11.87   12      13.612  1.551   8       9.789   3.132   8       10.752  6.214   8       9.505   9.416   8       11.776  14.482  8       11.476  16.221  8       11.687  19.216  8       9.911   22.415  8       10.952  26.42   8       11.052  28.34   8       10.461  31.759  8       11.31   35.273  8
5040    4       3       1.011   35.738  11.378  12      12.873  1.548   8       10.853  3.073   8       11.364  6.332   8       12.17   9.569   8       12.903  14.424  8       9.391   15.905  8       11.177  19.009  8       11.1    22.427  8       12.381  27.044  8       11.498  28.449  8       12.542  31.532  8       10.816  34.64   8
5040    4       3       0.96    36.122  12.109  12      12.296  1.564   8       7.997   3.07    8       11.519  6.191   8       10.094  9.486   8       12.136  13.79   8       11.684  15.58   8       9.463   18.881  8       9.57    22.211  8       12.795  26.297  8       12.253  28.221  8       8.954   31.864  8       11.548  35.043  8


5040
5040    4       5       1.117   41.586  6.701   20      6.723   1.499   8       5.638   2.507   8       5.487   5.059   8       5.55    7.701   8       7.274   9.32    8       7.474   10.341  8       5.899   13.163  8       6.218   15.669  8       7.177   17.25   8       6.012   18.435  8       7.451   21.211  8       6.998   23.808  8       6.747   25.363  8       5.732   26.251  8       5.138   29.206  8       6.84    31.791  8       7.362   33.242  8       5.936   34.268  8       6.463   37.584  8       6.324   40.303  8
5040    4       5       1.097   42.433  6.439   20      7.135   1.28    8       5.724   2.668   8       6.473   5.388   8       5.072   8.059   8       7.282   9.529   8       6.39    10.505  8       5.536   13.222  8       6.525   15.823  8       7.659   17.679  8       5.554   19.241  8       6.155   22.554  8       6.644   25.333  8       7.055   26.801  8       7.472   27.681  8       6.423   30.408  8       6.608   32.919  8       6.744   34.704  8       6.192   35.717  8       6.698   38.773  8       6.059   41.04   8
5040    4       5       1.132   40.58   6.632   20      7.337   1.168   8       6.108   2.498   8       6.438   5.229   8       5.953   7.665   8       6.999   9.377   8       5.757   10.355  8       5.756   12.955  8       7.457   15.753  8       6.865   17.316  8       6.825   18.241  8       6.458   20.93   8       4.402   23.619  8       6.912   25.161  8       4.943   26.231  8       5.447   28.61   8       6.678   31.134  8       8.293   32.829  8       5.332   33.925  8       5.953   36.431  8       6.255   39.232  8
5040    4       5       1.132   40.398  6.772   20      6.805   1.218   8       6.96    2.24    8       6.003   4.908   8       6.366   7.445   8       7.18    9.072   8       5.753   10.116  8       6.658   12.47   8       6.086   15.361  8       6.508   17.01   8       7.082   18.04   8       5.934   20.687  8       5.516   23.234  8       7.746   24.739  8       6.737   26.083  8       5.574   29.072  8       5.968   31.79   8       7.047   33.36   8       6.652   34.06   8       6.962   36.469  8       6.398   39.059  8
5040    4       5       1.142   40.93   6.376   20      7.249   1.174   8       6.399   2.187   8       5.679   4.815   8       6.151   7.722   8       6.846   9.235   8       4.56    10.511  8       4.8     13.342  8       6.165   15.69   8       6.577   17.141  8       5.3     17.977  8       6.184   20.401  8       5.062   22.924  8       7.735   24.47   8       5.051   25.591  8       5.494   28.371  8       5.324   31.125  8       7.686   32.901  8       4.851   34.036  8       6.327   36.618  8       5.835   39.649  8


5040
5040    4       7       1.15    40.586  4.988   28      5.125   1.099   8       4.139   1.63    8       4.342   3.615   8       3.934   5.472   8       4.511   6.859   8       4.595   7.226   8       3.033   9.033   8       3.747   10.724  8       4.894   12.097  8       4.126   12.454  8       3.905   14.343  8       3.968   16.346  8       5.238   17.593  8       3.048   18.121  8       4.934   19.624  8       3.657   21.454  8       5.321   23.215  8       4.53    23.606  8       3.97    25.213  8       3.215   27.069  8       4.918   28.47   8       3.682   28.688  8       4.258   30.641  8       3.882   32.369  8       4.634   33.776  8       5.077   33.752  8       4.103   35.509  8       4.644   38.013  8
5040    4       7       1.069   39.293  4.722   28      4.792   1.086   8       4.506   1.779   8       3.89    3.522   8       4.096   5.463   8       4.736   6.901   8       3.74    7.326   8       3.812   9.378   8       3.962   11.046  8       4.888   12.736  8       3.778   13.005  8       4.188   14.828  8       4.593   16.407  8       4.345   17.968  8       4.526   18.126  8       3.718   19.93   8       3.882   21.585  8       3.919   23.112  8       4.497   23.438  8       3.983   25.211  8       4.149   26.774  8       5.111   27.767  8       4.745   28.2    8       4.351   29.869  8       4.038   31.608  8       4.526   33.124  8       4.785   33.203  8       4.633   35.071  8       4.346   36.691  8
5040    4       7       1.08    39.063  5.099   28      4.925   1.329   8       4.452   1.638   8       4.515   3.854   8       3.074   5.512   8       4.811   6.815   8       3.905   7.291   8       3.825   9.286   8       4.582   10.991  8       4.773   11.954  8       2.998   12.757  8       4.52    14.352  8       4.419   16.248  8       4.492   17.712  8       3.818   18.035  8       4.238   19.765  8       3.832   21.874  8       4.53    22.791  8       4.339   23.437  8       3.733   25.106  8       4.601   27.004  8       4.505   27.729  8       3.598   28.179  8       4.041   29.798  8       4.053   31.402  8       4.556   32.673  8       3.574   32.97   8       4.573   34.709  8       4.761   36.467  8
5040    4       7       1.111   40.906  5.054   28      5.116   1.158   8       3.903   1.864   8       3.799   3.843   8       4.134   6.301   8       4.914   7.677   8       3.247   8.04    8       3.59    10.045  8       3.568   11.696  8       4.531   13.126  8       3.663   13.58   8       3.957   15.651  8       3.451   17.242  8       4.956   18.573  8       4.569   18.95   8       3.392   21.023  8       3.342   22.75   8       5.076   24.231  8       4.403   24.526  8       5.112   26.724  8       3.486   28.391  8       4.221   29.321  8       3.945   29.497  8       4.398   31.429  8       3.501   33.399  8       5.154   34.915  8       4.51    34.757  8       4.097   36.77   8       4.275   38.344  8
5040    4       7       1.159   40.635  4.69    28      5.207   1.136   8       4.512   1.521   8       4.352   3.343   8       5.189   5.397   8       4.498   6.878   8       4.55    7.239   8       3.603   9.369   8       4.595   11.183  8       5.427   12.53   8       4.823   12.878  8       4.518   14.741  8       3.354   16.346  8       4.88    18.273  8       4.573   18.605  8       4.457   20.578  8       3.876   22.176  8       4.832   23.73   8       3.563   24.114  8       4.201   25.878  8       3.795   27.709  8       4.874   28.696  8       3.627   29.006  8       3.31    30.6    8       4.546   32.392  8       4.285   33.946  8       3.491   33.869  8       4.464   36.735  8       3.879   38.029  8


5040
5040    4       8       1.183   42.049  5.625   32      4.303   0.993   8       3.477   2.559   8       3.632   4.388   8       3.202   5.527   8       3.776   6.843   8       2.95    7.47    8       2.887   9.355   8       3.58    10.84   8       3.647   12.162  8       3.57    12.497  8       2.946   14.045  8       3.834   15.768  8       3.74    17.034  8       3.024   17.42   8       4.027   19.165  8       3.666   20.67   8       3.432   21.959  8       3.139   22.065  8       3.648   23.696  8       3.222   25.261  8       3.563   25.784  8       3.518   26.689  8       3.689   28.0    8       3.416   29.685  8       4.521   30.713  8       3.669   30.821  8       3.449   32.442  8       3.754   34.158  8       4.057   34.01   8       2.929   35.97   8       3.551   37.582  8       3.795   39.322  8
5040    4       8       1.187   41.206  5.518   32      4.343   1.087   8       3.008   1.801   8       3.527   3.479   8       3.023   5.267   8       4.157   6.637   8       3.499   7.025   8       3.637   8.693   8       2.961   10.228  8       3.95    11.745  8       3.728   11.978  8       2.712   13.707  8       3.169   15.421  8       3.735   16.819  8       3.059   17.103  8       3.575   18.748  8       3.053   20.256  8       3.642   21.649  8       2.928   21.89   8       3.488   23.731  8       3.344   25.124  8       3.959   26.01   8       3.345   26.322  8       3.443   27.776  8       3.44    29.256  8       4.109   30.508  8       3.62    30.513  8       3.242   32.04   8       3.486   33.498  8       3.96    33.489  8       4.176   34.96   8       3.934   36.659  8       3.928   38.468  8
5040    4       8       1.182   42.18   5.55    32      3.988   1.177   8       3.585   1.531   8       3.175   3.497   8       3.942   5.281   8       4.268   6.654   8       2.601   6.821   8       3.804   8.722   8       3.893   10.388  8       3.784   11.814  8       3.092   11.94   8       3.239   13.741  8       3.75    15.126  8       4.017   16.474  8       3.502   16.819  8       3.369   18.661  8       3.8     20.172  8       3.679   21.706  8       3.495   21.925  8       3.459   23.709  8       2.928   25.237  8       3.778   26.108  8       3.165   26.352  8       2.817   27.926  8       3.689   29.559  8       4.207   30.715  8       2.887   30.632  8       3.705   33.322  8       3.893   34.542  8       3.552   34.615  8       3.114   36.042  8       3.285   37.818  8       3.903   39.374  8
5040    4       8       1.114   41.606  5.686   32      4.544   1.416   8       3.422   1.683   8       3.244   3.314   8       3.471   5.343   8       4.147   6.595   8       3.893   7.031   8       3.578   8.868   8       3.611   10.539  8       3.683   12.075  8       3.402   12.35   8       3.075   13.863  8       3.557   15.564  8       3.868   16.789  8       3.373   17.204  8       3.556   18.678  8       2.948   20.46   8       4.165   21.731  8       3.318   22.076  8       3.004   23.669  8       3.173   25.402  8       3.797   26.127  8       3.343   26.556  8       3.871   28.055  8       3.495   29.674  8       3.711   30.926  8       3.128   30.834  8       3.265   32.522  8       3.895   33.991  8       3.815   34.95   8       2.83    35.551  8       4.022   37.366  8       3.795   38.913  8
5040    4       8       1.15    41.131  5.659   32      4.634   1.002   8       3.447   1.695   8       3.327   3.311   8       3.032   4.935   8       3.536   6.47    8       3.48    6.734   8       3.109   8.299   8       3.232   9.911   8       3.65    11.358  8       3.386   11.639  8       3.644   13.346  8       3.514   14.933  8       4.053   16.41   8       4.15    16.638  8       3.56    18.273  8       3.591   19.832  8       4.349   21.244  8       3.048   21.593  8       3.673   23.124  8       3.01    24.851  8       4.062   25.779  8       3.632   26.094  8       3.042   27.615  8       3.028   29.288  8       3.573   30.56   8       3.413   30.355  8       3.378   32.325  8       3.036   33.471  8       3.716   33.658  8       3.425   35.142  8       3.965   36.755  8       3.846   38.277  8


5040
