960     0.049   1.98
960     0.061   1.945
960     0.048   1.932
960     0.049   1.948
960     0.049   1.963

960

1800    0.151   14.801
1800    0.153   14.823
1800    0.151   14.825
1800    0.154   14.845
1800    0.153   14.826

1800

2592    0.303   44.446
2592    0.305   44.447
2592    0.307   44.419
2592    0.308   44.556
2592    0.305   44.433

2592

3240    0.472   86.185
3240    0.476   92.162
3240    0.521   98.739
3240    0.515   100.087
3240    0.518   99.693

3240

4500    0.973   295.568
4500    0.987   360.286
4500    1.978   419.932
4500    1.107   451.092
4500    3.509   537.876

4500
