1260    0.149   9.918
1260    0.079   5.506
1260    0.171   13.632
1260    0.176   14.927
1260    0.177   12.23

1260

1728    0.144   23.77
1728    0.167   32.357
1728    0.145   22.126
1728    0.146   21.657
1728	0.152	25.346

1728

2520    0.313   86.06
2520    0.35    56.846
2520    0.298   41.043
2520    0.293   41.322
2520    0.299   40.996

2520

4140    0.748   179.073
4140    0.745   179.11
4140    0.751   179.106
4140    0.748   179.05
4140    0.761   179.065

4140

5040    1.084   322.123
5040    1.087   322.101
5040    1.094   322.057
5040    1.124   322.154
5040    1.099   322.369

5040
