0	1	0.000000	0.000000	0.000000	0.000000
1	0	0.000000	0.034000	0.000000	-0.034000
2	0	0.000000	0.033000	0.033000	-0.034000
3	1	0.000000	0.032000	0.000000	-0.066000
4	1	0.000000	0.033000	0.000000	-0.099000
5	0	0.000000	0.034000	0.000000	-0.034000
6	1	0.000000	0.033000	0.000000	-0.067000
7	1	0.000000	0.033000	0.000000	-0.100000
8	0	0.000000	0.032000	0.000000	-0.034000
9	1	0.000000	0.034000	0.000000	-0.068000
10	0	0.000000	0.033000	0.000000	-0.034000
11	0	0.000000	0.032000	0.032000	-0.034000
12	1	0.000000	0.034000	0.000000	-0.068000
13	0	0.000000	0.033000	0.000000	-0.034000
14	1	0.000000	0.032000	0.000000	-0.066000
15	0	0.000000	0.033000	0.000000	-0.034000
16	1	0.000000	0.034000	0.000000	-0.068000
17	1	0.000000	0.032000	0.000000	-0.100000
18	0	0.000000	0.033000	0.000000	-0.034000
19	1	0.000000	0.033000	0.000000	-0.067000
20	1	0.000000	0.034000	0.000000	-0.101000
21	1	0.000000	0.033000	0.000000	-0.134000
22	0	0.000000	0.033000	0.000000	-0.034000
23	0	0.000000	0.032000	0.032000	-0.034000
24	0	0.000000	0.034000	0.034000	-0.034000
25	1	0.000000	0.032000	0.000000	-0.066000
26	1	0.000000	0.033000	0.000000	-0.099000
27	0	0.000000	0.034000	0.000000	-0.034000
28	1	0.000000	0.033000	0.000000	-0.067000
29	1	0.000000	0.032000	0.000000	-0.099000
30	0	0.000000	0.034000	0.000000	-0.034000
31	0	0.000000	0.033000	0.033000	-0.034000
32	1	0.000000	0.032000	0.000000	-0.066000
33	1	0.000000	0.033000	0.000000	-0.099000
34	1	0.000000	0.034000	0.000000	-0.133000
35	0	0.000000	0.032000	0.000000	-0.034000
36	0	0.000000	0.033000	0.033000	-0.034000
37	1	0.000000	0.034000	0.000000	-0.068000
38	1	0.000000	0.033000	0.000000	-0.101000
39	1	0.000000	0.032000	0.000000	-0.133000
40	0	0.000000	0.033000	0.000000	-0.034000
41	1	0.000000	0.034000	0.000000	-0.068000
42	1	0.000000	0.033000	0.000000	-0.101000
43	1	0.000000	0.033000	0.000000	-0.134000
44	1	0.000000	0.032000	0.000000	-0.166000
45	0	0.000000	0.033000	0.000000	-0.034000
46	1	0.000000	0.034000	0.000000	-0.068000
47	1	0.000000	0.033000	0.000000	-0.101000
48	1	0.000000	0.032000	0.000000	-0.133000
49	1	0.000000	0.033000	0.000000	-0.166000
50	1	0.000000	0.034000	0.000000	-0.200000
51	1	0.000000	0.033000	0.000000	-0.233000
52	1	0.000000	0.032000	0.000000	-0.265000
53	1	0.000000	0.033000	0.000000	-0.298000
54	1	0.000000	0.034000	0.000000	-0.332000
55	1	0.000000	0.032000	0.000000	-0.364000
56	1	0.000000	0.034000	0.000000	-0.398000
57	0	0.000000	0.032000	0.000000	-0.034000
58	1	0.000000	0.034000	0.000000	-0.068000
59	0	0.000000	0.032000	0.000000	-0.034000
60	1	0.000000	0.033000	0.000000	-0.067000
61	1	0.000000	0.033000	0.000000	-0.100000
62	0	0.000000	0.033000	0.000000	-0.034000
63	0	0.000000	0.034000	0.034000	-0.034000
64	1	0.000000	0.033000	0.000000	-0.067000
65	0	0.000000	0.033000	0.000000	-0.034000
66	1	0.000000	0.032000	0.000000	-0.066000
67	1	0.000000	0.033000	0.000000	-0.099000
68	1	0.000000	0.034000	0.000000	-0.133000
69	1	0.000000	0.032000	0.000000	-0.165000
70	1	0.000000	0.033000	0.000000	-0.198000
71	1	0.000000	0.033000	0.000000	-0.231000
72	1	0.000000	0.034000	0.000000	-0.265000
73	0	0.000000	0.033000	0.000000	-0.034000
74	1	0.000000	0.032000	0.000000	-0.066000
75	1	0.000000	0.033000	0.000000	-0.099000
76	1	0.000000	0.034000	0.000000	-0.133000
77	1	0.000000	0.033000	0.000000	-0.166000
78	1	0.000000	0.032000	0.000000	-0.198000
79	1	0.000000	0.034000	0.000000	-0.232000
80	1	0.000000	0.033000	0.000000	-0.265000
81	1	0.000000	0.033000	0.000000	-0.298000
82	0	0.000000	0.033000	0.000000	-0.034000
83	1	0.000000	0.033000	0.000000	-0.067000
84	0	0.000000	0.033000	0.000000	-0.034000
85	1	0.000000	0.033000	0.000000	-0.067000
86	1	0.000000	0.033000	0.000000	-0.100000
87	1	0.000000	0.033000	0.000000	-0.133000
88	0	0.000000	0.033000	0.000000	-0.034000
89	0	0.000000	0.033000	0.033000	-0.034000
90	1	0.000000	0.033000	0.000000	-0.067000
91	1	0.000000	0.032000	0.000000	-0.099000
92	0	0.000000	0.033000	0.000000	-0.034000
93	1	0.000000	0.034000	0.000000	-0.068000
94	1	0.000000	0.033000	0.000000	-0.101000
95	0	0.000000	0.033000	0.000000	-0.034000
96	0	0.000000	0.032000	0.032000	-0.034000
97	1	0.000000	0.033000	0.000000	-0.067000
98	0	0.000000	0.034000	0.000000	-0.034000
99	1	0.000000	0.032000	0.000000	-0.066000
100	1	0.000000	0.033000	0.000000	-0.099000
101	1	0.000000	0.034000	0.000000	-0.133000
102	0	0.000000	0.033000	0.000000	-0.034000
103	1	0.000000	0.033000	0.000000	-0.067000
104	1	0.000000	0.033000	0.000000	-0.100000
105	1	0.000000	0.034000	0.000000	-0.134000
106	0	0.000000	0.033000	0.000000	-0.034000
107	0	0.000000	0.033000	0.033000	-0.034000
108	0	0.000000	0.034000	0.034000	-0.034000
109	1	0.000000	0.033000	0.000000	-0.067000
110	1	0.000000	0.033000	0.000000	-0.100000
111	1	0.000000	0.034000	0.000000	-0.134000
112	1	0.000000	0.033000	0.000000	-0.167000
113	1	0.000000	0.033000	0.000000	-0.200000
114	1	0.000000	0.034000	0.000000	-0.234000
115	0	0.000000	0.033000	0.000000	-0.034000
116	1	0.000000	0.033000	0.000000	-0.067000
117	1	0.000000	0.034000	0.000000	-0.101000
118	0	0.000000	0.033000	0.000000	-0.034000
119	1	0.000000	0.033000	0.000000	-0.067000
120	1	0.000000	0.034000	0.000000	-0.101000
121	0	0.000000	0.033000	0.000000	-0.034000
122	0	0.000000	0.033000	0.033000	-0.034000
123	1	0.000000	0.034000	0.000000	-0.068000
124	1	0.000000	0.033000	0.000000	-0.101000
125	1	0.000000	0.033000	0.000000	-0.134000
126	0	0.000000	0.034000	0.000000	-0.034000
127	1	0.000000	0.033000	0.000000	-0.067000
128	0	0.000000	0.033000	0.000000	-0.034000
129	1	0.000000	0.034000	0.000000	-0.068000
130	1	0.000000	0.033000	0.000000	-0.101000
131	0	0.000000	0.033000	0.000000	-0.034000
132	1	0.000000	0.034000	0.000000	-0.068000
133	1	0.000000	0.033000	0.000000	-0.101000
134	1	0.000000	0.033000	0.000000	-0.134000
135	0	0.000000	0.034000	0.000000	-0.034000
136	1	0.000000	0.033000	0.000000	-0.067000
137	0	0.000000	0.033000	0.000000	-0.034000
138	0	0.000000	0.034000	0.034000	-0.034000
139	1	0.000000	0.033000	0.000000	-0.067000
140	1	0.000000	0.033000	0.000000	-0.100000
141	1	0.000000	0.034000	0.000000	-0.134000
142	0	0.000000	0.033000	0.000000	-0.034000
143	1	0.000000	0.033000	0.000000	-0.067000
144	0	0.000000	0.034000	0.000000	-0.034000
145	1	0.000000	0.033000	0.000000	-0.067000
146	1	0.000000	0.033000	0.000000	-0.100000
147	1	0.000000	0.034000	0.000000	-0.134000
148	1	0.000000	0.033000	0.000000	-0.167000
149	1	0.000000	0.033000	0.000000	-0.200000
150	1	0.000000	0.034000	0.000000	-0.234000
151	1	0.000000	0.033000	0.000000	-0.267000
152	1	0.000000	0.033000	0.000000	-0.300000
153	1	0.000000	0.034000	0.000000	-0.334000
154	1	0.000000	0.033000	0.000000	-0.367000
155	1	0.000000	0.033000	0.000000	-0.400000
156	1	0.000000	0.034000	0.000000	-0.434000
157	1	0.000000	0.033000	0.000000	-0.467000
158	0	0.000000	0.033000	0.000000	-0.034000
159	1	0.000000	0.034000	0.000000	-0.068000
160	1	0.000000	0.033000	0.000000	-0.101000
161	0	0.000000	0.033000	0.000000	-0.034000
162	0	0.000000	0.034000	0.034000	-0.034000
163	1	0.000000	0.033000	0.000000	-0.067000
164	1	0.000000	0.033000	0.000000	-0.100000
165	1	0.000000	0.034000	0.000000	-0.134000
166	1	0.000000	0.033000	0.000000	-0.167000
167	1	0.000000	0.033000	0.000000	-0.200000
168	1	0.000000	0.034000	0.000000	-0.234000
169	0	0.000000	0.033000	0.000000	-0.034000
170	0	0.000000	0.033000	0.033000	-0.034000
171	1	0.000000	0.034000	0.000000	-0.068000
172	0	0.000000	0.033000	0.000000	-0.034000
173	1	0.000000	0.033000	0.000000	-0.067000
174	1	0.000000	0.034000	0.000000	-0.101000
175	0	0.000000	0.033000	0.000000	-0.034000
176	0	0.000000	0.033000	0.033000	-0.034000
177	1	0.000000	0.034000	0.000000	-0.068000
178	1	0.000000	0.033000	0.000000	-0.101000
179	1	0.000000	0.033000	0.000000	-0.134000
180	1	0.000000	0.034000	0.000000	-0.168000
181	0	0.000000	0.033000	0.000000	-0.034000
182	1	0.000000	0.033000	0.000000	-0.067000
183	1	0.000000	0.034000	0.000000	-0.101000
184	0	0.000000	0.033000	0.000000	-0.034000
185	0	0.000000	0.033000	0.033000	-0.034000
186	1	0.000000	0.034000	0.000000	-0.068000
187	0	0.000000	0.033000	0.000000	-0.034000
188	0	0.000000	0.033000	0.033000	-0.034000
189	1	0.000000	0.034000	0.000000	-0.068000
190	1	0.000000	0.033000	0.000000	-0.101000
191	1	0.000000	0.033000	0.000000	-0.134000
192	1	0.000000	0.034000	0.000000	-0.168000
193	0	0.000000	0.033000	0.000000	-0.034000
194	1	0.000000	0.033000	0.000000	-0.067000
195	1	0.000000	0.034000	0.000000	-0.101000
196	1	0.000000	0.033000	0.000000	-0.134000
197	1	0.000000	0.033000	0.000000	-0.167000
198	1	0.000000	0.034000	0.000000	-0.201000
199	1	0.000000	0.033000	0.000000	-0.234000
200	1	0.000000	0.000000	0.000000	-0.234000
201	0	0.000000	0.067000	0.000000	-0.034000
202	0	0.000000	0.000000	0.000000	-0.034000
203	1	0.000000	0.066000	0.000000	-0.100000
204	1	0.000000	0.000000	0.000000	-0.100000
205	1	0.000000	0.067000	0.000000	-0.167000
206	1	0.000000	0.000000	0.000000	-0.167000
207	0	0.000000	0.067000	0.000000	-0.034000
208	0	0.000000	0.000000	0.000000	-0.034000
209	0	0.000000	0.066000	0.066000	-0.034000
210	1	0.000000	0.000000	0.000000	-0.034000
211	1	0.000000	0.067000	0.000000	-0.101000
212	0	0.000000	0.000000	0.000000	-0.034000
213	0	0.000000	0.067000	0.067000	-0.034000
214	1	0.000000	0.000000	0.000000	-0.034000
215	0	0.000000	0.066000	0.000000	-0.034000
216	0	0.000000	0.000000	0.000000	-0.034000
217	1	0.000000	0.067000	0.000000	-0.101000
218	0	0.000000	0.000000	0.000000	-0.034000
219	1	0.000000	0.067000	0.000000	-0.101000
220	0	0.000000	0.000000	0.000000	-0.034000
221	0	0.000000	0.066000	0.066000	-0.034000
222	1	0.000000	0.000000	0.000000	-0.034000
223	1	0.000000	0.067000	0.000000	-0.101000
224	1	0.000000	0.000000	0.000000	-0.101000
225	1	0.000000	0.067000	0.000000	-0.168000
226	1	0.000000	0.000000	0.000000	-0.168000
227	1	0.000000	0.066000	0.000000	-0.234000
228	0	0.000000	0.000000	0.000000	-0.034000
229	1	0.000000	0.067000	0.000000	-0.101000
230	1	0.000000	0.000000	0.000000	-0.101000
231	1	0.000000	0.067000	0.000000	-0.168000
232	1	0.000000	0.000000	0.000000	-0.168000
233	1	0.000000	0.066000	0.000000	-0.234000
234	0	0.000000	0.000000	0.000000	-0.034000
235	1	0.000000	0.067000	0.000000	-0.101000
236	1	0.000000	0.000000	0.000000	-0.101000
237	1	0.000000	0.067000	0.000000	-0.168000
238	1	0.000000	0.000000	0.000000	-0.168000
239	1	0.000000	0.066000	0.000000	-0.234000
240	1	0.000000	0.000000	0.000000	-0.234000
241	1	0.000000	0.067000	0.000000	-0.301000
242	1	0.000000	0.000000	0.000000	-0.301000
243	1	0.000000	0.067000	0.000000	-0.368000
244	1	0.000000	0.000000	0.000000	-0.368000
245	1	0.000000	0.066000	0.000000	-0.434000
246	1	0.000000	0.000000	0.000000	-0.434000
247	1	0.000000	0.067000	0.000000	-0.501000
248	1	0.000000	0.000000	0.000000	-0.501000
249	0	0.000000	0.067000	0.000000	-0.034000
250	1	0.000000	0.000000	0.000000	-0.034000
251	1	0.000000	0.066000	0.000000	-0.100000
252	0	0.000000	0.000000	0.000000	-0.034000
253	1	0.000000	0.067000	0.000000	-0.101000
254	1	0.000000	0.000000	0.000000	-0.101000
255	0	0.000000	0.067000	0.000000	-0.034000
256	1	0.000000	0.000000	0.000000	-0.034000
257	1	0.000000	0.066000	0.000000	-0.100000
258	0	0.000000	0.000000	0.000000	-0.034000
259	0	0.000000	0.067000	0.067000	-0.034000
260	0	0.000000	0.000000	0.000000	-0.034000
261	0	0.000000	0.067000	0.067000	-0.034000
262	1	0.000000	0.000000	0.000000	-0.034000
263	1	0.000000	0.066000	0.000000	-0.100000
264	0	0.000000	0.000000	0.000000	-0.034000
265	1	0.000000	0.067000	0.000000	-0.101000
266	0	0.000000	0.000000	0.000000	-0.034000
267	1	0.000000	0.067000	0.000000	-0.101000
268	1	0.000000	0.000000	0.000000	-0.101000
269	0	0.000000	0.066000	0.000000	-0.034000
270	1	0.000000	0.000000	0.000000	-0.034000
271	0	0.000000	0.067000	0.000000	-0.034000
272	1	0.000000	0.000000	0.000000	-0.034000
273	0	0.000000	0.067000	0.000000	-0.034000
274	0	0.000000	0.000000	0.000000	-0.034000
275	1	0.000000	0.066000	0.000000	-0.100000
276	1	0.000000	0.000000	0.000000	-0.100000
277	1	0.000000	0.067000	0.000000	-0.167000
278	0	0.000000	0.000000	0.000000	-0.034000
279	0	0.000000	0.067000	0.067000	-0.034000
280	1	0.000000	0.000000	0.000000	-0.034000
281	0	0.000000	0.066000	0.000000	-0.034000
282	1	0.000000	0.000000	0.000000	-0.034000
283	1	0.000000	0.067000	0.000000	-0.101000
284	1	0.000000	0.000000	0.000000	-0.101000
285	0	0.000000	0.067000	0.000000	-0.034000
286	1	0.000000	0.000000	0.000000	-0.034000
287	0	0.000000	0.066000	0.000000	-0.034000
288	1	0.000000	0.000000	0.000000	-0.034000
289	1	0.000000	0.067000	0.000000	-0.101000
290	1	0.000000	0.000000	0.000000	-0.101000
291	0	0.000000	0.067000	0.000000	-0.034000
292	0	0.000000	0.000000	0.000000	-0.034000
293	1	0.000000	0.066000	0.000000	-0.100000
294	0	0.000000	0.000000	0.000000	-0.034000
295	1	0.000000	0.067000	0.000000	-0.101000
296	0	0.000000	0.000000	0.000000	-0.034000
297	1	0.000000	0.067000	0.000000	-0.101000
298	1	0.000000	0.000000	0.000000	-0.101000
299	1	0.000000	0.066000	0.000000	-0.167000
300	1	0.000000	0.000000	0.000000	-0.167000
301	1	0.000000	0.000000	0.000000	-0.167000
302	0	0.000000	0.100000	0.000000	-0.034000
303	1	0.000000	0.000000	0.000000	-0.034000
304	1	0.000000	0.000000	0.000000	-0.034000
305	0	0.000000	0.100000	0.000000	-0.034000
306	1	0.000000	0.000000	0.000000	-0.034000
307	0	0.000000	0.000000	0.000000	-0.034000
308	1	0.000000	0.100000	0.000000	-0.134000
309	1	0.000000	0.000000	0.000000	-0.134000
310	1	0.000000	0.000000	0.000000	-0.134000
311	0	0.000000	0.100000	0.000000	-0.034000
312	1	0.000000	0.000000	0.000000	-0.034000
313	1	0.000000	0.000000	0.000000	-0.034000
314	0	0.000000	0.100000	0.000000	-0.034000
315	1	0.000000	0.000000	0.000000	-0.034000
316	0	0.000000	0.000000	0.000000	-0.034000
317	1	0.000000	0.100000	0.000000	-0.134000
318	0	0.000000	0.000000	0.000000	-0.034000
319	0	0.000000	0.000000	0.000000	-0.034000
320	1	0.000000	0.100000	0.000000	-0.134000
321	1	0.000000	0.000000	0.000000	-0.134000
322	1	0.000000	0.000000	0.000000	-0.134000
323	1	0.000000	0.100000	0.000000	-0.234000
324	1	0.000000	0.000000	0.000000	-0.234000
325	1	0.000000	0.000000	0.000000	-0.234000
326	0	0.000000	0.100000	0.000000	-0.034000
327	0	0.000000	0.000000	0.000000	-0.034000
328	0	0.000000	0.000000	0.000000	-0.034000
329	1	0.000000	0.100000	0.000000	-0.134000
330	0	0.000000	0.000000	0.000000	-0.034000
331	1	0.000000	0.000000	0.000000	-0.034000
332	0	0.000000	0.100000	0.000000	-0.034000
333	0	0.000000	0.000000	0.000000	-0.034000
334	1	0.000000	0.000000	0.000000	-0.034000
335	1	0.000000	0.100000	0.000000	-0.134000
336	0	0.000000	0.000000	0.000000	-0.034000
337	1	0.000000	0.000000	0.000000	-0.034000
338	1	0.000000	0.100000	0.000000	-0.134000
339	1	0.000000	0.000000	0.000000	-0.134000
340	1	0.000000	0.000000	0.000000	-0.134000
341	1	0.000000	0.100000	0.000000	-0.234000
342	1	0.000000	0.000000	0.000000	-0.234000
343	1	0.000000	0.000000	0.000000	-0.234000
344	1	0.000000	0.100000	0.000000	-0.334000
345	0	0.000000	0.000000	0.000000	-0.034000
346	1	0.000000	0.000000	0.000000	-0.034000
347	1	0.000000	0.100000	0.000000	-0.134000
348	1	0.000000	0.000000	0.000000	-0.134000
349	1	0.000000	0.000000	0.000000	-0.134000
350	0	0.000000	0.100000	0.000000	-0.034000
351	1	0.000000	0.000000	0.000000	-0.034000
352	1	0.000000	0.000000	0.000000	-0.034000
353	1	0.000000	0.100000	0.000000	-0.134000
354	1	0.000000	0.000000	0.000000	-0.134000
355	1	0.000000	0.000000	0.000000	-0.134000
356	0	0.000000	0.100000	0.000000	-0.034000
357	0	0.000000	0.000000	0.000000	-0.034000
358	0	0.000000	0.000000	0.000000	-0.034000
359	1	0.000000	0.100000	0.000000	-0.134000
360	1	0.000000	0.000000	0.000000	-0.134000
361	0	0.000000	0.000000	0.000000	-0.034000
362	1	0.000000	0.100000	0.000000	-0.134000
363	1	0.000000	0.000000	0.000000	-0.134000
364	1	0.000000	0.000000	0.000000	-0.134000
365	1	0.000000	0.100000	0.000000	-0.234000
366	1	0.000000	0.000000	0.000000	-0.234000
367	1	0.000000	0.000000	0.000000	-0.234000
368	1	0.000000	0.100000	0.000000	-0.334000
369	0	0.000000	0.000000	0.000000	-0.034000
370	0	0.000000	0.000000	0.000000	-0.034000
371	0	0.000000	0.100000	0.100000	-0.034000
372	1	0.000000	0.000000	0.000000	-0.034000
373	1	0.000000	0.000000	0.000000	-0.034000
374	1	0.000000	0.100000	0.000000	-0.134000
375	1	0.000000	0.000000	0.000000	-0.134000
376	1	0.000000	0.000000	0.000000	-0.134000
377	1	0.000000	0.100000	0.000000	-0.234000
378	0	0.000000	0.000000	0.000000	-0.034000
379	1	0.000000	0.000000	0.000000	-0.034000
380	1	0.000000	0.100000	0.000000	-0.134000
381	1	0.000000	0.000000	0.000000	-0.134000
382	0	0.000000	0.000000	0.000000	-0.034000
383	1	0.000000	0.100000	0.000000	-0.134000
384	1	0.000000	0.000000	0.000000	-0.134000
385	1	0.000000	0.000000	0.000000	-0.134000
386	1	0.000000	0.100000	0.000000	-0.234000
387	1	0.000000	0.000000	0.000000	-0.234000
388	1	0.000000	0.000000	0.000000	-0.234000
389	1	0.000000	0.100000	0.000000	-0.334000
390	1	0.000000	0.000000	0.000000	-0.334000
391	1	0.000000	0.000000	0.000000	-0.334000
392	1	0.000000	0.100000	0.000000	-0.434000
393	1	0.000000	0.000000	0.000000	-0.434000
394	1	0.000000	0.000000	0.000000	-0.434000
395	1	0.000000	0.100000	0.000000	-0.534000
396	1	0.000000	0.000000	0.000000	-0.534000
397	1	0.000000	0.000000	0.000000	-0.534000
398	1	0.000000	0.100000	0.000000	-0.634000
399	0	0.000000	0.000000	0.000000	-0.034000
400	1	0.000000	0.000000	0.000000	-0.034000
401	1	0.000000	0.000000	0.000000	-0.034000
402	1	0.000000	0.134000	0.000000	-0.168000
403	1	0.000000	0.000000	0.000000	-0.168000
404	1	0.000000	0.000000	0.000000	-0.168000
405	1	0.000000	0.000000	0.000000	-0.168000
406	1	0.000000	0.133000	0.000000	-0.301000
407	1	0.000000	0.000000	0.000000	-0.301000
408	1	0.000000	0.000000	0.000000	-0.301000
409	1	0.000000	0.000000	0.000000	-0.301000
410	1	0.000000	0.133000	0.000000	-0.434000
411	1	0.000000	0.000000	0.000000	-0.434000
412	1	0.000000	0.000000	0.000000	-0.434000
413	1	0.000000	0.000000	0.000000	-0.434000
414	1	0.000000	0.134000	0.000000	-0.568000
415	1	0.000000	0.000000	0.000000	-0.568000
416	0	0.000000	0.000000	0.000000	-0.034000
417	1	0.000000	0.000000	0.000000	-0.034000
418	1	0.000000	0.133000	0.000000	-0.167000
419	1	0.000000	0.000000	0.000000	-0.167000
420	1	0.000000	0.000000	0.000000	-0.167000
421	1	0.000000	0.000000	0.000000	-0.167000
422	0	0.000000	0.133000	0.000000	-0.034000
423	1	0.000000	0.000000	0.000000	-0.034000
424	1	0.000000	0.000000	0.000000	-0.034000
425	1	0.000000	0.000000	0.000000	-0.034000
426	1	0.000000	0.134000	0.000000	-0.168000
427	0	0.000000	0.000000	0.000000	-0.034000
428	1	0.000000	0.000000	0.000000	-0.034000
429	0	0.000000	0.000000	0.000000	-0.034000
430	1	0.000000	0.133000	0.000000	-0.167000
431	0	0.000000	0.000000	0.000000	-0.034000
432	1	0.000000	0.000000	0.000000	-0.034000
433	1	0.000000	0.000000	0.000000	-0.034000
434	1	0.000000	0.133000	0.000000	-0.167000
435	1	0.000000	0.000000	0.000000	-0.167000
436	1	0.000000	0.000000	0.000000	-0.167000
437	1	0.000000	0.000000	0.000000	-0.167000
438	0	0.000000	0.134000	0.000000	-0.034000
439	0	0.000000	0.000000	0.000000	-0.034000
440	1	0.000000	0.000000	0.000000	-0.034000
441	1	0.000000	0.000000	0.000000	-0.034000
442	1	0.000000	0.133000	0.000000	-0.167000
443	1	0.000000	0.000000	0.000000	-0.167000
444	1	0.000000	0.000000	0.000000	-0.167000
445	1	0.000000	0.000000	0.000000	-0.167000
446	1	0.000000	0.133000	0.000000	-0.300000
447	1	0.000000	0.000000	0.000000	-0.300000
448	0	0.000000	0.000000	0.000000	-0.034000
449	1	0.000000	0.000000	0.000000	-0.034000
450	1	0.000000	0.134000	0.000000	-0.168000
451	1	0.000000	0.000000	0.000000	-0.168000
452	1	0.000000	0.066000	0.000000	-0.234000
453	1	0.000000	0.000000	0.000000	-0.234000
454	0	0.000000	0.000000	0.000000	-0.034000
455	1	0.000000	0.000000	0.000000	-0.034000
456	1	0.000000	0.134000	0.000000	-0.168000
457	1	0.000000	0.000000	0.000000	-0.168000
458	1	0.000000	0.000000	0.000000	-0.168000
459	1	0.000000	0.000000	0.000000	-0.168000
460	0	0.000000	0.133000	0.000000	-0.034000
461	0	0.000000	0.000000	0.000000	-0.034000
462	1	0.000000	0.000000	0.000000	-0.034000
463	1	0.000000	0.000000	0.000000	-0.034000
464	1	0.000000	0.133000	0.000000	-0.167000
465	0	0.000000	0.000000	0.000000	-0.034000
466	1	0.000000	0.000000	0.000000	-0.034000
467	1	0.000000	0.000000	0.000000	-0.034000
468	0	0.000000	0.134000	0.000000	-0.034000
469	1	0.000000	0.000000	0.000000	-0.034000
470	0	0.000000	0.000000	0.000000	-0.034000
471	0	0.000000	0.000000	0.000000	-0.034000
472	1	0.000000	0.133000	0.000000	-0.167000
473	0	0.000000	0.000000	0.000000	-0.034000
474	0	0.000000	0.000000	0.000000	-0.034000
475	1	0.000000	0.000000	0.000000	-0.034000
476	0	0.000000	0.133000	0.000000	-0.034000
477	1	0.000000	0.000000	0.000000	-0.034000
478	1	0.000000	0.000000	0.000000	-0.034000
479	0	0.000000	0.000000	0.000000	-0.034000
480	1	0.000000	0.134000	0.000000	-0.168000
481	1	0.000000	0.000000	0.000000	-0.168000
482	1	0.000000	0.000000	0.000000	-0.168000
483	1	0.000000	0.000000	0.000000	-0.168000
484	0	0.000000	0.133000	0.000000	-0.034000
485	1	0.000000	0.000000	0.000000	-0.034000
486	1	0.000000	0.000000	0.000000	-0.034000
487	1	0.000000	0.000000	0.000000	-0.034000
488	0	0.000000	0.133000	0.000000	-0.034000
489	1	0.000000	0.000000	0.000000	-0.034000
490	0	0.000000	0.000000	0.000000	-0.034000
491	1	0.000000	0.000000	0.000000	-0.034000
492	0	0.000000	0.134000	0.000000	-0.034000
493	1	0.000000	0.000000	0.000000	-0.034000
494	1	0.000000	0.000000	0.000000	-0.034000
495	1	0.000000	0.000000	0.000000	-0.034000
496	1	0.000000	0.133000	0.000000	-0.167000
497	1	0.000000	0.000000	0.000000	-0.167000
498	0	0.000000	0.000000	0.000000	-0.034000
499	1	0.000000	0.000000	0.000000	-0.034000
500	1	0.000000	0.000000	0.000000	-0.034000
501	1	0.000000	0.167000	0.000000	-0.201000
502	1	0.000000	0.000000	0.000000	-0.201000
503	0	0.000000	0.000000	0.000000	-0.034000
504	1	0.000000	0.000000	0.000000	-0.034000
505	1	0.000000	0.000000	0.000000	-0.034000
506	1	0.000000	0.166000	0.000000	-0.200000
507	1	0.000000	0.000000	0.000000	-0.200000
508	0	0.000000	0.000000	0.000000	-0.034000
509	1	0.000000	0.000000	0.000000	-0.034000
510	1	0.000000	0.000000	0.000000	-0.034000
511	0	0.000000	0.167000	0.000000	-0.034000
512	1	0.000000	0.000000	0.000000	-0.034000
513	1	0.000000	0.000000	0.000000	-0.034000
514	1	0.000000	0.000000	0.000000	-0.034000
515	1	0.000000	0.000000	0.000000	-0.034000
516	0	0.000000	0.167000	0.000000	-0.034000
517	0	0.000000	0.000000	0.000000	-0.034000
518	0	0.000000	0.000000	0.000000	-0.034000
519	0	0.000000	0.000000	0.000000	-0.034000
520	0	0.000000	0.000000	0.000000	-0.034000
521	1	0.000000	0.166000	0.000000	-0.200000
522	0	0.000000	0.000000	0.000000	-0.034000
523	1	0.000000	0.000000	0.000000	-0.034000
524	0	0.000000	0.000000	0.000000	-0.034000
525	1	0.000000	0.000000	0.000000	-0.034000
526	1	0.000000	0.167000	0.000000	-0.201000
527	1	0.000000	0.000000	0.000000	-0.201000
528	1	0.000000	0.000000	0.000000	-0.201000
529	1	0.000000	0.000000	0.000000	-0.201000
530	1	0.000000	0.000000	0.000000	-0.201000
531	0	0.000000	0.167000	0.000000	-0.034000
532	1	0.000000	0.000000	0.000000	-0.034000
533	0	0.000000	0.000000	0.000000	-0.034000
534	1	0.000000	0.000000	0.000000	-0.034000
535	1	0.000000	0.000000	0.000000	-0.034000
536	1	0.000000	0.166000	0.000000	-0.200000
537	1	0.000000	0.000000	0.000000	-0.200000
538	1	0.000000	0.000000	0.000000	-0.200000
539	1	0.000000	0.000000	0.000000	-0.200000
540	1	0.000000	0.000000	0.000000	-0.200000
541	1	0.000000	0.167000	0.000000	-0.367000
542	0	0.000000	0.000000	0.000000	-0.034000
543	1	0.000000	0.000000	0.000000	-0.034000
544	0	0.000000	0.000000	0.000000	-0.034000
545	1	0.000000	0.000000	0.000000	-0.034000
546	0	0.000000	0.167000	0.000000	-0.034000
547	0	0.000000	0.000000	0.000000	-0.034000
548	1	0.000000	0.000000	0.000000	-0.034000
549	1	0.000000	0.000000	0.000000	-0.034000
550	1	0.000000	0.000000	0.000000	-0.034000
551	0	0.000000	0.166000	0.000000	-0.034000
552	1	0.000000	0.000000	0.000000	-0.034000
553	0	0.000000	0.000000	0.000000	-0.034000
554	0	0.000000	0.000000	0.000000	-0.034000
555	1	0.000000	0.000000	0.000000	-0.034000
556	1	0.000000	0.167000	0.000000	-0.201000
557	1	0.000000	0.000000	0.000000	-0.201000
558	1	0.000000	0.000000	0.000000	-0.201000
559	1	0.000000	0.000000	0.000000	-0.201000
560	1	0.000000	0.000000	0.000000	-0.201000
561	1	0.000000	0.167000	0.000000	-0.368000
562	1	0.000000	0.000000	0.000000	-0.368000
563	0	0.000000	0.000000	0.000000	-0.034000
564	0	0.000000	0.000000	0.000000	-0.034000
565	1	0.000000	0.000000	0.000000	-0.034000
566	1	0.000000	0.166000	0.000000	-0.200000
567	0	0.000000	0.000000	0.000000	-0.034000
568	1	0.000000	0.000000	0.000000	-0.034000
569	1	0.000000	0.000000	0.000000	-0.034000
570	1	0.000000	0.000000	0.000000	-0.034000
571	1	0.000000	0.167000	0.000000	-0.201000
572	1	0.000000	0.000000	0.000000	-0.201000
573	1	0.000000	0.000000	0.000000	-0.201000
574	1	0.000000	0.000000	0.000000	-0.201000
575	1	0.000000	0.000000	0.000000	-0.201000
576	1	0.000000	0.167000	0.000000	-0.368000
577	1	0.000000	0.000000	0.000000	-0.368000
578	0	0.000000	0.000000	0.000000	-0.034000
579	1	0.000000	0.000000	0.000000	-0.034000
580	1	0.000000	0.000000	0.000000	-0.034000
581	1	0.000000	0.166000	0.000000	-0.200000
582	1	0.000000	0.000000	0.000000	-0.200000
583	1	0.000000	0.000000	0.000000	-0.200000
584	0	0.000000	0.000000	0.000000	-0.034000
585	0	0.000000	0.000000	0.000000	-0.034000
586	0	0.000000	0.167000	0.167000	-0.034000
587	1	0.000000	0.000000	0.000000	-0.034000
588	1	0.000000	0.000000	0.000000	-0.034000
589	1	0.000000	0.000000	0.000000	-0.034000
590	1	0.000000	0.000000	0.000000	-0.034000
591	1	0.000000	0.167000	0.000000	-0.201000
592	1	0.000000	0.000000	0.000000	-0.201000
593	1	0.000000	0.000000	0.000000	-0.201000
594	0	0.000000	0.000000	0.000000	-0.034000
595	1	0.000000	0.000000	0.000000	-0.034000
596	0	0.000000	0.166000	0.000000	-0.034000
597	1	0.000000	0.000000	0.000000	-0.034000
598	0	0.000000	0.000000	0.000000	-0.034000
599	1	0.000000	0.000000	0.000000	-0.034000
600	1	0.000000	0.000000	0.000000	-0.034000
601	1	0.000000	0.000000	0.000000	-0.034000
602	1	0.000000	0.200000	0.000000	-0.234000
603	1	0.000000	0.000000	0.000000	-0.234000
604	1	0.000000	0.000000	0.000000	-0.234000
605	0	0.000000	0.000000	0.000000	-0.034000
606	1	0.000000	0.000000	0.000000	-0.034000
607	0	0.000000	0.000000	0.000000	-0.034000
608	1	0.000000	0.200000	0.000000	-0.234000
609	1	0.000000	0.000000	0.000000	-0.234000
610	1	0.000000	0.000000	0.000000	-0.234000
611	1	0.000000	0.000000	0.000000	-0.234000
612	1	0.000000	0.000000	0.000000	-0.234000
613	0	0.000000	0.000000	0.000000	-0.034000
614	0	0.000000	0.200000	0.200000	-0.034000
615	1	0.000000	0.000000	0.000000	-0.034000
616	1	0.000000	0.000000	0.000000	-0.034000
617	1	0.000000	0.000000	0.000000	-0.034000
618	1	0.000000	0.000000	0.000000	-0.034000
619	0	0.000000	0.000000	0.000000	-0.034000
620	1	0.000000	0.200000	0.000000	-0.234000
621	1	0.000000	0.000000	0.000000	-0.234000
622	1	0.000000	0.000000	0.000000	-0.234000
623	1	0.000000	0.000000	0.000000	-0.234000
624	1	0.000000	0.000000	0.000000	-0.234000
625	0	0.000000	0.000000	0.000000	-0.034000
626	1	0.000000	0.200000	0.000000	-0.234000
627	1	0.000000	0.000000	0.000000	-0.234000
628	0	0.000000	0.000000	0.000000	-0.034000
629	1	0.000000	0.000000	0.000000	-0.034000
630	1	0.000000	0.000000	0.000000	-0.034000
631	1	0.000000	0.000000	0.000000	-0.034000
632	1	0.000000	0.200000	0.000000	-0.234000
633	0	0.000000	0.000000	0.000000	-0.034000
634	1	0.000000	0.000000	0.000000	-0.034000
635	0	0.000000	0.000000	0.000000	-0.034000
636	0	0.000000	0.000000	0.000000	-0.034000
637	1	0.000000	0.000000	0.000000	-0.034000
638	1	0.000000	0.200000	0.000000	-0.234000
639	1	0.000000	0.000000	0.000000	-0.234000
640	1	0.000000	0.000000	0.000000	-0.234000
641	1	0.000000	0.000000	0.000000	-0.234000
642	1	0.000000	0.000000	0.000000	-0.234000
643	0	0.000000	0.000000	0.000000	-0.034000
644	1	0.000000	0.200000	0.000000	-0.234000
645	0	0.000000	0.000000	0.000000	-0.034000
646	1	0.000000	0.000000	0.000000	-0.034000
647	1	0.000000	0.000000	0.000000	-0.034000
648	1	0.000000	0.000000	0.000000	-0.034000
649	1	0.000000	0.000000	0.000000	-0.034000
650	1	0.000000	0.200000	0.000000	-0.234000
651	0	0.000000	0.000000	0.000000	-0.034000
652	1	0.000000	0.000000	0.000000	-0.034000
653	1	0.000000	0.000000	0.000000	-0.034000
654	1	0.000000	0.000000	0.000000	-0.034000
655	1	0.000000	0.000000	0.000000	-0.034000
656	1	0.000000	0.200000	0.000000	-0.234000
657	0	0.000000	0.000000	0.000000	-0.034000
658	1	0.000000	0.000000	0.000000	-0.034000
659	1	0.000000	0.000000	0.000000	-0.034000
660	1	0.000000	0.000000	0.000000	-0.034000
661	1	0.000000	0.000000	0.000000	-0.034000
662	1	0.000000	0.200000	0.000000	-0.234000
663	1	0.000000	0.000000	0.000000	-0.234000
664	0	0.000000	0.000000	0.000000	-0.034000
665	0	0.000000	0.000000	0.000000	-0.034000
666	1	0.000000	0.000000	0.000000	-0.034000
667	1	0.000000	0.000000	0.000000	-0.034000
668	1	0.000000	0.200000	0.000000	-0.234000
669	1	0.000000	0.000000	0.000000	-0.234000
670	1	0.000000	0.000000	0.000000	-0.234000
671	1	0.000000	0.000000	0.000000	-0.234000
672	0	0.000000	0.000000	0.000000	-0.034000
673	1	0.000000	0.000000	0.000000	-0.034000
674	1	0.000000	0.200000	0.000000	-0.234000
675	0	0.000000	0.000000	0.000000	-0.034000
676	1	0.000000	0.000000	0.000000	-0.034000
677	1	0.000000	0.000000	0.000000	-0.034000
678	1	0.000000	0.000000	0.000000	-0.034000
679	1	0.000000	0.000000	0.000000	-0.034000
680	0	0.000000	0.200000	0.000000	-0.034000
681	1	0.000000	0.000000	0.000000	-0.034000
682	1	0.000000	0.000000	0.000000	-0.034000
683	0	0.000000	0.000000	0.000000	-0.034000
684	0	0.000000	0.000000	0.000000	-0.034000
685	1	0.000000	0.000000	0.000000	-0.034000
686	1	0.000000	0.200000	0.000000	-0.234000
687	0	0.000000	0.000000	0.000000	-0.034000
688	0	0.000000	0.000000	0.000000	-0.034000
689	0	0.000000	0.000000	0.000000	-0.034000
690	1	0.000000	0.000000	0.000000	-0.034000
691	1	0.000000	0.000000	0.000000	-0.034000
692	1	0.000000	0.200000	0.000000	-0.234000
693	1	0.000000	0.000000	0.000000	-0.234000
694	0	0.000000	0.000000	0.000000	-0.034000
695	1	0.000000	0.000000	0.000000	-0.034000
696	1	0.000000	0.000000	0.000000	-0.034000
697	1	0.000000	0.000000	0.000000	-0.034000
698	0	0.000000	0.002000	0.000000	-0.034000
699	1	0.000000	0.232000	0.000000	-0.266000
700	1	0.000000	0.000000	0.000000	-0.266000
701	0	0.000000	0.000000	0.000000	-0.034000
702	1	0.000000	0.000000	0.000000	-0.034000
703	1	0.000000	0.000000	0.000000	-0.034000
704	1	0.000000	0.000000	0.000000	-0.034000
705	0	0.000000	0.000000	0.000000	-0.034000
706	1	0.000000	0.233000	0.000000	-0.267000
707	0	0.000000	0.000000	0.000000	-0.034000
708	0	0.000000	0.000000	0.000000	-0.034000
709	0	0.000000	0.000000	0.000000	-0.034000
710	1	0.000000	0.000000	0.000000	-0.034000
711	1	0.000000	0.000000	0.000000	-0.034000
712	1	0.000000	0.000000	0.000000	-0.034000
713	1	0.000000	0.233000	0.000000	-0.267000
714	0	0.000000	0.000000	0.000000	-0.034000
715	0	0.000000	0.000000	0.000000	-0.034000
716	1	0.000000	0.000000	0.000000	-0.034000
717	0	0.000000	0.000000	0.000000	-0.034000
718	0	0.000000	0.000000	0.000000	-0.034000
719	1	0.000000	0.000000	0.000000	-0.034000
720	1	0.000000	0.234000	0.000000	-0.268000
721	1	0.000000	0.000000	0.000000	-0.268000
722	1	0.000000	0.000000	0.000000	-0.268000
723	1	0.000000	0.000000	0.000000	-0.268000
724	1	0.000000	0.000000	0.000000	-0.268000
725	1	0.000000	0.000000	0.000000	-0.268000
726	1	0.000000	0.000000	0.000000	-0.268000
727	0	0.000000	0.233000	0.000000	-0.034000
728	1	0.000000	0.000000	0.000000	-0.034000
729	1	0.000000	0.000000	0.000000	-0.034000
730	1	0.000000	0.000000	0.000000	-0.034000
731	1	0.000000	0.000000	0.000000	-0.034000
732	0	0.000000	0.000000	0.000000	-0.034000
733	0	0.000000	0.000000	0.000000	-0.034000
734	0	0.000000	0.233000	0.233000	-0.034000
735	0	0.000000	0.000000	0.000000	-0.034000
736	1	0.000000	0.000000	0.000000	-0.034000
737	1	0.000000	0.000000	0.000000	-0.034000
738	0	0.000000	0.000000	0.000000	-0.034000
739	1	0.000000	0.000000	0.000000	-0.034000
740	1	0.000000	0.000000	0.000000	-0.034000
741	1	0.000000	0.234000	0.000000	-0.268000
742	1	0.000000	0.000000	0.000000	-0.268000
743	1	0.000000	0.000000	0.000000	-0.268000
744	1	0.000000	0.000000	0.000000	-0.268000
745	0	0.000000	0.000000	0.000000	-0.034000
746	0	0.000000	0.000000	0.000000	-0.034000
747	1	0.000000	0.000000	0.000000	-0.034000
748	0	0.000000	0.233000	0.000000	-0.034000
749	1	0.000000	0.000000	0.000000	-0.034000
750	1	0.000000	0.000000	0.000000	-0.034000
751	0	0.000000	0.000000	0.000000	-0.034000
752	1	0.000000	0.000000	0.000000	-0.034000
753	1	0.000000	0.000000	0.000000	-0.034000
754	1	0.000000	0.000000	0.000000	-0.034000
755	1	0.000000	0.233000	0.000000	-0.267000
756	1	0.000000	0.000000	0.000000	-0.267000
757	1	0.000000	0.000000	0.000000	-0.267000
758	0	0.000000	0.000000	0.000000	-0.034000
759	1	0.000000	0.000000	0.000000	-0.034000
760	1	0.000000	0.000000	0.000000	-0.034000
761	1	0.000000	0.000000	0.000000	-0.034000
762	1	0.000000	0.234000	0.000000	-0.268000
763	1	0.000000	0.000000	0.000000	-0.268000
764	0	0.000000	0.000000	0.000000	-0.034000
765	1	0.000000	0.000000	0.000000	-0.034000
766	1	0.000000	0.000000	0.000000	-0.034000
767	0	0.000000	0.000000	0.000000	-0.034000
768	1	0.000000	0.000000	0.000000	-0.034000
769	1	0.000000	0.233000	0.000000	-0.267000
770	0	0.000000	0.000000	0.000000	-0.034000
771	0	0.000000	0.000000	0.000000	-0.034000
772	0	0.000000	0.000000	0.000000	-0.034000
773	1	0.000000	0.000000	0.000000	-0.034000
774	1	0.000000	0.000000	0.000000	-0.034000
775	1	0.000000	0.000000	0.000000	-0.034000
776	1	0.000000	0.233000	0.000000	-0.267000
777	1	0.000000	0.000000	0.000000	-0.267000
778	1	0.000000	0.000000	0.000000	-0.267000
779	1	0.000000	0.000000	0.000000	-0.267000
780	1	0.000000	0.000000	0.000000	-0.267000
781	1	0.000000	0.000000	0.000000	-0.267000
782	1	0.000000	0.000000	0.000000	-0.267000
783	1	0.000000	0.234000	0.000000	-0.501000
784	1	0.000000	0.000000	0.000000	-0.501000
785	0	0.000000	0.000000	0.000000	-0.034000
786	1	0.000000	0.000000	0.000000	-0.034000
787	1	0.000000	0.000000	0.000000	-0.034000
788	0	0.000000	0.000000	0.000000	-0.034000
789	1	0.000000	0.000000	0.000000	-0.034000
790	1	0.000000	0.233000	0.000000	-0.267000
791	1	0.000000	0.000000	0.000000	-0.267000
792	0	0.000000	0.000000	0.000000	-0.034000
793	1	0.000000	0.000000	0.000000	-0.034000
794	1	0.000000	0.000000	0.000000	-0.034000
795	0	0.000000	0.000000	0.000000	-0.034000
796	1	0.000000	0.000000	0.000000	-0.034000
797	1	0.000000	0.233000	0.000000	-0.267000
798	0	0.000000	0.000000	0.000000	-0.034000
799	1	0.000000	0.000000	0.000000	-0.034000
800	0	0.000000	0.000000	0.000000	-0.034000
801	1	0.000000	0.000000	0.000000	-0.034000
802	1	0.000000	0.000000	0.000000	-0.034000
803	1	0.000000	0.000000	0.000000	-0.034000
804	1	0.000000	0.000000	0.000000	-0.034000
805	1	0.000000	0.267000	0.000000	-0.301000
806	1	0.000000	0.000000	0.000000	-0.301000
807	0	0.000000	0.000000	0.000000	-0.034000
808	0	0.000000	0.000000	0.000000	-0.034000
809	1	0.000000	0.000000	0.000000	-0.034000
810	1	0.000000	0.000000	0.000000	-0.034000
811	1	0.000000	0.000000	0.000000	-0.034000
812	0	0.000000	0.000000	0.000000	-0.034000
813	1	0.000000	0.267000	0.000000	-0.301000
814	1	0.000000	0.000000	0.000000	-0.301000
815	0	0.000000	0.000000	0.000000	-0.034000
816	1	0.000000	0.000000	0.000000	-0.034000
817	1	0.000000	0.000000	0.000000	-0.034000
818	1	0.000000	0.000000	0.000000	-0.034000
819	0	0.000000	0.000000	0.000000	-0.034000
820	1	0.000000	0.000000	0.000000	-0.034000
821	1	0.000000	0.266000	0.000000	-0.300000
822	1	0.000000	0.000000	0.000000	-0.300000
823	1	0.000000	0.000000	0.000000	-0.300000
824	1	0.000000	0.000000	0.000000	-0.300000
825	0	0.000000	0.000000	0.000000	-0.034000
826	0	0.000000	0.000000	0.000000	-0.034000
827	0	0.000000	0.000000	0.000000	-0.034000
828	0	0.000000	0.001000	0.001000	-0.034000
829	1	0.000000	0.266000	0.000000	-0.300000
830	1	0.000000	0.000000	0.000000	-0.300000
831	0	0.000000	0.000000	0.000000	-0.034000
832	1	0.000000	0.000000	0.000000	-0.034000
833	0	0.000000	0.000000	0.000000	-0.034000
834	1	0.000000	0.000000	0.000000	-0.034000
835	1	0.000000	0.000000	0.000000	-0.034000
836	1	0.000000	0.000000	0.000000	-0.034000
837	1	0.000000	0.267000	0.000000	-0.301000
838	1	0.000000	0.000000	0.000000	-0.301000
839	1	0.000000	0.000000	0.000000	-0.301000
840	1	0.000000	0.000000	0.000000	-0.301000
841	1	0.000000	0.000000	0.000000	-0.301000
842	1	0.000000	0.000000	0.000000	-0.301000
843	0	0.000000	0.000000	0.000000	-0.034000
844	1	0.000000	0.000000	0.000000	-0.034000
845	1	0.000000	0.266000	0.000000	-0.300000
846	1	0.000000	0.000000	0.000000	-0.300000
847	0	0.000000	0.000000	0.000000	-0.034000
848	0	0.000000	0.000000	0.000000	-0.034000
849	1	0.000000	0.000000	0.000000	-0.034000
850	1	0.000000	0.000000	0.000000	-0.034000
851	1	0.000000	0.000000	0.000000	-0.034000
852	0	0.000000	0.001000	0.000000	-0.034000
853	1	0.000000	0.266000	0.000000	-0.300000
854	1	0.000000	0.000000	0.000000	-0.300000
855	1	0.000000	0.000000	0.000000	-0.300000
856	1	0.000000	0.000000	0.000000	-0.300000
857	1	0.000000	0.000000	0.000000	-0.300000
858	0	0.000000	0.000000	0.000000	-0.034000
859	1	0.000000	0.000000	0.000000	-0.034000
860	1	0.000000	0.000000	0.000000	-0.034000
861	0	0.000000	0.267000	0.000000	-0.034000
862	0	0.000000	0.000000	0.000000	-0.034000
863	1	0.000000	0.000000	0.000000	-0.034000
864	1	0.000000	0.000000	0.000000	-0.034000
865	1	0.000000	0.000000	0.000000	-0.034000
866	1	0.000000	0.000000	0.000000	-0.034000
867	1	0.000000	0.000000	0.000000	-0.034000
868	1	0.000000	0.000000	0.000000	-0.034000
869	0	0.000000	0.266000	0.000000	-0.034000
870	1	0.000000	0.000000	0.000000	-0.034000
871	1	0.000000	0.000000	0.000000	-0.034000
872	1	0.000000	0.000000	0.000000	-0.034000
873	1	0.000000	0.000000	0.000000	-0.034000
874	1	0.000000	0.000000	0.000000	-0.034000
875	1	0.000000	0.001000	0.000000	-0.035000
876	1	0.000000	0.000000	0.000000	-0.035000
877	1	0.000000	0.266000	0.000000	-0.301000
878	1	0.000000	0.000000	0.000000	-0.301000
879	1	0.000000	0.000000	0.000000	-0.301000
880	1	0.000000	0.000000	0.000000	-0.301000
881	1	0.000000	0.000000	0.000000	-0.301000
882	1	0.000000	0.000000	0.000000	-0.301000
883	1	0.000000	0.000000	0.000000	-0.301000
884	1	0.000000	0.000000	0.000000	-0.301000
885	0	0.000000	0.267000	0.000000	-0.034000
886	1	0.000000	0.000000	0.000000	-0.034000
887	1	0.000000	0.000000	0.000000	-0.034000
888	0	0.000000	0.000000	0.000000	-0.034000
889	1	0.000000	0.000000	0.000000	-0.034000
890	1	0.000000	0.000000	0.000000	-0.034000
891	1	0.000000	0.000000	0.000000	-0.034000
892	1	0.000000	0.000000	0.000000	-0.034000
893	0	0.000000	0.266000	0.000000	-0.034000
894	1	0.000000	0.000000	0.000000	-0.034000
895	1	0.000000	0.000000	0.000000	-0.034000
896	1	0.000000	0.000000	0.000000	-0.034000
897	1	0.000000	0.000000	0.000000	-0.034000
898	1	0.000000	0.000000	0.000000	-0.034000
899	1	0.000000	0.000000	0.000000	-0.034000
900	1	0.000000	0.001000	0.000000	-0.035000
901	1	0.000000	0.000000	0.000000	-0.035000
902	1	0.000000	0.299000	0.000000	-0.334000
903	1	0.000000	0.000000	0.000000	-0.334000
904	1	0.000000	0.000000	0.000000	-0.334000
905	1	0.000000	0.000000	0.000000	-0.334000
906	1	0.000000	0.000000	0.000000	-0.334000
907	1	0.000000	0.000000	0.000000	-0.334000
908	0	0.000000	0.000000	0.000000	-0.034000
909	1	0.000000	0.000000	0.000000	-0.034000
910	1	0.000000	0.001000	0.000000	-0.035000
911	0	0.000000	0.299000	0.000000	-0.034000
912	1	0.000000	0.000000	0.000000	-0.034000
913	1	0.000000	0.000000	0.000000	-0.034000
914	0	0.000000	0.000000	0.000000	-0.034000
915	1	0.000000	0.000000	0.000000	-0.034000
916	1	0.000000	0.000000	0.000000	-0.034000
917	1	0.000000	0.000000	0.000000	-0.034000
918	1	0.000000	0.000000	0.000000	-0.034000
919	1	0.000000	0.001000	0.000000	-0.035000
920	1	0.000000	0.299000	0.000000	-0.334000
921	1	0.000000	0.000000	0.000000	-0.334000
922	1	0.000000	0.000000	0.000000	-0.334000
923	1	0.000000	0.000000	0.000000	-0.334000
924	1	0.000000	0.000000	0.000000	-0.334000
925	1	0.000000	0.001000	0.000000	-0.335000
926	1	0.000000	0.000000	0.000000	-0.335000
927	1	0.000000	0.000000	0.000000	-0.335000
928	0	0.000000	0.000000	0.000000	-0.034000
929	1	0.000000	0.299000	0.000000	-0.333000
930	1	0.000000	0.000000	0.000000	-0.333000
931	0	0.000000	0.000000	0.000000	-0.034000
932	0	0.000000	0.000000	0.000000	-0.034000
933	0	0.000000	0.000000	0.000000	-0.034000
934	1	0.000000	0.000000	0.000000	-0.034000
935	0	0.000000	0.001000	0.000000	-0.034000
936	0	0.000000	0.000000	0.000000	-0.034000
937	1	0.000000	0.000000	0.000000	-0.034000
938	1	0.000000	0.299000	0.000000	-0.333000
939	1	0.000000	0.000000	0.000000	-0.333000
940	0	0.000000	0.000000	0.000000	-0.034000
941	1	0.000000	0.000000	0.000000	-0.034000
942	1	0.000000	0.000000	0.000000	-0.034000
943	1	0.000000	0.000000	0.000000	-0.034000
944	1	0.000000	0.000000	0.000000	-0.034000
945	0	0.000000	0.000000	0.000000	-0.034000
946	0	0.000000	0.000000	0.000000	-0.034000
947	0	0.000000	0.300000	0.300000	-0.034000
948	1	0.000000	0.000000	0.000000	-0.034000
949	1	0.000000	0.000000	0.000000	-0.034000
950	0	0.000000	0.000000	0.000000	-0.034000
951	1	0.000000	0.000000	0.000000	-0.034000
952	1	0.000000	0.000000	0.000000	-0.034000
953	1	0.000000	0.000000	0.000000	-0.034000
954	0	0.000000	0.000000	0.000000	-0.034000
955	1	0.000000	0.001000	0.000000	-0.035000
956	0	0.000000	0.299000	0.000000	-0.034000
957	1	0.000000	0.000000	0.000000	-0.034000
958	0	0.000000	0.000000	0.000000	-0.034000
959	1	0.000000	0.000000	0.000000	-0.034000
960	1	0.000000	0.000000	0.000000	-0.034000
961	1	0.000000	0.000000	0.000000	-0.034000
962	1	0.000000	0.000000	0.000000	-0.034000
963	1	0.000000	0.001000	0.000000	-0.035000
964	1	0.000000	0.000000	0.000000	-0.035000
965	1	0.000000	0.299000	0.000000	-0.334000
966	1	0.000000	0.000000	0.000000	-0.334000
967	1	0.000000	0.000000	0.000000	-0.334000
968	1	0.000000	0.000000	0.000000	-0.334000
969	0	0.000000	0.000000	0.000000	-0.034000
970	1	0.000000	0.000000	0.000000	-0.034000
971	0	0.000000	0.000000	0.000000	-0.034000
972	1	0.000000	0.000000	0.000000	-0.034000
973	1	0.000000	0.001000	0.000000	-0.035000
974	0	0.000000	0.299000	0.000000	-0.034000
975	1	0.000000	0.000000	0.000000	-0.034000
976	1	0.000000	0.000000	0.000000	-0.034000
977	1	0.000000	0.000000	0.000000	-0.034000
978	1	0.000000	0.000000	0.000000	-0.034000
979	1	0.000000	0.000000	0.000000	-0.034000
980	1	0.000000	0.000000	0.000000	-0.034000
981	0	0.000000	0.000000	0.000000	-0.034000
982	0	0.000000	0.001000	0.001000	-0.034000
983	1	0.000000	0.299000	0.000000	-0.333000
984	1	0.000000	0.000000	0.000000	-0.333000
985	0	0.000000	0.000000	0.000000	-0.034000
986	1	0.000000	0.000000	0.000000	-0.034000
987	1	0.000000	0.000000	0.000000	-0.034000
988	0	0.000000	0.000000	0.000000	-0.034000
989	1	0.000000	0.000000	0.000000	-0.034000
990	1	0.000000	0.001000	0.000000	-0.035000
991	0	0.000000	0.000000	0.000000	-0.034000
992	1	0.000000	0.299000	0.000000	-0.333000
993	0	0.000000	0.000000	0.000000	-0.034000
994	1	0.000000	0.000000	0.000000	-0.034000
995	0	0.000000	0.000000	0.000000	-0.034000
996	0	0.000000	0.000000	0.000000	-0.034000
997	1	0.000000	0.000000	0.000000	-0.034000
998	0	0.000000	0.000000	0.000000	-0.034000
999	0	0.000000	0.001000	0.001000	-0.034000
1000	1	0.000000	0.000000	0.000000	-0.034000
1001	0	0.000000	0.000000	0.000000	-0.034000
1002	0	0.000000	0.333000	0.333000	-0.034000
1003	1	0.000000	0.000000	0.000000	-0.034000
1004	0	0.000000	0.000000	0.000000	-0.034000
1005	1	0.000000	0.000000	0.000000	-0.034000
1006	1	0.000000	0.000000	0.000000	-0.034000
1007	0	0.000000	0.000000	0.000000	-0.034000
1008	0	0.000000	0.000000	0.000000	-0.034000
1009	1	0.000000	0.000000	0.000000	-0.034000
1010	1	0.000000	0.000000	0.000000	-0.034000
1011	0	0.000000	0.000000	0.000000	-0.034000
1012	1	0.000000	0.333000	0.000000	-0.367000
1013	1	0.000000	0.000000	0.000000	-0.367000
1014	1	0.000000	0.000000	0.000000	-0.367000
1015	1	0.000000	0.000000	0.000000	-0.367000
1016	0	0.000000	0.000000	0.000000	-0.034000
1017	1	0.000000	0.000000	0.000000	-0.034000
1018	1	0.000000	0.000000	0.000000	-0.034000
1019	1	0.000000	0.000000	0.000000	-0.034000
1020	1	0.000000	0.000000	0.000000	-0.034000
1021	1	0.000000	0.000000	0.000000	-0.034000
1022	1	0.000000	0.333000	0.000000	-0.367000
1023	1	0.000000	0.000000	0.000000	-0.367000
1024	0	0.000000	0.000000	0.000000	-0.034000
1025	1	0.000000	0.000000	0.000000	-0.034000
1026	1	0.000000	0.000000	0.000000	-0.034000
1027	1	0.000000	0.000000	0.000000	-0.034000
1028	1	0.000000	0.000000	0.000000	-0.034000
1029	0	0.000000	0.001000	0.000000	-0.034000
1030	1	0.000000	0.000000	0.000000	-0.034000
1031	1	0.000000	0.000000	0.000000	-0.034000
1032	1	0.000000	0.333000	0.000000	-0.367000
1033	1	0.000000	0.000000	0.000000	-0.367000
1034	0	0.000000	0.000000	0.000000	-0.034000
1035	1	0.000000	0.000000	0.000000	-0.034000
1036	1	0.000000	0.000000	0.000000	-0.034000
1037	1	0.000000	0.000000	0.000000	-0.034000
1038	1	0.000000	0.000000	0.000000	-0.034000
1039	0	0.000000	0.000000	0.000000	-0.034000
1040	1	0.000000	0.000000	0.000000	-0.034000
1041	1	0.000000	0.000000	0.000000	-0.034000
1042	1	0.000000	0.333000	0.000000	-0.367000
1043	1	0.000000	0.000000	0.000000	-0.367000
1044	0	0.000000	0.000000	0.000000	-0.034000
1045	1	0.000000	0.000000	0.000000	-0.034000
1046	0	0.000000	0.000000	0.000000	-0.034000
1047	1	0.000000	0.000000	0.000000	-0.034000
1048	0	0.000000	0.000000	0.000000	-0.034000
1049	0	0.000000	0.000000	0.000000	-0.034000
1050	1	0.000000	0.000000	0.000000	-0.034000
1051	1	0.000000	0.000000	0.000000	-0.034000
1052	1	0.000000	0.333000	0.000000	-0.367000
1053	0	0.000000	0.000000	0.000000	-0.034000
1054	1	0.000000	0.000000	0.000000	-0.034000
1055	1	0.000000	0.000000	0.000000	-0.034000
1056	1	0.000000	0.000000	0.000000	-0.034000
1057	1	0.000000	0.000000	0.000000	-0.034000
1058	1	0.000000	0.000000	0.000000	-0.034000
1059	1	0.000000	0.000000	0.000000	-0.034000
1060	1	0.000000	0.001000	0.000000	-0.035000
1061	1	0.000000	0.000000	0.000000	-0.035000
1062	1	0.000000	0.333000	0.000000	-0.368000
1063	0	0.000000	0.000000	0.000000	-0.034000
1064	1	0.000000	0.000000	0.000000	-0.034000
1065	0	0.000000	0.000000	0.000000	-0.034000
1066	1	0.000000	0.000000	0.000000	-0.034000
1067	1	0.000000	0.000000	0.000000	-0.034000
1068	1	0.000000	0.000000	0.000000	-0.034000
1069	1	0.000000	0.000000	0.000000	-0.034000
1070	1	0.000000	0.000000	0.000000	-0.034000
1071	1	0.000000	0.000000	0.000000	-0.034000
1072	1	0.000000	0.333000	0.000000	-0.367000
1073	0	0.000000	0.000000	0.000000	-0.034000
1074	1	0.000000	0.000000	0.000000	-0.034000
1075	0	0.000000	0.000000	0.000000	-0.034000
1076	1	0.000000	0.000000	0.000000	-0.034000
1077	1	0.000000	0.000000	0.000000	-0.034000
1078	1	0.000000	0.000000	0.000000	-0.034000
1079	1	0.000000	0.000000	0.000000	-0.034000
1080	1	0.000000	0.000000	0.000000	-0.034000
1081	1	0.000000	0.000000	0.000000	-0.034000
1082	1	0.000000	0.333000	0.000000	-0.367000
1083	1	0.000000	0.000000	0.000000	-0.367000
1084	0	0.000000	0.000000	0.000000	-0.034000
1085	1	0.000000	0.000000	0.000000	-0.034000
1086	1	0.000000	0.000000	0.000000	-0.034000
1087	0	0.000000	0.000000	0.000000	-0.034000
1088	0	0.000000	0.000000	0.000000	-0.034000
1089	1	0.000000	0.000000	0.000000	-0.034000
1090	1	0.000000	0.001000	0.000000	-0.035000
1091	1	0.000000	0.000000	0.000000	-0.035000
1092	1	0.000000	0.333000	0.000000	-0.368000
1093	1	0.000000	0.000000	0.000000	-0.368000
1094	1	0.000000	0.000000	0.000000	-0.368000
1095	1	0.000000	0.000000	0.000000	-0.368000
1096	0	0.000000	0.000000	0.000000	-0.034000
1097	1	0.000000	0.000000	0.000000	-0.034000
1098	1	0.000000	0.000000	0.000000	-0.034000
1099	1	0.000000	0.000000	0.000000	-0.034000
1100	1	0.000000	0.000000	0.000000	-0.034000
1101	1	0.000000	0.000000	0.000000	-0.034000
1102	1	0.000000	0.000000	0.000000	-0.034000
1103	0	0.000000	0.366000	0.000000	-0.034000
1104	1	0.000000	0.000000	0.000000	-0.034000
1105	1	0.000000	0.000000	0.000000	-0.034000
1106	0	0.000000	0.000000	0.000000	-0.034000
1107	1	0.000000	0.000000	0.000000	-0.034000
1108	1	0.000000	0.000000	0.000000	-0.034000
1109	1	0.000000	0.001000	0.000000	-0.035000
1110	1	0.000000	0.000000	0.000000	-0.035000
1111	1	0.000000	0.000000	0.000000	-0.035000
1112	0	0.000000	0.000000	0.000000	-0.034000
1113	1	0.000000	0.000000	0.000000	-0.034000
1114	1	0.000000	0.366000	0.000000	-0.400000
1115	1	0.000000	0.000000	0.000000	-0.400000
1116	1	0.000000	0.000000	0.000000	-0.400000
1117	0	0.000000	0.000000	0.000000	-0.034000
1118	1	0.000000	0.000000	0.000000	-0.034000
1119	1	0.000000	0.000000	0.000000	-0.034000
1120	1	0.000000	0.000000	0.000000	-0.034000
1121	1	0.000000	0.000000	0.000000	-0.034000
1122	1	0.000000	0.000000	0.000000	-0.034000
1123	1	0.000000	0.000000	0.000000	-0.034000
1124	1	0.000000	0.000000	0.000000	-0.034000
1125	0	0.000000	0.367000	0.000000	-0.034000
1126	1	0.000000	0.000000	0.000000	-0.034000
1127	1	0.000000	0.000000	0.000000	-0.034000
1128	0	0.000000	0.000000	0.000000	-0.034000
1129	0	0.000000	0.000000	0.000000	-0.034000
1130	0	0.000000	0.000000	0.000000	-0.034000
1131	0	0.000000	0.000000	0.000000	-0.034000
1132	1	0.000000	0.000000	0.000000	-0.034000
1133	1	0.000000	0.000000	0.000000	-0.034000
1134	1	0.000000	0.000000	0.000000	-0.034000
1135	1	0.000000	0.000000	0.000000	-0.034000
1136	0	0.000000	0.366000	0.000000	-0.034000
1137	1	0.000000	0.000000	0.000000	-0.034000
1138	1	0.000000	0.000000	0.000000	-0.034000
1139	0	0.000000	0.000000	0.000000	-0.034000
1140	1	0.000000	0.000000	0.000000	-0.034000
1141	1	0.000000	0.000000	0.000000	-0.034000
1142	1	0.000000	0.001000	0.000000	-0.035000
1143	1	0.000000	0.000000	0.000000	-0.035000
1144	1	0.000000	0.000000	0.000000	-0.035000
1145	0	0.000000	0.000000	0.000000	-0.034000
1146	1	0.000000	0.000000	0.000000	-0.034000
1147	0	0.000000	0.366000	0.000000	-0.034000
1148	0	0.000000	0.000000	0.000000	-0.034000
1149	1	0.000000	0.000000	0.000000	-0.034000
1150	1	0.000000	0.000000	0.000000	-0.034000
1151	1	0.000000	0.000000	0.000000	-0.034000
1152	1	0.000000	0.000000	0.000000	-0.034000
1153	1	0.000000	0.000000	0.000000	-0.034000
1154	1	0.000000	0.000000	0.000000	-0.034000
1155	1	0.000000	0.000000	0.000000	-0.034000
1156	1	0.000000	0.000000	0.000000	-0.034000
1157	1	0.000000	0.000000	0.000000	-0.034000
1158	0	0.000000	0.367000	0.000000	-0.034000
1159	0	0.000000	0.000000	0.000000	-0.034000
1160	0	0.000000	0.000000	0.000000	-0.034000
1161	1	0.000000	0.000000	0.000000	-0.034000
1162	1	0.000000	0.000000	0.000000	-0.034000
1163	1	0.000000	0.000000	0.000000	-0.034000
1164	0	0.000000	0.000000	0.000000	-0.034000
1165	0	0.000000	0.000000	0.000000	-0.034000
1166	1	0.000000	0.000000	0.000000	-0.034000
1167	1	0.000000	0.000000	0.000000	-0.034000
1168	0	0.000000	0.000000	0.000000	-0.034000
1169	1	0.000000	0.366000	0.000000	-0.400000
1170	1	0.000000	0.000000	0.000000	-0.400000
1171	1	0.000000	0.000000	0.000000	-0.400000
1172	0	0.000000	0.000000	0.000000	-0.034000
1173	1	0.000000	0.000000	0.000000	-0.034000
1174	1	0.000000	0.000000	0.000000	-0.034000
1175	1	0.000000	0.001000	0.000000	-0.035000
1176	0	0.000000	0.000000	0.000000	-0.034000
1177	0	0.000000	0.000000	0.000000	-0.034000
1178	1	0.000000	0.000000	0.000000	-0.034000
1179	1	0.000000	0.000000	0.000000	-0.034000
1180	1	0.000000	0.366000	0.000000	-0.400000
1181	1	0.000000	0.000000	0.000000	-0.400000
1182	1	0.000000	0.000000	0.000000	-0.400000
1183	0	0.000000	0.000000	0.000000	-0.034000
1184	0	0.000000	0.000000	0.000000	-0.034000
1185	1	0.000000	0.000000	0.000000	-0.034000
1186	0	0.000000	0.000000	0.000000	-0.034000
1187	0	0.000000	0.000000	0.000000	-0.034000
1188	0	0.000000	0.000000	0.000000	-0.034000
1189	1	0.000000	0.000000	0.000000	-0.034000
1190	1	0.000000	0.000000	0.000000	-0.034000
1191	1	0.000000	0.367000	0.000000	-0.401000
1192	1	0.000000	0.000000	0.000000	-0.401000
1193	1	0.000000	0.000000	0.000000	-0.401000
1194	1	0.000000	0.000000	0.000000	-0.401000
1195	1	0.000000	0.000000	0.000000	-0.401000
1196	1	0.000000	0.000000	0.000000	-0.401000
1197	1	0.000000	0.000000	0.000000	-0.401000
1198	1	0.000000	0.000000	0.000000	-0.401000
1199	1	0.000000	0.000000	0.000000	-0.401000
1200	1	0.000000	0.000000	0.000000	-0.401000
1201	0	0.000000	0.000000	0.000000	-0.034000
1202	0	0.000000	0.000000	0.000000	-0.034000
1203	0	0.000000	0.400000	0.400000	-0.034000
1204	1	0.000000	0.000000	0.000000	-0.034000
1205	1	0.000000	0.000000	0.000000	-0.034000
1206	1	0.000000	0.000000	0.000000	-0.034000
1207	1	0.000000	0.000000	0.000000	-0.034000
1208	1	0.000000	0.000000	0.000000	-0.034000
1209	1	0.000000	0.000000	0.000000	-0.034000
1210	1	0.000000	0.000000	0.000000	-0.034000
1211	1	0.000000	0.000000	0.000000	-0.034000
1212	0	0.000000	0.000000	0.000000	-0.034000
1213	1	0.000000	0.000000	0.000000	-0.034000
1214	1	0.000000	0.000000	0.000000	-0.034000
1215	1	0.000000	0.400000	0.000000	-0.434000
1216	1	0.000000	0.000000	0.000000	-0.434000
1217	1	0.000000	0.000000	0.000000	-0.434000
1218	1	0.000000	0.000000	0.000000	-0.434000
1219	0	0.000000	0.000000	0.000000	-0.034000
1220	1	0.000000	0.000000	0.000000	-0.034000
1221	1	0.000000	0.000000	0.000000	-0.034000
1222	0	0.000000	0.000000	0.000000	-0.034000
1223	1	0.000000	0.000000	0.000000	-0.034000
1224	1	0.000000	0.000000	0.000000	-0.034000
1225	0	0.000000	0.000000	0.000000	-0.034000
1226	1	0.000000	0.000000	0.000000	-0.034000
1227	0	0.000000	0.400000	0.000000	-0.034000
1228	1	0.000000	0.000000	0.000000	-0.034000
1229	1	0.000000	0.000000	0.000000	-0.034000
1230	1	0.000000	0.000000	0.000000	-0.034000
1231	1	0.000000	0.000000	0.000000	-0.034000
1232	1	0.000000	0.000000	0.000000	-0.034000
1233	1	0.000000	0.000000	0.000000	-0.034000
1234	0	0.000000	0.000000	0.000000	-0.034000
1235	0	0.000000	0.000000	0.000000	-0.034000
1236	1	0.000000	0.000000	0.000000	-0.034000
1237	1	0.000000	0.000000	0.000000	-0.034000
1238	1	0.000000	0.000000	0.000000	-0.034000
1239	0	0.000000	0.400000	0.000000	-0.034000
1240	1	0.000000	0.000000	0.000000	-0.034000
1241	1	0.000000	0.000000	0.000000	-0.034000
1242	1	0.000000	0.000000	0.000000	-0.034000
1243	1	0.000000	0.000000	0.000000	-0.034000
1244	1	0.000000	0.000000	0.000000	-0.034000
1245	1	0.000000	0.000000	0.000000	-0.034000
1246	1	0.000000	0.000000	0.000000	-0.034000
1247	1	0.000000	0.000000	0.000000	-0.034000
1248	0	0.000000	0.000000	0.000000	-0.034000
1249	0	0.000000	0.000000	0.000000	-0.034000
1250	1	0.000000	0.000000	0.000000	-0.034000
1251	1	0.000000	0.400000	0.000000	-0.434000
1252	1	0.000000	0.000000	0.000000	-0.434000
1253	0	0.000000	0.000000	0.000000	-0.034000
1254	0	0.000000	0.000000	0.000000	-0.034000
1255	1	0.000000	0.000000	0.000000	-0.034000
1256	1	0.000000	0.000000	0.000000	-0.034000
1257	1	0.000000	0.000000	0.000000	-0.034000
1258	0	0.000000	0.000000	0.000000	-0.034000
1259	1	0.000000	0.000000	0.000000	-0.034000
1260	1	0.000000	0.000000	0.000000	-0.034000
1261	1	0.000000	0.000000	0.000000	-0.034000
1262	1	0.000000	0.000000	0.000000	-0.034000
1263	1	0.000000	0.400000	0.000000	-0.434000
1264	1	0.000000	0.000000	0.000000	-0.434000
1265	1	0.000000	0.000000	0.000000	-0.434000
1266	1	0.000000	0.000000	0.000000	-0.434000
1267	1	0.000000	0.000000	0.000000	-0.434000
1268	0	0.000000	0.000000	0.000000	-0.034000
1269	0	0.000000	0.000000	0.000000	-0.034000
1270	1	0.000000	0.000000	0.000000	-0.034000
1271	1	0.000000	0.000000	0.000000	-0.034000
1272	1	0.000000	0.000000	0.000000	-0.034000
1273	1	0.000000	0.000000	0.000000	-0.034000
1274	1	0.000000	0.000000	0.000000	-0.034000
1275	0	0.000000	0.400000	0.000000	-0.034000
1276	1	0.000000	0.000000	0.000000	-0.034000
1277	1	0.000000	0.000000	0.000000	-0.034000
1278	0	0.000000	0.000000	0.000000	-0.034000
1279	1	0.000000	0.000000	0.000000	-0.034000
1280	1	0.000000	0.000000	0.000000	-0.034000
1281	0	0.000000	0.000000	0.000000	-0.034000
1282	1	0.000000	0.000000	0.000000	-0.034000
1283	0	0.000000	0.000000	0.000000	-0.034000
1284	1	0.000000	0.000000	0.000000	-0.034000
1285	1	0.000000	0.000000	0.000000	-0.034000
1286	1	0.000000	0.000000	0.000000	-0.034000
1287	1	0.000000	0.400000	0.000000	-0.434000
1288	1	0.000000	0.000000	0.000000	-0.434000
1289	1	0.000000	0.000000	0.000000	-0.434000
1290	1	0.000000	0.000000	0.000000	-0.434000
1291	0	0.000000	0.000000	0.000000	-0.034000
1292	0	0.000000	0.000000	0.000000	-0.034000
1293	0	0.000000	0.000000	0.000000	-0.034000
1294	1	0.000000	0.000000	0.000000	-0.034000
1295	1	0.000000	0.000000	0.000000	-0.034000
1296	1	0.000000	0.000000	0.000000	-0.034000
1297	0	0.000000	0.000000	0.000000	-0.034000
1298	1	0.000000	0.000000	0.000000	-0.034000
1299	1	0.000000	0.400000	0.000000	-0.434000
1300	0	0.000000	0.000000	0.000000	-0.034000
1301	1	0.000000	0.000000	0.000000	-0.034000
1302	1	0.000000	0.000000	0.000000	-0.034000
1303	1	0.000000	0.000000	0.000000	-0.034000
1304	1	0.000000	0.000000	0.000000	-0.034000
1305	1	0.000000	0.000000	0.000000	-0.034000
1306	1	0.000000	0.000000	0.000000	-0.034000
1307	1	0.000000	0.000000	0.000000	-0.034000
1308	1	0.000000	0.000000	0.000000	-0.034000
1309	1	0.000000	0.000000	0.000000	-0.034000
1310	1	0.000000	0.000000	0.000000	-0.034000
1311	0	0.000000	0.000000	0.000000	-0.034000
1312	1	0.000000	0.433000	0.000000	-0.467000
1313	0	0.000000	0.000000	0.000000	-0.034000
1314	1	0.000000	0.000000	0.000000	-0.034000
1315	1	0.000000	0.000000	0.000000	-0.034000
1316	1	0.000000	0.000000	0.000000	-0.034000
1317	1	0.000000	0.000000	0.000000	-0.034000
1318	0	0.000000	0.000000	0.000000	-0.034000
1319	0	0.000000	0.000000	0.000000	-0.034000
1320	1	0.000000	0.000000	0.000000	-0.034000
1321	1	0.000000	0.000000	0.000000	-0.034000
1322	0	0.000000	0.000000	0.000000	-0.034000
1323	1	0.000000	0.000000	0.000000	-0.034000
1324	1	0.000000	0.000000	0.000000	-0.034000
1325	1	0.000000	0.433000	0.000000	-0.467000
1326	1	0.000000	0.000000	0.000000	-0.467000
1327	1	0.000000	0.000000	0.000000	-0.467000
1328	0	0.000000	0.000000	0.000000	-0.034000
1329	1	0.000000	0.000000	0.000000	-0.034000
1330	1	0.000000	0.000000	0.000000	-0.034000
1331	1	0.000000	0.000000	0.000000	-0.034000
1332	1	0.000000	0.000000	0.000000	-0.034000
1333	0	0.000000	0.000000	0.000000	-0.034000
1334	1	0.000000	0.000000	0.000000	-0.034000
1335	1	0.000000	0.001000	0.000000	-0.035000
1336	0	0.000000	0.000000	0.000000	-0.034000
1337	0	0.000000	0.000000	0.000000	-0.034000
1338	1	0.000000	0.433000	0.000000	-0.467000
1339	0	0.000000	0.000000	0.000000	-0.034000
1340	0	0.000000	0.000000	0.000000	-0.034000
1341	1	0.000000	0.000000	0.000000	-0.034000
1342	0	0.000000	0.000000	0.000000	-0.034000
1343	0	0.000000	0.000000	0.000000	-0.034000
1344	1	0.000000	0.000000	0.000000	-0.034000
1345	1	0.000000	0.000000	0.000000	-0.034000
1346	1	0.000000	0.000000	0.000000	-0.034000
1347	1	0.000000	0.000000	0.000000	-0.034000
1348	1	0.000000	0.000000	0.000000	-0.034000
1349	1	0.000000	0.000000	0.000000	-0.034000
1350	1	0.000000	0.000000	0.000000	-0.034000
1351	1	0.000000	0.433000	0.000000	-0.467000
1352	1	0.000000	0.000000	0.000000	-0.467000
1353	0	0.000000	0.000000	0.000000	-0.034000
1354	1	0.000000	0.000000	0.000000	-0.034000
1355	0	0.000000	0.000000	0.000000	-0.034000
1356	0	0.000000	0.000000	0.000000	-0.034000
1357	1	0.000000	0.000000	0.000000	-0.034000
1358	1	0.000000	0.000000	0.000000	-0.034000
1359	1	0.000000	0.000000	0.000000	-0.034000
1360	0	0.000000	0.000000	0.000000	-0.034000
1361	1	0.000000	0.000000	0.000000	-0.034000
1362	0	0.000000	0.000000	0.000000	-0.034000
1363	1	0.000000	0.000000	0.000000	-0.034000
1364	0	0.000000	0.433000	0.000000	-0.034000
1365	1	0.000000	0.000000	0.000000	-0.034000
1366	0	0.000000	0.000000	0.000000	-0.034000
1367	1	0.000000	0.000000	0.000000	-0.034000
1368	0	0.000000	0.000000	0.000000	-0.034000
1369	1	0.000000	0.000000	0.000000	-0.034000
1370	0	0.000000	0.000000	0.000000	-0.034000
1371	1	0.000000	0.001000	0.000000	-0.035000
1372	1	0.000000	0.000000	0.000000	-0.035000
1373	1	0.000000	0.000000	0.000000	-0.035000
1374	0	0.000000	0.000000	0.000000	-0.034000
1375	1	0.000000	0.000000	0.000000	-0.034000
1376	0	0.000000	0.000000	0.000000	-0.034000
1377	1	0.000000	0.433000	0.000000	-0.467000
1378	1	0.000000	0.000000	0.000000	-0.467000
1379	0	0.000000	0.000000	0.000000	-0.034000
1380	1	0.000000	0.000000	0.000000	-0.034000
1381	1	0.000000	0.000000	0.000000	-0.034000
1382	1	0.000000	0.000000	0.000000	-0.034000
1383	1	0.000000	0.000000	0.000000	-0.034000
1384	1	0.000000	0.000000	0.000000	-0.034000
1385	0	0.000000	0.000000	0.000000	-0.034000
1386	0	0.000000	0.000000	0.000000	-0.034000
1387	0	0.000000	0.000000	0.000000	-0.034000
1388	0	0.000000	0.000000	0.000000	-0.034000
1389	0	0.000000	0.000000	0.000000	-0.034000
1390	0	0.000000	0.433000	0.433000	-0.034000
1391	1	0.000000	0.000000	0.000000	-0.034000
1392	1	0.000000	0.000000	0.000000	-0.034000
1393	1	0.000000	0.000000	0.000000	-0.034000
1394	1	0.000000	0.000000	0.000000	-0.034000
1395	1	0.000000	0.000000	0.000000	-0.034000
1396	0	0.000000	0.000000	0.000000	-0.034000
1397	1	0.000000	0.000000	0.000000	-0.034000
1398	1	0.000000	0.000000	0.000000	-0.034000
1399	1	0.000000	0.000000	0.000000	-0.034000
1400	1	0.000000	0.000000	0.000000	-0.034000
1401	0	0.000000	0.000000	0.000000	-0.034000
1402	0	0.000000	0.000000	0.000000	-0.034000
1403	1	0.000000	0.000000	0.000000	-0.034000
1404	0	0.000000	0.467000	0.000000	-0.034000
1405	1	0.000000	0.000000	0.000000	-0.034000
1406	1	0.000000	0.000000	0.000000	-0.034000
1407	0	0.000000	0.000000	0.000000	-0.034000
1408	1	0.000000	0.000000	0.000000	-0.034000
1409	1	0.000000	0.000000	0.000000	-0.034000
1410	1	0.000000	0.000000	0.000000	-0.034000
1411	1	0.000000	0.000000	0.000000	-0.034000
1412	1	0.000000	0.000000	0.000000	-0.034000
1413	1	0.000000	0.000000	0.000000	-0.034000
1414	0	0.000000	0.000000	0.000000	-0.034000
1415	0	0.000000	0.000000	0.000000	-0.034000
1416	1	0.000000	0.000000	0.000000	-0.034000
1417	1	0.000000	0.000000	0.000000	-0.034000
1418	0	0.000000	0.466000	0.000000	-0.034000
1419	0	0.000000	0.000000	0.000000	-0.034000
1420	1	0.000000	0.000000	0.000000	-0.034000
1421	1	0.000000	0.000000	0.000000	-0.034000
1422	1	0.000000	0.000000	0.000000	-0.034000
1423	0	0.000000	0.000000	0.000000	-0.034000
1424	0	0.000000	0.000000	0.000000	-0.034000
1425	0	0.000000	0.000000	0.000000	-0.034000
1426	0	0.000000	0.000000	0.000000	-0.034000
1427	1	0.000000	0.001000	0.000000	-0.035000
1428	0	0.000000	0.000000	0.000000	-0.034000
1429	1	0.000000	0.000000	0.000000	-0.034000
1430	1	0.000000	0.000000	0.000000	-0.034000
1431	1	0.000000	0.000000	0.000000	-0.034000
1432	1	0.000000	0.466000	0.000000	-0.500000
1433	0	0.000000	0.000000	0.000000	-0.034000
1434	1	0.000000	0.000000	0.000000	-0.034000
1435	0	0.000000	0.000000	0.000000	-0.034000
1436	1	0.000000	0.000000	0.000000	-0.034000
1437	1	0.000000	0.000000	0.000000	-0.034000
1438	1	0.000000	0.000000	0.000000	-0.034000
1439	0	0.000000	0.000000	0.000000	-0.034000
1440	1	0.000000	0.000000	0.000000	-0.034000
1441	1	0.000000	0.000000	0.000000	-0.034000
1442	1	0.000000	0.000000	0.000000	-0.034000
1443	1	0.000000	0.000000	0.000000	-0.034000
1444	0	0.000000	0.000000	0.000000	-0.034000
1445	1	0.000000	0.000000	0.000000	-0.034000
1446	1	0.000000	0.467000	0.000000	-0.501000
1447	0	0.000000	0.000000	0.000000	-0.034000
1448	1	0.000000	0.000000	0.000000	-0.034000
1449	1	0.000000	0.000000	0.000000	-0.034000
1450	1	0.000000	0.000000	0.000000	-0.034000
1451	1	0.000000	0.000000	0.000000	-0.034000
1452	1	0.000000	0.000000	0.000000	-0.034000
1453	1	0.000000	0.000000	0.000000	-0.034000
1454	1	0.000000	0.000000	0.000000	-0.034000
1455	1	0.000000	0.000000	0.000000	-0.034000
1456	1	0.000000	0.000000	0.000000	-0.034000
1457	1	0.000000	0.000000	0.000000	-0.034000
1458	1	0.000000	0.000000	0.000000	-0.034000
1459	0	0.000000	0.000000	0.000000	-0.034000
1460	1	0.000000	0.469000	0.000000	-0.503000
1461	1	0.000000	0.000000	0.000000	-0.503000
1462	1	0.000000	0.000000	0.000000	-0.503000
1463	1	0.000000	0.000000	0.000000	-0.503000
1464	1	0.000000	0.000000	0.000000	-0.503000
1465	1	0.000000	0.000000	0.000000	-0.503000
1466	1	0.000000	0.000000	0.000000	-0.503000
1467	1	0.000000	0.000000	0.000000	-0.503000
1468	0	0.000000	0.000000	0.000000	-0.034000
1469	1	0.000000	0.000000	0.000000	-0.034000
1470	1	0.000000	0.000000	0.000000	-0.034000
1471	1	0.000000	0.000000	0.000000	-0.034000
1472	0	0.000000	0.000000	0.000000	-0.034000
1473	0	0.000000	0.000000	0.000000	-0.034000
1474	1	0.000000	0.464000	0.000000	-0.498000
1475	1	0.000000	0.000000	0.000000	-0.498000
1476	1	0.000000	0.000000	0.000000	-0.498000
1477	0	0.000000	0.000000	0.000000	-0.034000
1478	1	0.000000	0.000000	0.000000	-0.034000
1479	1	0.000000	0.000000	0.000000	-0.034000
1480	0	0.000000	0.000000	0.000000	-0.034000
1481	1	0.000000	0.000000	0.000000	-0.034000
1482	1	0.000000	0.000000	0.000000	-0.034000
1483	1	0.000000	0.000000	0.000000	-0.034000
1484	1	0.000000	0.000000	0.000000	-0.034000
1485	1	0.000000	0.000000	0.000000	-0.034000
1486	0	0.000000	0.000000	0.000000	-0.034000
1487	1	0.000000	0.000000	0.000000	-0.034000
1488	1	0.000000	0.467000	0.000000	-0.501000
1489	0	0.000000	0.000000	0.000000	-0.034000
1490	1	0.000000	0.000000	0.000000	-0.034000
1491	0	0.000000	0.000000	0.000000	-0.034000
1492	1	0.000000	0.000000	0.000000	-0.034000
1493	0	0.000000	0.000000	0.000000	-0.034000
1494	0	0.000000	0.000000	0.000000	-0.034000
1495	1	0.000000	0.000000	0.000000	-0.034000
1496	1	0.000000	0.000000	0.000000	-0.034000
1497	1	0.000000	0.000000	0.000000	-0.034000
1498	0	0.000000	0.000000	0.000000	-0.034000
1499	1	0.000000	0.000000	0.000000	-0.034000
1500	1	0.000000	0.000000	0.000000	-0.034000
1501	0	0.000000	0.000000	0.000000	-0.034000
1502	1	0.000000	0.000000	0.000000	-0.034000
1503	1	0.000000	0.500000	0.000000	-0.534000
1504	1	0.000000	0.000000	0.000000	-0.534000
1505	1	0.000000	0.000000	0.000000	-0.534000
1506	1	0.000000	0.000000	0.000000	-0.534000
1507	1	0.000000	0.000000	0.000000	-0.534000
1508	1	0.000000	0.000000	0.000000	-0.534000
1509	1	0.000000	0.000000	0.000000	-0.534000
1510	1	0.000000	0.000000	0.000000	-0.534000
1511	1	0.000000	0.000000	0.000000	-0.534000
1512	0	0.000000	0.000000	0.000000	-0.034000
1513	1	0.000000	0.000000	0.000000	-0.034000
1514	1	0.000000	0.000000	0.000000	-0.034000
1515	0	0.000000	0.000000	0.000000	-0.034000
1516	1	0.000000	0.000000	0.000000	-0.034000
1517	1	0.000000	0.000000	0.000000	-0.034000
1518	1	0.000000	0.500000	0.000000	-0.534000
1519	1	0.000000	0.000000	0.000000	-0.534000
1520	1	0.000000	0.000000	0.000000	-0.534000
1521	1	0.000000	0.000000	0.000000	-0.534000
1522	0	0.000000	0.000000	0.000000	-0.034000
1523	0	0.000000	0.000000	0.000000	-0.034000
1524	0	0.000000	0.000000	0.000000	-0.034000
1525	0	0.000000	0.000000	0.000000	-0.034000
1526	1	0.000000	0.000000	0.000000	-0.034000
1527	1	0.000000	0.000000	0.000000	-0.034000
1528	1	0.000000	0.000000	0.000000	-0.034000
1529	1	0.000000	0.000000	0.000000	-0.034000
1530	1	0.000000	0.000000	0.000000	-0.034000
1531	1	0.000000	0.000000	0.000000	-0.034000
1532	0	0.000000	0.000000	0.000000	-0.034000
1533	0	0.000000	0.500000	0.500000	-0.034000
1534	1	0.000000	0.000000	0.000000	-0.034000
1535	1	0.000000	0.000000	0.000000	-0.034000
1536	1	0.000000	0.000000	0.000000	-0.034000
1537	1	0.000000	0.000000	0.000000	-0.034000
1538	1	0.000000	0.000000	0.000000	-0.034000
1539	1	0.000000	0.000000	0.000000	-0.034000
1540	0	0.000000	0.000000	0.000000	-0.034000
1541	1	0.000000	0.000000	0.000000	-0.034000
1542	0	0.000000	0.000000	0.000000	-0.034000
1543	0	0.000000	0.000000	0.000000	-0.034000
1544	1	0.000000	0.000000	0.000000	-0.034000
1545	1	0.000000	0.000000	0.000000	-0.034000
1546	1	0.000000	0.000000	0.000000	-0.034000
1547	1	0.000000	0.000000	0.000000	-0.034000
1548	0	0.000000	0.500000	0.000000	-0.034000
1549	1	0.000000	0.000000	0.000000	-0.034000
1550	1	0.000000	0.000000	0.000000	-0.034000
1551	0	0.000000	0.000000	0.000000	-0.034000
1552	0	0.000000	0.000000	0.000000	-0.034000
1553	1	0.000000	0.000000	0.000000	-0.034000
1554	1	0.000000	0.000000	0.000000	-0.034000
1555	0	0.000000	0.000000	0.000000	-0.034000
1556	1	0.000000	0.000000	0.000000	-0.034000
1557	1	0.000000	0.000000	0.000000	-0.034000
1558	1	0.000000	0.000000	0.000000	-0.034000
1559	1	0.000000	0.000000	0.000000	-0.034000
1560	1	0.000000	0.000000	0.000000	-0.034000
1561	1	0.000000	0.000000	0.000000	-0.034000
1562	1	0.000000	0.000000	0.000000	-0.034000
1563	1	0.000000	0.500000	0.000000	-0.534000
1564	1	0.000000	0.000000	0.000000	-0.534000
1565	0	0.000000	0.000000	0.000000	-0.034000
1566	1	0.000000	0.000000	0.000000	-0.034000
1567	0	0.000000	0.000000	0.000000	-0.034000
1568	1	0.000000	0.000000	0.000000	-0.034000
1569	1	0.000000	0.000000	0.000000	-0.034000
1570	1	0.000000	0.000000	0.000000	-0.034000
1571	1	0.000000	0.000000	0.000000	-0.034000
1572	0	0.000000	0.000000	0.000000	-0.034000
1573	1	0.000000	0.000000	0.000000	-0.034000
1574	0	0.000000	0.000000	0.000000	-0.034000
1575	1	0.000000	0.000000	0.000000	-0.034000
1576	1	0.000000	0.000000	0.000000	-0.034000
1577	1	0.000000	0.000000	0.000000	-0.034000
1578	1	0.000000	0.500000	0.000000	-0.534000
1579	1	0.000000	0.000000	0.000000	-0.534000
1580	0	0.000000	0.000000	0.000000	-0.034000
1581	0	0.000000	0.000000	0.000000	-0.034000
1582	1	0.000000	0.000000	0.000000	-0.034000
1583	1	0.000000	0.000000	0.000000	-0.034000
1584	1	0.000000	0.000000	0.000000	-0.034000
1585	0	0.000000	0.000000	0.000000	-0.034000
1586	1	0.000000	0.000000	0.000000	-0.034000
1587	1	0.000000	0.000000	0.000000	-0.034000
1588	1	0.000000	0.000000	0.000000	-0.034000
1589	0	0.000000	0.000000	0.000000	-0.034000
1590	1	0.000000	0.000000	0.000000	-0.034000
1591	1	0.000000	0.000000	0.000000	-0.034000
1592	1	0.000000	0.000000	0.000000	-0.034000
1593	0	0.000000	0.500000	0.000000	-0.034000
1594	1	0.000000	0.000000	0.000000	-0.034000
1595	0	0.000000	0.000000	0.000000	-0.034000
1596	1	0.000000	0.000000	0.000000	-0.034000
1597	1	0.000000	0.000000	0.000000	-0.034000
1598	0	0.000000	0.000000	0.000000	-0.034000
1599	1	0.000000	0.000000	0.000000	-0.034000
1600	0	0.000000	0.000000	0.000000	-0.034000
1601	1	0.000000	0.000000	0.000000	-0.034000
1602	1	0.000000	0.000000	0.000000	-0.034000
1603	0	0.000000	0.000000	0.000000	-0.034000
1604	1	0.000000	0.000000	0.000000	-0.034000
1605	1	0.000000	0.000000	0.000000	-0.034000
1606	1	0.000000	0.000000	0.000000	-0.034000
1607	1	0.000000	0.000000	0.000000	-0.034000
1608	1	0.000000	0.000000	0.000000	-0.034000
1609	1	0.000000	0.533000	0.000000	-0.567000
1610	0	0.000000	0.000000	0.000000	-0.034000
1611	1	0.000000	0.000000	0.000000	-0.034000
1612	1	0.000000	0.000000	0.000000	-0.034000
1613	0	0.000000	0.000000	0.000000	-0.034000
1614	1	0.000000	0.000000	0.000000	-0.034000
1615	1	0.000000	0.000000	0.000000	-0.034000
1616	0	0.000000	0.000000	0.000000	-0.034000
1617	1	0.000000	0.000000	0.000000	-0.034000
1618	1	0.000000	0.000000	0.000000	-0.034000
1619	1	0.000000	0.000000	0.000000	-0.034000
1620	0	0.000000	0.000000	0.000000	-0.034000
1621	1	0.000000	0.000000	0.000000	-0.034000
1622	1	0.000000	0.000000	0.000000	-0.034000
1623	0	0.000000	0.000000	0.000000	-0.034000
1624	0	0.000000	0.000000	0.000000	-0.034000
1625	1	0.000000	0.533000	0.000000	-0.567000
1626	1	0.000000	0.000000	0.000000	-0.567000
1627	1	0.000000	0.000000	0.000000	-0.567000
1628	1	0.000000	0.001000	0.000000	-0.568000
1629	0	0.000000	0.000000	0.000000	-0.034000
1630	1	0.000000	0.000000	0.000000	-0.034000
1631	0	0.000000	0.000000	0.000000	-0.034000
1632	1	0.000000	0.000000	0.000000	-0.034000
1633	1	0.000000	0.000000	0.000000	-0.034000
1634	1	0.000000	0.000000	0.000000	-0.034000
1635	1	0.000000	0.000000	0.000000	-0.034000
1636	1	0.000000	0.000000	0.000000	-0.034000
1637	1	0.000000	0.000000	0.000000	-0.034000
1638	1	0.000000	0.000000	0.000000	-0.034000
1639	1	0.000000	0.000000	0.000000	-0.034000
1640	1	0.000000	0.000000	0.000000	-0.034000
1641	1	0.000000	0.533000	0.000000	-0.567000
1642	0	0.000000	0.000000	0.000000	-0.034000
1643	0	0.000000	0.000000	0.000000	-0.034000
1644	0	0.000000	0.000000	0.000000	-0.034000
1645	0	0.000000	0.000000	0.000000	-0.034000
1646	1	0.000000	0.000000	0.000000	-0.034000
1647	0	0.000000	0.000000	0.000000	-0.034000
1648	0	0.000000	0.000000	0.000000	-0.034000
1649	0	0.000000	0.000000	0.000000	-0.034000
1650	1	0.000000	0.000000	0.000000	-0.034000
1651	0	0.000000	0.000000	0.000000	-0.034000
1652	1	0.000000	0.000000	0.000000	-0.034000
1653	1	0.000000	0.000000	0.000000	-0.034000
1654	1	0.000000	0.000000	0.000000	-0.034000
1655	1	0.000000	0.000000	0.000000	-0.034000
1656	0	0.000000	0.000000	0.000000	-0.034000
1657	1	0.000000	0.533000	0.000000	-0.567000
1658	0	0.000000	0.000000	0.000000	-0.034000
1659	1	0.000000	0.000000	0.000000	-0.034000
1660	1	0.000000	0.000000	0.000000	-0.034000
1661	1	0.000000	0.000000	0.000000	-0.034000
1662	1	0.000000	0.000000	0.000000	-0.034000
1663	1	0.000000	0.000000	0.000000	-0.034000
1664	1	0.000000	0.000000	0.000000	-0.034000
1665	1	0.000000	0.000000	0.000000	-0.034000
1666	1	0.000000	0.000000	0.000000	-0.034000
1667	0	0.000000	0.000000	0.000000	-0.034000
1668	1	0.000000	0.000000	0.000000	-0.034000
1669	1	0.000000	0.000000	0.000000	-0.034000
1670	1	0.000000	0.000000	0.000000	-0.034000
1671	1	0.000000	0.000000	0.000000	-0.034000
1672	1	0.000000	0.000000	0.000000	-0.034000
1673	0	0.000000	0.533000	0.000000	-0.034000
1674	1	0.000000	0.000000	0.000000	-0.034000
1675	1	0.000000	0.000000	0.000000	-0.034000
1676	1	0.000000	0.000000	0.000000	-0.034000
1677	0	0.000000	0.000000	0.000000	-0.034000
1678	1	0.000000	0.000000	0.000000	-0.034000
1679	1	0.000000	0.000000	0.000000	-0.034000
1680	1	0.000000	0.001000	0.000000	-0.035000
1681	1	0.000000	0.000000	0.000000	-0.035000
1682	1	0.000000	0.000000	0.000000	-0.035000
1683	1	0.000000	0.000000	0.000000	-0.035000
1684	0	0.000000	0.000000	0.000000	-0.034000
1685	1	0.000000	0.000000	0.000000	-0.034000
1686	1	0.000000	0.000000	0.000000	-0.034000
1687	1	0.000000	0.000000	0.000000	-0.034000
1688	0	0.000000	0.000000	0.000000	-0.034000
1689	1	0.000000	0.533000	0.000000	-0.567000
1690	1	0.000000	0.000000	0.000000	-0.567000
1691	0	0.000000	0.000000	0.000000	-0.034000
1692	0	0.000000	0.000000	0.000000	-0.034000
1693	0	0.000000	0.000000	0.000000	-0.034000
1694	1	0.000000	0.000000	0.000000	-0.034000
1695	0	0.000000	0.000000	0.000000	-0.034000
1696	1	0.000000	0.000000	0.000000	-0.034000
1697	1	0.000000	0.000000	0.000000	-0.034000
1698	1	0.000000	0.000000	0.000000	-0.034000
1699	0	0.000000	0.000000	0.000000	-0.034000
1700	1	0.000000	0.000000	0.000000	-0.034000
1701	1	0.000000	0.000000	0.000000	-0.034000
1702	1	0.000000	0.000000	0.000000	-0.034000
1703	0	0.000000	0.000000	0.000000	-0.034000
1704	1	0.000000	0.000000	0.000000	-0.034000
1705	0	0.000000	0.000000	0.000000	-0.034000
1706	1	0.000000	0.566000	0.000000	-0.600000
1707	1	0.000000	0.000000	0.000000	-0.600000
1708	0	0.000000	0.000000	0.000000	-0.034000
1709	1	0.000000	0.000000	0.000000	-0.034000
1710	1	0.000000	0.000000	0.000000	-0.034000
1711	0	0.000000	0.001000	0.000000	-0.034000
1712	0	0.000000	0.000000	0.000000	-0.034000
1713	1	0.000000	0.000000	0.000000	-0.034000
1714	1	0.000000	0.000000	0.000000	-0.034000
1715	0	0.000000	0.000000	0.000000	-0.034000
1716	1	0.000000	0.000000	0.000000	-0.034000
1717	0	0.000000	0.000000	0.000000	-0.034000
1718	1	0.000000	0.000000	0.000000	-0.034000
1719	1	0.000000	0.000000	0.000000	-0.034000
1720	1	0.000000	0.000000	0.000000	-0.034000
1721	1	0.000000	0.000000	0.000000	-0.034000
1722	1	0.000000	0.000000	0.000000	-0.034000
1723	1	0.000000	0.566000	0.000000	-0.600000
1724	1	0.000000	0.000000	0.000000	-0.600000
1725	0	0.000000	0.000000	0.000000	-0.034000
1726	0	0.000000	0.000000	0.000000	-0.034000
1727	1	0.000000	0.000000	0.000000	-0.034000
1728	1	0.000000	0.000000	0.000000	-0.034000
1729	1	0.000000	0.000000	0.000000	-0.034000
1730	1	0.000000	0.000000	0.000000	-0.034000
1731	1	0.000000	0.000000	0.000000	-0.034000
1732	1	0.000000	0.000000	0.000000	-0.034000
1733	1	0.000000	0.000000	0.000000	-0.034000
1734	1	0.000000	0.000000	0.000000	-0.034000
1735	1	0.000000	0.000000	0.000000	-0.034000
1736	1	0.000000	0.000000	0.000000	-0.034000
1737	1	0.000000	0.000000	0.000000	-0.034000
1738	0	0.000000	0.000000	0.000000	-0.034000
1739	1	0.000000	0.000000	0.000000	-0.034000
1740	1	0.000000	0.567000	0.000000	-0.601000
1741	0	0.000000	0.000000	0.000000	-0.034000
1742	1	0.000000	0.000000	0.000000	-0.034000
1743	1	0.000000	0.000000	0.000000	-0.034000
1744	1	0.000000	0.000000	0.000000	-0.034000
1745	1	0.000000	0.000000	0.000000	-0.034000
1746	0	0.000000	0.000000	0.000000	-0.034000
1747	1	0.000000	0.000000	0.000000	-0.034000
1748	1	0.000000	0.000000	0.000000	-0.034000
1749	1	0.000000	0.000000	0.000000	-0.034000
1750	1	0.000000	0.000000	0.000000	-0.034000
1751	1	0.000000	0.000000	0.000000	-0.034000
1752	0	0.000000	0.000000	0.000000	-0.034000
1753	1	0.000000	0.000000	0.000000	-0.034000
1754	0	0.000000	0.000000	0.000000	-0.034000
1755	0	0.000000	0.000000	0.000000	-0.034000
1756	1	0.000000	0.000000	0.000000	-0.034000
1757	1	0.000000	0.566000	0.000000	-0.600000
1758	1	0.000000	0.000000	0.000000	-0.600000
1759	1	0.000000	0.000000	0.000000	-0.600000
1760	0	0.000000	0.000000	0.000000	-0.034000
1761	1	0.000000	0.000000	0.000000	-0.034000
1762	1	0.000000	0.000000	0.000000	-0.034000
1763	1	0.000000	0.000000	0.000000	-0.034000
1764	1	0.000000	0.001000	0.000000	-0.035000
1765	0	0.000000	0.000000	0.000000	-0.034000
1766	1	0.000000	0.000000	0.000000	-0.034000
1767	1	0.000000	0.000000	0.000000	-0.034000
1768	1	0.000000	0.000000	0.000000	-0.034000
1769	1	0.000000	0.000000	0.000000	-0.034000
1770	1	0.000000	0.000000	0.000000	-0.034000
1771	0	0.000000	0.000000	0.000000	-0.034000
1772	0	0.000000	0.000000	0.000000	-0.034000
1773	0	0.000000	0.000000	0.000000	-0.034000
1774	0	0.000000	0.566000	0.566000	-0.034000
1775	1	0.000000	0.000000	0.000000	-0.034000
1776	1	0.000000	0.000000	0.000000	-0.034000
1777	0	0.000000	0.000000	0.000000	-0.034000
1778	1	0.000000	0.000000	0.000000	-0.034000
1779	1	0.000000	0.000000	0.000000	-0.034000
1780	0	0.000000	0.000000	0.000000	-0.034000
1781	1	0.000000	0.000000	0.000000	-0.034000
1782	0	0.000000	0.000000	0.000000	-0.034000
1783	1	0.000000	0.000000	0.000000	-0.034000
1784	1	0.000000	0.000000	0.000000	-0.034000
1785	1	0.000000	0.000000	0.000000	-0.034000
1786	1	0.000000	0.000000	0.000000	-0.034000
1787	1	0.000000	0.000000	0.000000	-0.034000
1788	1	0.000000	0.000000	0.000000	-0.034000
1789	1	0.000000	0.000000	0.000000	-0.034000
1790	1	0.000000	0.000000	0.000000	-0.034000
1791	0	0.000000	0.567000	0.000000	-0.034000
1792	1	0.000000	0.000000	0.000000	-0.034000
1793	1	0.000000	0.000000	0.000000	-0.034000
1794	1	0.000000	0.000000	0.000000	-0.034000
1795	0	0.000000	0.000000	0.000000	-0.034000
1796	1	0.000000	0.000000	0.000000	-0.034000
1797	1	0.000000	0.000000	0.000000	-0.034000
1798	0	0.000000	0.000000	0.000000	-0.034000
1799	0	0.000000	0.000000	0.000000	-0.034000
1800	1	0.000000	0.000000	0.000000	-0.034000
1801	0	0.000000	0.000000	0.000000	-0.034000
1802	0	0.000000	0.000000	0.000000	-0.034000
1803	1	0.000000	0.000000	0.000000	-0.034000
1804	1	0.000000	0.000000	0.000000	-0.034000
1805	0	0.000000	0.000000	0.000000	-0.034000
1806	1	0.000000	0.000000	0.000000	-0.034000
1807	0	0.000000	0.000000	0.000000	-0.034000
1808	1	0.000000	0.000000	0.000000	-0.034000
1809	1	0.000000	0.600000	0.000000	-0.634000
1810	1	0.000000	0.000000	0.000000	-0.634000
1811	0	0.000000	0.000000	0.000000	-0.034000
1812	1	0.000000	0.000000	0.000000	-0.034000
1813	1	0.000000	0.000000	0.000000	-0.034000
1814	1	0.000000	0.000000	0.000000	-0.034000
1815	0	0.000000	0.000000	0.000000	-0.034000
1816	1	0.000000	0.000000	0.000000	-0.034000
1817	1	0.000000	0.000000	0.000000	-0.034000
1818	0	0.000000	0.000000	0.000000	-0.034000
1819	1	0.000000	0.000000	0.000000	-0.034000
1820	1	0.000000	0.000000	0.000000	-0.034000
1821	0	0.000000	0.000000	0.000000	-0.034000
1822	1	0.000000	0.000000	0.000000	-0.034000
1823	1	0.000000	0.000000	0.000000	-0.034000
1824	1	0.000000	0.000000	0.000000	-0.034000
1825	1	0.000000	0.000000	0.000000	-0.034000
1826	0	0.000000	0.000000	0.000000	-0.034000
1827	1	0.000000	0.600000	0.000000	-0.634000
1828	1	0.000000	0.000000	0.000000	-0.634000
1829	0	0.000000	0.000000	0.000000	-0.034000
1830	1	0.000000	0.000000	0.000000	-0.034000
1831	0	0.000000	0.000000	0.000000	-0.034000
1832	1	0.000000	0.000000	0.000000	-0.034000
1833	0	0.000000	0.000000	0.000000	-0.034000
1834	1	0.000000	0.000000	0.000000	-0.034000
1835	1	0.000000	0.000000	0.000000	-0.034000
1836	0	0.000000	0.000000	0.000000	-0.034000
1837	1	0.000000	0.000000	0.000000	-0.034000
1838	0	0.000000	0.000000	0.000000	-0.034000
1839	0	0.000000	0.000000	0.000000	-0.034000
1840	1	0.000000	0.000000	0.000000	-0.034000
1841	0	0.000000	0.000000	0.000000	-0.034000
1842	0	0.000000	0.000000	0.000000	-0.034000
1843	1	0.000000	0.000000	0.000000	-0.034000
1844	1	0.000000	0.000000	0.000000	-0.034000
1845	1	0.000000	0.600000	0.000000	-0.634000
1846	1	0.000000	0.000000	0.000000	-0.634000
1847	1	0.000000	0.000000	0.000000	-0.634000
1848	0	0.000000	0.000000	0.000000	-0.034000
1849	1	0.000000	0.000000	0.000000	-0.034000
1850	1	0.000000	0.000000	0.000000	-0.034000
1851	1	0.000000	0.000000	0.000000	-0.034000
1852	1	0.000000	0.000000	0.000000	-0.034000
1853	1	0.000000	0.000000	0.000000	-0.034000
1854	0	0.000000	0.000000	0.000000	-0.034000
1855	1	0.000000	0.000000	0.000000	-0.034000
1856	1	0.000000	0.000000	0.000000	-0.034000
1857	1	0.000000	0.000000	0.000000	-0.034000
1858	0	0.000000	0.000000	0.000000	-0.034000
1859	1	0.000000	0.000000	0.000000	-0.034000
1860	1	0.000000	0.000000	0.000000	-0.034000
1861	0	0.000000	0.000000	0.000000	-0.034000
1862	1	0.000000	0.000000	0.000000	-0.034000
1863	1	0.000000	0.600000	0.000000	-0.634000
1864	1	0.000000	0.000000	0.000000	-0.634000
1865	1	0.000000	0.000000	0.000000	-0.634000
1866	0	0.000000	0.000000	0.000000	-0.034000
1867	0	0.000000	0.000000	0.000000	-0.034000
1868	1	0.000000	0.000000	0.000000	-0.034000
1869	1	0.000000	0.000000	0.000000	-0.034000
1870	1	0.000000	0.000000	0.000000	-0.034000
1871	0	0.000000	0.000000	0.000000	-0.034000
1872	0	0.000000	0.000000	0.000000	-0.034000
1873	1	0.000000	0.000000	0.000000	-0.034000
1874	1	0.000000	0.000000	0.000000	-0.034000
1875	1	0.000000	0.000000	0.000000	-0.034000
1876	0	0.000000	0.000000	0.000000	-0.034000
1877	1	0.000000	0.000000	0.000000	-0.034000
1878	1	0.000000	0.000000	0.000000	-0.034000
1879	1	0.000000	0.000000	0.000000	-0.034000
1880	1	0.000000	0.000000	0.000000	-0.034000
1881	1	0.000000	0.600000	0.000000	-0.634000
1882	0	0.000000	0.000000	0.000000	-0.034000
1883	1	0.000000	0.000000	0.000000	-0.034000
1884	1	0.000000	0.000000	0.000000	-0.034000
1885	1	0.000000	0.000000	0.000000	-0.034000
1886	1	0.000000	0.000000	0.000000	-0.034000
1887	0	0.000000	0.000000	0.000000	-0.034000
1888	0	0.000000	0.000000	0.000000	-0.034000
1889	1	0.000000	0.000000	0.000000	-0.034000
1890	1	0.000000	0.000000	0.000000	-0.034000
1891	1	0.000000	0.000000	0.000000	-0.034000
1892	1	0.000000	0.000000	0.000000	-0.034000
1893	1	0.000000	0.000000	0.000000	-0.034000
1894	0	0.000000	0.000000	0.000000	-0.034000
1895	1	0.000000	0.000000	0.000000	-0.034000
1896	0	0.000000	0.000000	0.000000	-0.034000
1897	1	0.000000	0.000000	0.000000	-0.034000
1898	1	0.000000	0.000000	0.000000	-0.034000
1899	0	0.000000	0.600000	0.000000	-0.034000
1900	1	0.000000	0.000000	0.000000	-0.034000
1901	0	0.000000	0.000000	0.000000	-0.034000
1902	1	0.000000	0.000000	0.000000	-0.034000
1903	0	0.000000	0.000000	0.000000	-0.034000
1904	1	0.000000	0.000000	0.000000	-0.034000
1905	1	0.000000	0.000000	0.000000	-0.034000
1906	0	0.000000	0.000000	0.000000	-0.034000
1907	1	0.000000	0.000000	0.000000	-0.034000
1908	1	0.000000	0.000000	0.000000	-0.034000
1909	1	0.000000	0.000000	0.000000	-0.034000
1910	1	0.000000	0.000000	0.000000	-0.034000
1911	0	0.000000	0.000000	0.000000	-0.034000
1912	1	0.000000	0.000000	0.000000	-0.034000
1913	1	0.000000	0.000000	0.000000	-0.034000
1914	0	0.000000	0.000000	0.000000	-0.034000
1915	1	0.000000	0.000000	0.000000	-0.034000
1916	1	0.000000	0.000000	0.000000	-0.034000
1917	0	0.000000	0.000000	0.000000	-0.034000
1918	1	0.000000	0.633000	0.000000	-0.667000
1919	1	0.000000	0.000000	0.000000	-0.667000
1920	1	0.000000	0.000000	0.000000	-0.667000
1921	1	0.000000	0.000000	0.000000	-0.667000
1922	1	0.000000	0.000000	0.000000	-0.667000
1923	0	0.000000	0.000000	0.000000	-0.034000
1924	1	0.000000	0.000000	0.000000	-0.034000
1925	0	0.000000	0.000000	0.000000	-0.034000
1926	1	0.000000	0.000000	0.000000	-0.034000
1927	1	0.000000	0.000000	0.000000	-0.034000
1928	0	0.000000	0.000000	0.000000	-0.034000
1929	1	0.000000	0.000000	0.000000	-0.034000
1930	1	0.000000	0.000000	0.000000	-0.034000
1931	1	0.000000	0.000000	0.000000	-0.034000
1932	0	0.000000	0.000000	0.000000	-0.034000
1933	1	0.000000	0.000000	0.000000	-0.034000
1934	1	0.000000	0.000000	0.000000	-0.034000
1935	1	0.000000	0.000000	0.000000	-0.034000
1936	0	0.000000	0.000000	0.000000	-0.034000
1937	1	0.000000	0.633000	0.000000	-0.667000
1938	1	0.000000	0.000000	0.000000	-0.667000
1939	1	0.000000	0.000000	0.000000	-0.667000
1940	0	0.000000	0.000000	0.000000	-0.034000
1941	1	0.000000	0.001000	0.000000	-0.035000
1942	1	0.000000	0.000000	0.000000	-0.035000
1943	1	0.000000	0.000000	0.000000	-0.035000
1944	1	0.000000	0.000000	0.000000	-0.035000
1945	0	0.000000	0.000000	0.000000	-0.034000
1946	1	0.000000	0.000000	0.000000	-0.034000
1947	0	0.000000	0.000000	0.000000	-0.034000
1948	1	0.000000	0.000000	0.000000	-0.034000
1949	0	0.000000	0.000000	0.000000	-0.034000
1950	1	0.000000	0.000000	0.000000	-0.034000
1951	1	0.000000	0.000000	0.000000	-0.034000
1952	0	0.000000	0.000000	0.000000	-0.034000
1953	1	0.000000	0.000000	0.000000	-0.034000
1954	0	0.000000	0.000000	0.000000	-0.034000
1955	0	0.000000	0.000000	0.000000	-0.034000
1956	1	0.000000	0.633000	0.000000	-0.667000
1957	1	0.000000	0.000000	0.000000	-0.667000
1958	1	0.000000	0.000000	0.000000	-0.667000
1959	0	0.000000	0.000000	0.000000	-0.034000
1960	1	0.000000	0.000000	0.000000	-0.034000
1961	1	0.000000	0.000000	0.000000	-0.034000
1962	0	0.000000	0.000000	0.000000	-0.034000
1963	1	0.000000	0.000000	0.000000	-0.034000
1964	1	0.000000	0.000000	0.000000	-0.034000
1965	0	0.000000	0.000000	0.000000	-0.034000
1966	0	0.000000	0.000000	0.000000	-0.034000
1967	1	0.000000	0.000000	0.000000	-0.034000
1968	1	0.000000	0.000000	0.000000	-0.034000
1969	0	0.000000	0.000000	0.000000	-0.034000
1970	1	0.000000	0.000000	0.000000	-0.034000
1971	1	0.000000	0.000000	0.000000	-0.034000
1972	1	0.000000	0.000000	0.000000	-0.034000
1973	0	0.000000	0.000000	0.000000	-0.034000
1974	1	0.000000	0.000000	0.000000	-0.034000
1975	1	0.000000	0.633000	0.000000	-0.667000
1976	0	0.000000	0.000000	0.000000	-0.034000
1977	0	0.000000	0.000000	0.000000	-0.034000
1978	1	0.000000	0.000000	0.000000	-0.034000
1979	1	0.000000	0.000000	0.000000	-0.034000
1980	1	0.000000	0.000000	0.000000	-0.034000
1981	1	0.000000	0.000000	0.000000	-0.034000
1982	0	0.000000	0.000000	0.000000	-0.034000
1983	0	0.000000	0.000000	0.000000	-0.034000
1984	0	0.000000	0.000000	0.000000	-0.034000
1985	1	0.000000	0.000000	0.000000	-0.034000
1986	1	0.000000	0.000000	0.000000	-0.034000
1987	0	0.000000	0.000000	0.000000	-0.034000
1988	1	0.000000	0.000000	0.000000	-0.034000
1989	1	0.000000	0.000000	0.000000	-0.034000
1990	1	0.000000	0.000000	0.000000	-0.034000
1991	0	0.000000	0.000000	0.000000	-0.034000
1992	1	0.000000	0.000000	0.000000	-0.034000
1993	1	0.000000	0.000000	0.000000	-0.034000
1994	1	0.000000	0.633000	0.000000	-0.667000
1995	1	0.000000	0.000000	0.000000	-0.667000
1996	1	0.000000	0.000000	0.000000	-0.667000
1997	1	0.000000	0.000000	0.000000	-0.667000
1998	1	0.000000	0.000000	0.000000	-0.667000
1999	0	0.000000	0.000000	0.000000	-0.034000
