0	1	0.000000	0.000000	0.000000	0.000000
1	0	0.000000	0.034000	0.000000	-0.034000
2	0	0.000000	0.033000	0.033000	-0.034000
3	1	0.000000	0.032000	0.000000	-0.066000
4	0	0.000000	0.033000	0.000000	-0.034000
5	0	0.000000	0.034000	0.034000	-0.034000
6	1	0.000000	0.033000	0.000000	-0.067000
7	0	0.000000	0.033000	0.000000	-0.034000
8	0	0.000000	0.032000	0.032000	-0.034000
9	0	0.000000	0.034000	0.034000	-0.034000
10	0	0.000000	0.033000	0.033000	-0.034000
11	0	0.000000	0.032000	0.032000	-0.034000
12	0	0.000000	0.034000	0.034000	-0.034000
13	0	0.000000	0.033000	0.033000	-0.034000
14	0	0.000000	0.032000	0.032000	-0.034000
15	1	0.000000	0.033000	0.000000	-0.067000
16	0	0.000000	0.034000	0.000000	-0.034000
17	0	0.000000	0.032000	0.032000	-0.034000
18	0	0.000000	0.033000	0.033000	-0.034000
19	0	0.000000	0.033000	0.033000	-0.034000
20	0	0.000000	0.034000	0.034000	-0.034000
21	0	0.000000	0.033000	0.033000	-0.034000
22	0	0.000000	0.033000	0.033000	-0.034000
23	0	0.000000	0.032000	0.032000	-0.034000
24	0	0.000000	0.034000	0.034000	-0.034000
25	1	0.000000	0.032000	0.000000	-0.066000
26	0	0.000000	0.033000	0.000000	-0.034000
27	0	0.000000	0.034000	0.034000	-0.034000
28	0	0.000000	0.033000	0.033000	-0.034000
29	0	0.000000	0.032000	0.032000	-0.034000
30	0	0.000000	0.034000	0.034000	-0.034000
31	0	0.000000	0.033000	0.033000	-0.034000
32	0	0.000000	0.032000	0.032000	-0.034000
33	0	0.000000	0.033000	0.033000	-0.034000
34	0	0.000000	0.034000	0.034000	-0.034000
35	0	0.000000	0.032000	0.032000	-0.034000
36	0	0.000000	0.033000	0.033000	-0.034000
37	0	0.000000	0.034000	0.034000	-0.034000
38	0	0.000000	0.033000	0.033000	-0.034000
39	0	0.000000	0.032000	0.032000	-0.034000
40	0	0.000000	0.033000	0.033000	-0.034000
41	0	0.000000	0.034000	0.034000	-0.034000
42	0	0.000000	0.033000	0.033000	-0.034000
43	1	0.000000	0.033000	0.000000	-0.067000
44	0	0.000000	0.032000	0.000000	-0.034000
45	0	0.000000	0.033000	0.033000	-0.034000
46	0	0.000000	0.034000	0.034000	-0.034000
47	0	0.000000	0.033000	0.033000	-0.034000
48	0	0.000000	0.032000	0.032000	-0.034000
49	1	0.000000	0.033000	0.000000	-0.067000
50	1	0.000000	0.034000	0.000000	-0.101000
51	0	0.000000	0.033000	0.000000	-0.034000
52	0	0.000000	0.032000	0.032000	-0.034000
53	0	0.000000	0.033000	0.033000	-0.034000
54	0	0.000000	0.034000	0.034000	-0.034000
55	0	0.000000	0.032000	0.032000	-0.034000
56	0	0.000000	0.034000	0.034000	-0.034000
57	0	0.000000	0.032000	0.032000	-0.034000
58	0	0.000000	0.034000	0.034000	-0.034000
59	0	0.000000	0.032000	0.032000	-0.034000
60	1	0.000000	0.033000	0.000000	-0.067000
61	0	0.000000	0.033000	0.000000	-0.034000
62	0	0.000000	0.033000	0.033000	-0.034000
63	0	0.000000	0.034000	0.034000	-0.034000
64	0	0.000000	0.033000	0.033000	-0.034000
65	0	0.000000	0.033000	0.033000	-0.034000
66	0	0.000000	0.032000	0.032000	-0.034000
67	0	0.000000	0.033000	0.033000	-0.034000
68	0	0.000000	0.034000	0.034000	-0.034000
69	0	0.000000	0.032000	0.032000	-0.034000
70	0	0.000000	0.033000	0.033000	-0.034000
71	0	0.000000	0.033000	0.033000	-0.034000
72	0	0.000000	0.034000	0.034000	-0.034000
73	0	0.000000	0.033000	0.033000	-0.034000
74	0	0.000000	0.032000	0.032000	-0.034000
75	1	0.000000	0.033000	0.000000	-0.067000
76	0	0.000000	0.034000	0.000000	-0.034000
77	1	0.000000	0.033000	0.000000	-0.067000
78	1	0.000000	0.032000	0.000000	-0.099000
79	0	0.000000	0.034000	0.000000	-0.034000
80	0	0.000000	0.033000	0.033000	-0.034000
81	0	0.000000	0.033000	0.033000	-0.034000
82	0	0.000000	0.033000	0.033000	-0.034000
83	0	0.000000	0.033000	0.033000	-0.034000
84	0	0.000000	0.033000	0.033000	-0.034000
85	0	0.000000	0.033000	0.033000	-0.034000
86	1	0.000000	0.033000	0.000000	-0.067000
87	0	0.000000	0.033000	0.000000	-0.034000
88	0	0.000000	0.033000	0.033000	-0.034000
89	0	0.000000	0.033000	0.033000	-0.034000
90	0	0.000000	0.033000	0.033000	-0.034000
91	1	0.000000	0.032000	0.000000	-0.066000
92	0	0.000000	0.033000	0.000000	-0.034000
93	1	0.000000	0.034000	0.000000	-0.068000
94	0	0.000000	0.033000	0.000000	-0.034000
95	0	0.000000	0.033000	0.033000	-0.034000
96	0	0.000000	0.032000	0.032000	-0.034000
97	0	0.000000	0.033000	0.033000	-0.034000
98	1	0.000000	0.034000	0.000000	-0.068000
99	1	0.000000	0.032000	0.000000	-0.100000
100	0	0.000000	0.033000	0.000000	-0.034000
101	0	0.000000	0.034000	0.034000	-0.034000
102	0	0.000000	0.033000	0.033000	-0.034000
103	0	0.000000	0.033000	0.033000	-0.034000
104	1	0.000000	0.033000	0.000000	-0.067000
105	0	0.000000	0.034000	0.000000	-0.034000
106	0	0.000000	0.033000	0.033000	-0.034000
107	0	0.000000	0.033000	0.033000	-0.034000
108	0	0.000000	0.034000	0.034000	-0.034000
109	1	0.000000	0.033000	0.000000	-0.067000
110	1	0.000000	0.033000	0.000000	-0.100000
111	0	0.000000	0.034000	0.000000	-0.034000
112	0	0.000000	0.033000	0.033000	-0.034000
113	0	0.000000	0.033000	0.033000	-0.034000
114	0	0.000000	0.034000	0.034000	-0.034000
115	0	0.000000	0.033000	0.033000	-0.034000
116	0	0.000000	0.033000	0.033000	-0.034000
117	0	0.000000	0.034000	0.034000	-0.034000
118	0	0.000000	0.033000	0.033000	-0.034000
119	0	0.000000	0.033000	0.033000	-0.034000
120	0	0.000000	0.034000	0.034000	-0.034000
121	0	0.000000	0.033000	0.033000	-0.034000
122	0	0.000000	0.033000	0.033000	-0.034000
123	0	0.000000	0.034000	0.034000	-0.034000
124	0	0.000000	0.033000	0.033000	-0.034000
125	0	0.000000	0.033000	0.033000	-0.034000
126	0	0.000000	0.034000	0.034000	-0.034000
127	0	0.000000	0.033000	0.033000	-0.034000
128	0	0.000000	0.033000	0.033000	-0.034000
129	0	0.000000	0.034000	0.034000	-0.034000
130	0	0.000000	0.033000	0.033000	-0.034000
131	0	0.000000	0.033000	0.033000	-0.034000
132	0	0.000000	0.034000	0.034000	-0.034000
133	0	0.000000	0.033000	0.033000	-0.034000
134	0	0.000000	0.033000	0.033000	-0.034000
135	0	0.000000	0.034000	0.034000	-0.034000
136	0	0.000000	0.033000	0.033000	-0.034000
137	0	0.000000	0.033000	0.033000	-0.034000
138	0	0.000000	0.034000	0.034000	-0.034000
139	1	0.000000	0.033000	0.000000	-0.067000
140	0	0.000000	0.033000	0.000000	-0.034000
141	1	0.000000	0.034000	0.000000	-0.068000
142	0	0.000000	0.033000	0.000000	-0.034000
143	0	0.000000	0.033000	0.033000	-0.034000
144	0	0.000000	0.034000	0.034000	-0.034000
145	0	0.000000	0.033000	0.033000	-0.034000
146	0	0.000000	0.033000	0.033000	-0.034000
147	0	0.000000	0.034000	0.034000	-0.034000
148	0	0.000000	0.033000	0.033000	-0.034000
149	0	0.000000	0.033000	0.033000	-0.034000
150	1	0.000000	0.034000	0.000000	-0.068000
151	0	0.000000	0.033000	0.000000	-0.034000
152	0	0.000000	0.033000	0.033000	-0.034000
153	0	0.000000	0.034000	0.034000	-0.034000
154	0	0.000000	0.033000	0.033000	-0.034000
155	0	0.000000	0.033000	0.033000	-0.034000
156	0	0.000000	0.034000	0.034000	-0.034000
157	1	0.000000	0.033000	0.000000	-0.067000
158	0	0.000000	0.033000	0.000000	-0.034000
159	0	0.000000	0.034000	0.034000	-0.034000
160	0	0.000000	0.033000	0.033000	-0.034000
161	0	0.000000	0.033000	0.033000	-0.034000
162	0	0.000000	0.034000	0.034000	-0.034000
163	0	0.000000	0.033000	0.033000	-0.034000
164	1	0.000000	0.033000	0.000000	-0.067000
165	0	0.000000	0.034000	0.000000	-0.034000
166	0	0.000000	0.033000	0.033000	-0.034000
167	0	0.000000	0.033000	0.033000	-0.034000
168	0	0.000000	0.034000	0.034000	-0.034000
169	0	0.000000	0.033000	0.033000	-0.034000
170	0	0.000000	0.033000	0.033000	-0.034000
171	0	0.000000	0.034000	0.034000	-0.034000
172	1	0.000000	0.033000	0.000000	-0.067000
173	0	0.000000	0.033000	0.000000	-0.034000
174	0	0.000000	0.034000	0.034000	-0.034000
175	0	0.000000	0.033000	0.033000	-0.034000
176	0	0.000000	0.033000	0.033000	-0.034000
177	0	0.000000	0.034000	0.034000	-0.034000
178	0	0.000000	0.033000	0.033000	-0.034000
179	0	0.000000	0.033000	0.033000	-0.034000
180	0	0.000000	0.034000	0.034000	-0.034000
181	0	0.000000	0.033000	0.033000	-0.034000
182	0	0.000000	0.033000	0.033000	-0.034000
183	0	0.000000	0.034000	0.034000	-0.034000
184	0	0.000000	0.033000	0.033000	-0.034000
185	1	0.000000	0.033000	0.000000	-0.067000
186	0	0.000000	0.034000	0.000000	-0.034000
187	0	0.000000	0.033000	0.033000	-0.034000
188	0	0.000000	0.033000	0.033000	-0.034000
189	0	0.000000	0.034000	0.034000	-0.034000
190	0	0.000000	0.033000	0.033000	-0.034000
191	0	0.000000	0.033000	0.033000	-0.034000
192	0	0.000000	0.034000	0.034000	-0.034000
193	0	0.000000	0.033000	0.033000	-0.034000
194	0	0.000000	0.033000	0.033000	-0.034000
195	0	0.000000	0.034000	0.034000	-0.034000
196	0	0.000000	0.033000	0.033000	-0.034000
197	0	0.000000	0.033000	0.033000	-0.034000
198	0	0.000000	0.034000	0.034000	-0.034000
199	0	0.000000	0.033000	0.033000	-0.034000
200	0	0.000000	0.000000	0.000000	-0.034000
201	0	0.000000	0.067000	0.067000	-0.034000
202	0	0.000000	0.000000	0.000000	-0.034000
203	0	0.000000	0.066000	0.066000	-0.034000
204	0	0.000000	0.000000	0.000000	-0.034000
205	0	0.000000	0.067000	0.067000	-0.034000
206	0	0.000000	0.000000	0.000000	-0.034000
207	0	0.000000	0.067000	0.067000	-0.034000
208	0	0.000000	0.000000	0.000000	-0.034000
209	1	0.000000	0.066000	0.000000	-0.100000
210	0	0.000000	0.000000	0.000000	-0.034000
211	0	0.000000	0.067000	0.067000	-0.034000
212	0	0.000000	0.000000	0.000000	-0.034000
213	0	0.000000	0.067000	0.067000	-0.034000
214	1	0.000000	0.000000	0.000000	-0.034000
215	0	0.000000	0.066000	0.000000	-0.034000
216	0	0.000000	0.000000	0.000000	-0.034000
217	0	0.000000	0.067000	0.067000	-0.034000
218	0	0.000000	0.000000	0.000000	-0.034000
219	0	0.000000	0.067000	0.067000	-0.034000
220	0	0.000000	0.000000	0.000000	-0.034000
221	0	0.000000	0.066000	0.066000	-0.034000
222	0	0.000000	0.000000	0.000000	-0.034000
223	0	0.000000	0.067000	0.067000	-0.034000
224	0	0.000000	0.000000	0.000000	-0.034000
225	0	0.000000	0.067000	0.067000	-0.034000
226	0	0.000000	0.000000	0.000000	-0.034000
227	0	0.000000	0.066000	0.066000	-0.034000
228	0	0.000000	0.000000	0.000000	-0.034000
229	0	0.000000	0.067000	0.067000	-0.034000
230	1	0.000000	0.000000	0.000000	-0.034000
231	0	0.000000	0.067000	0.000000	-0.034000
232	0	0.000000	0.000000	0.000000	-0.034000
233	0	0.000000	0.066000	0.066000	-0.034000
234	0	0.000000	0.000000	0.000000	-0.034000
235	0	0.000000	0.067000	0.067000	-0.034000
236	0	0.000000	0.000000	0.000000	-0.034000
237	0	0.000000	0.067000	0.067000	-0.034000
238	0	0.000000	0.000000	0.000000	-0.034000
239	0	0.000000	0.066000	0.066000	-0.034000
240	0	0.000000	0.000000	0.000000	-0.034000
241	0	0.000000	0.067000	0.067000	-0.034000
242	0	0.000000	0.000000	0.000000	-0.034000
243	0	0.000000	0.067000	0.067000	-0.034000
244	0	0.000000	0.000000	0.000000	-0.034000
245	0	0.000000	0.066000	0.066000	-0.034000
246	0	0.000000	0.000000	0.000000	-0.034000
247	0	0.000000	0.067000	0.067000	-0.034000
248	0	0.000000	0.000000	0.000000	-0.034000
249	1	0.000000	0.067000	0.000000	-0.101000
250	0	0.000000	0.000000	0.000000	-0.034000
251	0	0.000000	0.066000	0.066000	-0.034000
252	0	0.000000	0.000000	0.000000	-0.034000
253	0	0.000000	0.067000	0.067000	-0.034000
254	0	0.000000	0.000000	0.000000	-0.034000
255	0	0.000000	0.067000	0.067000	-0.034000
256	0	0.000000	0.000000	0.000000	-0.034000
257	0	0.000000	0.066000	0.066000	-0.034000
258	0	0.000000	0.000000	0.000000	-0.034000
259	0	0.000000	0.067000	0.067000	-0.034000
260	0	0.000000	0.000000	0.000000	-0.034000
261	0	0.000000	0.067000	0.067000	-0.034000
262	0	0.000000	0.000000	0.000000	-0.034000
263	0	0.000000	0.066000	0.066000	-0.034000
264	0	0.000000	0.000000	0.000000	-0.034000
265	0	0.000000	0.067000	0.067000	-0.034000
266	0	0.000000	0.000000	0.000000	-0.034000
267	0	0.000000	0.067000	0.067000	-0.034000
268	0	0.000000	0.000000	0.000000	-0.034000
269	1	0.000000	0.066000	0.000000	-0.100000
270	1	0.000000	0.000000	0.000000	-0.100000
271	0	0.000000	0.067000	0.000000	-0.034000
272	0	0.000000	0.000000	0.000000	-0.034000
273	0	0.000000	0.067000	0.067000	-0.034000
274	0	0.000000	0.000000	0.000000	-0.034000
275	0	0.000000	0.066000	0.066000	-0.034000
276	1	0.000000	0.000000	0.000000	-0.034000
277	0	0.000000	0.067000	0.000000	-0.034000
278	0	0.000000	0.000000	0.000000	-0.034000
279	0	0.000000	0.067000	0.067000	-0.034000
280	0	0.000000	0.000000	0.000000	-0.034000
281	0	0.000000	0.066000	0.066000	-0.034000
282	1	0.000000	0.000000	0.000000	-0.034000
283	0	0.000000	0.067000	0.000000	-0.034000
284	0	0.000000	0.000000	0.000000	-0.034000
285	0	0.000000	0.067000	0.067000	-0.034000
286	0	0.000000	0.000000	0.000000	-0.034000
287	0	0.000000	0.066000	0.066000	-0.034000
288	0	0.000000	0.000000	0.000000	-0.034000
289	0	0.000000	0.067000	0.067000	-0.034000
290	0	0.000000	0.000000	0.000000	-0.034000
291	0	0.000000	0.067000	0.067000	-0.034000
292	0	0.000000	0.000000	0.000000	-0.034000
293	0	0.000000	0.066000	0.066000	-0.034000
294	0	0.000000	0.000000	0.000000	-0.034000
295	0	0.000000	0.067000	0.067000	-0.034000
296	1	0.000000	0.000000	0.000000	-0.034000
297	0	0.000000	0.067000	0.000000	-0.034000
298	0	0.000000	0.000000	0.000000	-0.034000
299	0	0.000000	0.066000	0.066000	-0.034000
300	0	0.000000	0.000000	0.000000	-0.034000
301	0	0.000000	0.000000	0.000000	-0.034000
302	1	0.000000	0.100000	0.000000	-0.134000
303	0	0.000000	0.000000	0.000000	-0.034000
304	0	0.000000	0.000000	0.000000	-0.034000
305	0	0.000000	0.100000	0.100000	-0.034000
306	0	0.000000	0.000000	0.000000	-0.034000
307	0	0.000000	0.000000	0.000000	-0.034000
308	0	0.000000	0.100000	0.100000	-0.034000
309	0	0.000000	0.000000	0.000000	-0.034000
310	0	0.000000	0.000000	0.000000	-0.034000
311	0	0.000000	0.100000	0.100000	-0.034000
312	0	0.000000	0.000000	0.000000	-0.034000
313	0	0.000000	0.000000	0.000000	-0.034000
314	0	0.000000	0.100000	0.100000	-0.034000
315	0	0.000000	0.000000	0.000000	-0.034000
316	0	0.000000	0.000000	0.000000	-0.034000
317	1	0.000000	0.100000	0.000000	-0.134000
318	0	0.000000	0.000000	0.000000	-0.034000
319	1	0.000000	0.000000	0.000000	-0.034000
320	0	0.000000	0.100000	0.000000	-0.034000
321	0	0.000000	0.000000	0.000000	-0.034000
322	0	0.000000	0.000000	0.000000	-0.034000
323	0	0.000000	0.100000	0.100000	-0.034000
324	0	0.000000	0.000000	0.000000	-0.034000
325	0	0.000000	0.000000	0.000000	-0.034000
326	0	0.000000	0.100000	0.100000	-0.034000
327	0	0.000000	0.000000	0.000000	-0.034000
328	1	0.000000	0.000000	0.000000	-0.034000
329	1	0.000000	0.100000	0.000000	-0.134000
330	0	0.000000	0.000000	0.000000	-0.034000
331	0	0.000000	0.000000	0.000000	-0.034000
332	0	0.000000	0.100000	0.100000	-0.034000
333	0	0.000000	0.000000	0.000000	-0.034000
334	0	0.000000	0.000000	0.000000	-0.034000
335	0	0.000000	0.100000	0.100000	-0.034000
336	0	0.000000	0.000000	0.000000	-0.034000
337	0	0.000000	0.000000	0.000000	-0.034000
338	0	0.000000	0.100000	0.100000	-0.034000
339	0	0.000000	0.000000	0.000000	-0.034000
340	0	0.000000	0.000000	0.000000	-0.034000
341	0	0.000000	0.100000	0.100000	-0.034000
342	0	0.000000	0.000000	0.000000	-0.034000
343	0	0.000000	0.000000	0.000000	-0.034000
344	0	0.000000	0.100000	0.100000	-0.034000
345	0	0.000000	0.000000	0.000000	-0.034000
346	0	0.000000	0.000000	0.000000	-0.034000
347	0	0.000000	0.100000	0.100000	-0.034000
348	0	0.000000	0.000000	0.000000	-0.034000
349	0	0.000000	0.000000	0.000000	-0.034000
350	0	0.000000	0.100000	0.100000	-0.034000
351	0	0.000000	0.000000	0.000000	-0.034000
352	0	0.000000	0.000000	0.000000	-0.034000
353	1	0.000000	0.100000	0.000000	-0.134000
354	0	0.000000	0.000000	0.000000	-0.034000
355	0	0.000000	0.000000	0.000000	-0.034000
356	0	0.000000	0.100000	0.100000	-0.034000
357	0	0.000000	0.000000	0.000000	-0.034000
358	1	0.000000	0.000000	0.000000	-0.034000
359	0	0.000000	0.100000	0.000000	-0.034000
360	0	0.000000	0.000000	0.000000	-0.034000
361	0	0.000000	0.000000	0.000000	-0.034000
362	0	0.000000	0.100000	0.100000	-0.034000
363	0	0.000000	0.000000	0.000000	-0.034000
364	0	0.000000	0.000000	0.000000	-0.034000
365	0	0.000000	0.100000	0.100000	-0.034000
366	0	0.000000	0.000000	0.000000	-0.034000
367	0	0.000000	0.000000	0.000000	-0.034000
368	0	0.000000	0.100000	0.100000	-0.034000
369	0	0.000000	0.000000	0.000000	-0.034000
370	0	0.000000	0.000000	0.000000	-0.034000
371	0	0.000000	0.100000	0.100000	-0.034000
372	0	0.000000	0.000000	0.000000	-0.034000
373	1	0.000000	0.000000	0.000000	-0.034000
374	0	0.000000	0.100000	0.000000	-0.034000
375	0	0.000000	0.000000	0.000000	-0.034000
376	0	0.000000	0.000000	0.000000	-0.034000
377	0	0.000000	0.100000	0.100000	-0.034000
378	0	0.000000	0.000000	0.000000	-0.034000
379	0	0.000000	0.000000	0.000000	-0.034000
380	0	0.000000	0.100000	0.100000	-0.034000
381	1	0.000000	0.000000	0.000000	-0.034000
382	0	0.000000	0.000000	0.000000	-0.034000
383	0	0.000000	0.100000	0.100000	-0.034000
384	0	0.000000	0.000000	0.000000	-0.034000
385	1	0.000000	0.000000	0.000000	-0.034000
386	0	0.000000	0.100000	0.000000	-0.034000
387	0	0.000000	0.000000	0.000000	-0.034000
388	0	0.000000	0.000000	0.000000	-0.034000
389	0	0.000000	0.100000	0.100000	-0.034000
390	0	0.000000	0.000000	0.000000	-0.034000
391	0	0.000000	0.000000	0.000000	-0.034000
392	0	0.000000	0.100000	0.100000	-0.034000
393	0	0.000000	0.000000	0.000000	-0.034000
394	0	0.000000	0.000000	0.000000	-0.034000
395	0	0.000000	0.100000	0.100000	-0.034000
396	0	0.000000	0.000000	0.000000	-0.034000
397	0	0.000000	0.000000	0.000000	-0.034000
398	0	0.000000	0.100000	0.100000	-0.034000
399	0	0.000000	0.000000	0.000000	-0.034000
400	0	0.000000	0.000000	0.000000	-0.034000
401	0	0.000000	0.000000	0.000000	-0.034000
402	0	0.000000	0.134000	0.134000	-0.034000
403	0	0.000000	0.000000	0.000000	-0.034000
404	0	0.000000	0.000000	0.000000	-0.034000
405	0	0.000000	0.000000	0.000000	-0.034000
406	1	0.000000	0.133000	0.000000	-0.167000
407	0	0.000000	0.000000	0.000000	-0.034000
408	0	0.000000	0.000000	0.000000	-0.034000
409	0	0.000000	0.000000	0.000000	-0.034000
410	0	0.000000	0.133000	0.133000	-0.034000
411	0	0.000000	0.000000	0.000000	-0.034000
412	0	0.000000	0.000000	0.000000	-0.034000
413	0	0.000000	0.000000	0.000000	-0.034000
414	0	0.000000	0.134000	0.134000	-0.034000
415	0	0.000000	0.000000	0.000000	-0.034000
416	0	0.000000	0.000000	0.000000	-0.034000
417	0	0.000000	0.000000	0.000000	-0.034000
418	0	0.000000	0.133000	0.133000	-0.034000
419	0	0.000000	0.000000	0.000000	-0.034000
420	0	0.000000	0.000000	0.000000	-0.034000
421	0	0.000000	0.000000	0.000000	-0.034000
422	1	0.000000	0.133000	0.000000	-0.167000
423	0	0.000000	0.000000	0.000000	-0.034000
424	0	0.000000	0.000000	0.000000	-0.034000
425	0	0.000000	0.000000	0.000000	-0.034000
426	0	0.000000	0.134000	0.134000	-0.034000
427	0	0.000000	0.000000	0.000000	-0.034000
428	0	0.000000	0.000000	0.000000	-0.034000
429	0	0.000000	0.000000	0.000000	-0.034000
430	0	0.000000	0.133000	0.133000	-0.034000
431	1	0.000000	0.000000	0.000000	-0.034000
432	0	0.000000	0.000000	0.000000	-0.034000
433	0	0.000000	0.000000	0.000000	-0.034000
434	0	0.000000	0.133000	0.133000	-0.034000
435	0	0.000000	0.000000	0.000000	-0.034000
436	0	0.000000	0.000000	0.000000	-0.034000
437	0	0.000000	0.000000	0.000000	-0.034000
438	0	0.000000	0.134000	0.134000	-0.034000
439	0	0.000000	0.000000	0.000000	-0.034000
440	0	0.000000	0.000000	0.000000	-0.034000
441	0	0.000000	0.000000	0.000000	-0.034000
442	0	0.000000	0.133000	0.133000	-0.034000
443	0	0.000000	0.000000	0.000000	-0.034000
444	0	0.000000	0.000000	0.000000	-0.034000
445	0	0.000000	0.000000	0.000000	-0.034000
446	1	0.000000	0.133000	0.000000	-0.167000
447	0	0.000000	0.000000	0.000000	-0.034000
448	0	0.000000	0.000000	0.000000	-0.034000
449	1	0.000000	0.000000	0.000000	-0.034000
450	0	0.000000	0.134000	0.000000	-0.034000
451	0	0.000000	0.000000	0.000000	-0.034000
452	0	0.000000	0.066000	0.066000	-0.034000
453	0	0.000000	0.000000	0.000000	-0.034000
454	0	0.000000	0.000000	0.000000	-0.034000
455	0	0.000000	0.000000	0.000000	-0.034000
456	1	0.000000	0.134000	0.000000	-0.168000
457	0	0.000000	0.000000	0.000000	-0.034000
458	0	0.000000	0.000000	0.000000	-0.034000
459	0	0.000000	0.000000	0.000000	-0.034000
460	0	0.000000	0.133000	0.133000	-0.034000
461	0	0.000000	0.000000	0.000000	-0.034000
462	0	0.000000	0.000000	0.000000	-0.034000
463	0	0.000000	0.000000	0.000000	-0.034000
464	0	0.000000	0.133000	0.133000	-0.034000
465	0	0.000000	0.000000	0.000000	-0.034000
466	0	0.000000	0.000000	0.000000	-0.034000
467	0	0.000000	0.000000	0.000000	-0.034000
468	0	0.000000	0.134000	0.134000	-0.034000
469	0	0.000000	0.000000	0.000000	-0.034000
470	0	0.000000	0.000000	0.000000	-0.034000
471	0	0.000000	0.000000	0.000000	-0.034000
472	0	0.000000	0.133000	0.133000	-0.034000
473	0	0.000000	0.000000	0.000000	-0.034000
474	0	0.000000	0.000000	0.000000	-0.034000
475	0	0.000000	0.000000	0.000000	-0.034000
476	0	0.000000	0.133000	0.133000	-0.034000
477	0	0.000000	0.000000	0.000000	-0.034000
478	0	0.000000	0.000000	0.000000	-0.034000
479	1	0.000000	0.000000	0.000000	-0.034000
480	0	0.000000	0.134000	0.000000	-0.034000
481	0	0.000000	0.000000	0.000000	-0.034000
482	0	0.000000	0.000000	0.000000	-0.034000
483	0	0.000000	0.000000	0.000000	-0.034000
484	0	0.000000	0.133000	0.133000	-0.034000
485	0	0.000000	0.000000	0.000000	-0.034000
486	0	0.000000	0.000000	0.000000	-0.034000
487	1	0.000000	0.000000	0.000000	-0.034000
488	0	0.000000	0.133000	0.000000	-0.034000
489	0	0.000000	0.000000	0.000000	-0.034000
490	0	0.000000	0.000000	0.000000	-0.034000
491	0	0.000000	0.000000	0.000000	-0.034000
492	0	0.000000	0.134000	0.134000	-0.034000
493	0	0.000000	0.000000	0.000000	-0.034000
494	0	0.000000	0.000000	0.000000	-0.034000
495	0	0.000000	0.000000	0.000000	-0.034000
496	0	0.000000	0.133000	0.133000	-0.034000
497	0	0.000000	0.000000	0.000000	-0.034000
498	1	0.000000	0.000000	0.000000	-0.034000
499	0	0.000000	0.000000	0.000000	-0.034000
500	0	0.000000	0.000000	0.000000	-0.034000
501	0	0.000000	0.167000	0.167000	-0.034000
502	0	0.000000	0.000000	0.000000	-0.034000
503	0	0.000000	0.000000	0.000000	-0.034000
504	0	0.000000	0.000000	0.000000	-0.034000
505	0	0.000000	0.000000	0.000000	-0.034000
506	1	0.000000	0.166000	0.000000	-0.200000
507	0	0.000000	0.000000	0.000000	-0.034000
508	0	0.000000	0.000000	0.000000	-0.034000
509	0	0.000000	0.000000	0.000000	-0.034000
510	0	0.000000	0.000000	0.000000	-0.034000
511	1	0.000000	0.167000	0.000000	-0.201000
512	0	0.000000	0.000000	0.000000	-0.034000
513	0	0.000000	0.000000	0.000000	-0.034000
514	0	0.000000	0.000000	0.000000	-0.034000
515	0	0.000000	0.000000	0.000000	-0.034000
516	0	0.000000	0.167000	0.167000	-0.034000
517	0	0.000000	0.000000	0.000000	-0.034000
518	1	0.000000	0.000000	0.000000	-0.034000
519	0	0.000000	0.000000	0.000000	-0.034000
520	0	0.000000	0.000000	0.000000	-0.034000
521	0	0.000000	0.166000	0.166000	-0.034000
522	0	0.000000	0.000000	0.000000	-0.034000
523	0	0.000000	0.000000	0.000000	-0.034000
524	0	0.000000	0.000000	0.000000	-0.034000
525	0	0.000000	0.000000	0.000000	-0.034000
526	0	0.000000	0.167000	0.167000	-0.034000
527	0	0.000000	0.000000	0.000000	-0.034000
528	0	0.000000	0.000000	0.000000	-0.034000
529	0	0.000000	0.000000	0.000000	-0.034000
530	0	0.000000	0.000000	0.000000	-0.034000
531	0	0.000000	0.167000	0.167000	-0.034000
532	0	0.000000	0.000000	0.000000	-0.034000
533	1	0.000000	0.000000	0.000000	-0.034000
534	0	0.000000	0.000000	0.000000	-0.034000
535	0	0.000000	0.000000	0.000000	-0.034000
536	0	0.000000	0.166000	0.166000	-0.034000
537	0	0.000000	0.000000	0.000000	-0.034000
538	0	0.000000	0.000000	0.000000	-0.034000
539	0	0.000000	0.000000	0.000000	-0.034000
540	0	0.000000	0.000000	0.000000	-0.034000
541	0	0.000000	0.167000	0.167000	-0.034000
542	0	0.000000	0.000000	0.000000	-0.034000
543	0	0.000000	0.000000	0.000000	-0.034000
544	0	0.000000	0.000000	0.000000	-0.034000
545	0	0.000000	0.000000	0.000000	-0.034000
546	0	0.000000	0.167000	0.167000	-0.034000
547	0	0.000000	0.000000	0.000000	-0.034000
548	0	0.000000	0.000000	0.000000	-0.034000
549	0	0.000000	0.000000	0.000000	-0.034000
550	0	0.000000	0.000000	0.000000	-0.034000
551	0	0.000000	0.166000	0.166000	-0.034000
552	0	0.000000	0.000000	0.000000	-0.034000
553	0	0.000000	0.000000	0.000000	-0.034000
554	0	0.000000	0.000000	0.000000	-0.034000
555	0	0.000000	0.000000	0.000000	-0.034000
556	0	0.000000	0.167000	0.167000	-0.034000
557	0	0.000000	0.000000	0.000000	-0.034000
558	1	0.000000	0.000000	0.000000	-0.034000
559	0	0.000000	0.000000	0.000000	-0.034000
560	0	0.000000	0.000000	0.000000	-0.034000
561	1	0.000000	0.167000	0.000000	-0.201000
562	1	0.000000	0.000000	0.000000	-0.201000
563	0	0.000000	0.000000	0.000000	-0.034000
564	0	0.000000	0.000000	0.000000	-0.034000
565	0	0.000000	0.000000	0.000000	-0.034000
566	0	0.000000	0.166000	0.166000	-0.034000
567	0	0.000000	0.000000	0.000000	-0.034000
568	1	0.000000	0.000000	0.000000	-0.034000
569	0	0.000000	0.000000	0.000000	-0.034000
570	0	0.000000	0.000000	0.000000	-0.034000
571	0	0.000000	0.167000	0.167000	-0.034000
572	0	0.000000	0.000000	0.000000	-0.034000
573	0	0.000000	0.000000	0.000000	-0.034000
574	0	0.000000	0.000000	0.000000	-0.034000
575	0	0.000000	0.000000	0.000000	-0.034000
576	0	0.000000	0.167000	0.167000	-0.034000
577	0	0.000000	0.000000	0.000000	-0.034000
578	0	0.000000	0.000000	0.000000	-0.034000
579	0	0.000000	0.000000	0.000000	-0.034000
580	0	0.000000	0.000000	0.000000	-0.034000
581	0	0.000000	0.166000	0.166000	-0.034000
582	0	0.000000	0.000000	0.000000	-0.034000
583	0	0.000000	0.000000	0.000000	-0.034000
584	0	0.000000	0.000000	0.000000	-0.034000
585	0	0.000000	0.000000	0.000000	-0.034000
586	0	0.000000	0.167000	0.167000	-0.034000
587	0	0.000000	0.000000	0.000000	-0.034000
588	1	0.000000	0.000000	0.000000	-0.034000
589	0	0.000000	0.000000	0.000000	-0.034000
590	0	0.000000	0.000000	0.000000	-0.034000
591	0	0.000000	0.167000	0.167000	-0.034000
592	0	0.000000	0.000000	0.000000	-0.034000
593	0	0.000000	0.000000	0.000000	-0.034000
594	1	0.000000	0.000000	0.000000	-0.034000
595	0	0.000000	0.000000	0.000000	-0.034000
596	1	0.000000	0.166000	0.000000	-0.200000
597	0	0.000000	0.000000	0.000000	-0.034000
598	1	0.000000	0.000000	0.000000	-0.034000
599	0	0.000000	0.000000	0.000000	-0.034000
600	1	0.000000	0.000000	0.000000	-0.034000
601	0	0.000000	0.000000	0.000000	-0.034000
602	0	0.000000	0.200000	0.200000	-0.034000
603	0	0.000000	0.000000	0.000000	-0.034000
604	1	0.000000	0.000000	0.000000	-0.034000
605	1	0.000000	0.000000	0.000000	-0.034000
606	0	0.000000	0.000000	0.000000	-0.034000
607	0	0.000000	0.000000	0.000000	-0.034000
608	0	0.000000	0.200000	0.200000	-0.034000
609	0	0.000000	0.000000	0.000000	-0.034000
610	1	0.000000	0.000000	0.000000	-0.034000
611	0	0.000000	0.000000	0.000000	-0.034000
612	0	0.000000	0.000000	0.000000	-0.034000
613	0	0.000000	0.000000	0.000000	-0.034000
614	0	0.000000	0.200000	0.200000	-0.034000
615	0	0.000000	0.000000	0.000000	-0.034000
616	0	0.000000	0.000000	0.000000	-0.034000
617	0	0.000000	0.000000	0.000000	-0.034000
618	0	0.000000	0.000000	0.000000	-0.034000
619	0	0.000000	0.000000	0.000000	-0.034000
620	0	0.000000	0.200000	0.200000	-0.034000
621	0	0.000000	0.000000	0.000000	-0.034000
622	0	0.000000	0.000000	0.000000	-0.034000
623	0	0.000000	0.000000	0.000000	-0.034000
624	0	0.000000	0.000000	0.000000	-0.034000
625	0	0.000000	0.000000	0.000000	-0.034000
626	0	0.000000	0.200000	0.200000	-0.034000
627	0	0.000000	0.000000	0.000000	-0.034000
628	0	0.000000	0.000000	0.000000	-0.034000
629	1	0.000000	0.000000	0.000000	-0.034000
630	1	0.000000	0.000000	0.000000	-0.034000
631	1	0.000000	0.000000	0.000000	-0.034000
632	0	0.000000	0.200000	0.000000	-0.034000
633	0	0.000000	0.000000	0.000000	-0.034000
634	0	0.000000	0.000000	0.000000	-0.034000
635	0	0.000000	0.000000	0.000000	-0.034000
636	0	0.000000	0.000000	0.000000	-0.034000
637	0	0.000000	0.000000	0.000000	-0.034000
638	0	0.000000	0.200000	0.200000	-0.034000
639	0	0.000000	0.000000	0.000000	-0.034000
640	0	0.000000	0.000000	0.000000	-0.034000
641	0	0.000000	0.000000	0.000000	-0.034000
642	0	0.000000	0.000000	0.000000	-0.034000
643	0	0.000000	0.000000	0.000000	-0.034000
644	0	0.000000	0.200000	0.200000	-0.034000
645	0	0.000000	0.000000	0.000000	-0.034000
646	0	0.000000	0.000000	0.000000	-0.034000
647	0	0.000000	0.000000	0.000000	-0.034000
648	0	0.000000	0.000000	0.000000	-0.034000
649	0	0.000000	0.000000	0.000000	-0.034000
650	0	0.000000	0.200000	0.200000	-0.034000
651	0	0.000000	0.000000	0.000000	-0.034000
652	0	0.000000	0.000000	0.000000	-0.034000
653	0	0.000000	0.000000	0.000000	-0.034000
654	1	0.000000	0.000000	0.000000	-0.034000
655	0	0.000000	0.000000	0.000000	-0.034000
656	0	0.000000	0.200000	0.200000	-0.034000
657	0	0.000000	0.000000	0.000000	-0.034000
658	0	0.000000	0.000000	0.000000	-0.034000
659	0	0.000000	0.000000	0.000000	-0.034000
660	0	0.000000	0.000000	0.000000	-0.034000
661	0	0.000000	0.000000	0.000000	-0.034000
662	1	0.000000	0.200000	0.000000	-0.234000
663	0	0.000000	0.000000	0.000000	-0.034000
664	0	0.000000	0.000000	0.000000	-0.034000
665	0	0.000000	0.000000	0.000000	-0.034000
666	0	0.000000	0.000000	0.000000	-0.034000
667	0	0.000000	0.000000	0.000000	-0.034000
668	0	0.000000	0.200000	0.200000	-0.034000
669	0	0.000000	0.000000	0.000000	-0.034000
670	0	0.000000	0.000000	0.000000	-0.034000
671	0	0.000000	0.000000	0.000000	-0.034000
672	0	0.000000	0.000000	0.000000	-0.034000
673	0	0.000000	0.000000	0.000000	-0.034000
674	0	0.000000	0.200000	0.200000	-0.034000
675	0	0.000000	0.000000	0.000000	-0.034000
676	0	0.000000	0.000000	0.000000	-0.034000
677	0	0.000000	0.000000	0.000000	-0.034000
678	0	0.000000	0.000000	0.000000	-0.034000
679	1	0.000000	0.000000	0.000000	-0.034000
680	0	0.000000	0.200000	0.000000	-0.034000
681	0	0.000000	0.000000	0.000000	-0.034000
682	0	0.000000	0.000000	0.000000	-0.034000
683	0	0.000000	0.000000	0.000000	-0.034000
684	0	0.000000	0.000000	0.000000	-0.034000
685	0	0.000000	0.000000	0.000000	-0.034000
686	0	0.000000	0.200000	0.200000	-0.034000
687	0	0.000000	0.000000	0.000000	-0.034000
688	0	0.000000	0.000000	0.000000	-0.034000
689	0	0.000000	0.000000	0.000000	-0.034000
690	0	0.000000	0.000000	0.000000	-0.034000
691	0	0.000000	0.000000	0.000000	-0.034000
692	0	0.000000	0.200000	0.200000	-0.034000
693	1	0.000000	0.000000	0.000000	-0.034000
694	0	0.000000	0.000000	0.000000	-0.034000
695	0	0.000000	0.000000	0.000000	-0.034000
696	0	0.000000	0.000000	0.000000	-0.034000
697	0	0.000000	0.000000	0.000000	-0.034000
698	0	0.000000	0.002000	0.002000	-0.034000
699	0	0.000000	0.232000	0.232000	-0.034000
700	0	0.000000	0.000000	0.000000	-0.034000
701	0	0.000000	0.000000	0.000000	-0.034000
702	0	0.000000	0.000000	0.000000	-0.034000
703	0	0.000000	0.000000	0.000000	-0.034000
704	0	0.000000	0.000000	0.000000	-0.034000
705	0	0.000000	0.000000	0.000000	-0.034000
706	0	0.000000	0.233000	0.233000	-0.034000
707	0	0.000000	0.000000	0.000000	-0.034000
708	0	0.000000	0.000000	0.000000	-0.034000
709	0	0.000000	0.000000	0.000000	-0.034000
710	0	0.000000	0.000000	0.000000	-0.034000
711	0	0.000000	0.000000	0.000000	-0.034000
712	0	0.000000	0.000000	0.000000	-0.034000
713	0	0.000000	0.233000	0.233000	-0.034000
714	0	0.000000	0.000000	0.000000	-0.034000
715	0	0.000000	0.000000	0.000000	-0.034000
716	0	0.000000	0.000000	0.000000	-0.034000
717	1	0.000000	0.000000	0.000000	-0.034000
718	0	0.000000	0.000000	0.000000	-0.034000
719	0	0.000000	0.000000	0.000000	-0.034000
720	0	0.000000	0.234000	0.234000	-0.034000
721	0	0.000000	0.000000	0.000000	-0.034000
722	0	0.000000	0.000000	0.000000	-0.034000
723	1	0.000000	0.000000	0.000000	-0.034000
724	0	0.000000	0.000000	0.000000	-0.034000
725	1	0.000000	0.000000	0.000000	-0.034000
726	0	0.000000	0.000000	0.000000	-0.034000
727	0	0.000000	0.233000	0.233000	-0.034000
728	0	0.000000	0.000000	0.000000	-0.034000
729	0	0.000000	0.000000	0.000000	-0.034000
730	0	0.000000	0.000000	0.000000	-0.034000
731	0	0.000000	0.000000	0.000000	-0.034000
732	0	0.000000	0.000000	0.000000	-0.034000
733	0	0.000000	0.000000	0.000000	-0.034000
734	0	0.000000	0.233000	0.233000	-0.034000
735	0	0.000000	0.000000	0.000000	-0.034000
736	0	0.000000	0.000000	0.000000	-0.034000
737	0	0.000000	0.000000	0.000000	-0.034000
738	0	0.000000	0.000000	0.000000	-0.034000
739	0	0.000000	0.000000	0.000000	-0.034000
740	0	0.000000	0.000000	0.000000	-0.034000
741	0	0.000000	0.234000	0.234000	-0.034000
742	0	0.000000	0.000000	0.000000	-0.034000
743	0	0.000000	0.000000	0.000000	-0.034000
744	0	0.000000	0.000000	0.000000	-0.034000
745	0	0.000000	0.000000	0.000000	-0.034000
746	0	0.000000	0.000000	0.000000	-0.034000
747	0	0.000000	0.000000	0.000000	-0.034000
748	0	0.000000	0.233000	0.233000	-0.034000
749	0	0.000000	0.000000	0.000000	-0.034000
750	1	0.000000	0.000000	0.000000	-0.034000
751	0	0.000000	0.000000	0.000000	-0.034000
752	0	0.000000	0.000000	0.000000	-0.034000
753	0	0.000000	0.000000	0.000000	-0.034000
754	0	0.000000	0.000000	0.000000	-0.034000
755	0	0.000000	0.233000	0.233000	-0.034000
756	0	0.000000	0.000000	0.000000	-0.034000
757	0	0.000000	0.000000	0.000000	-0.034000
758	0	0.000000	0.000000	0.000000	-0.034000
759	0	0.000000	0.000000	0.000000	-0.034000
760	1	0.000000	0.000000	0.000000	-0.034000
761	0	0.000000	0.000000	0.000000	-0.034000
762	0	0.000000	0.234000	0.234000	-0.034000
763	0	0.000000	0.000000	0.000000	-0.034000
764	0	0.000000	0.000000	0.000000	-0.034000
765	0	0.000000	0.000000	0.000000	-0.034000
766	0	0.000000	0.000000	0.000000	-0.034000
767	0	0.000000	0.000000	0.000000	-0.034000
768	1	0.000000	0.000000	0.000000	-0.034000
769	0	0.000000	0.233000	0.000000	-0.034000
770	0	0.000000	0.000000	0.000000	-0.034000
771	1	0.000000	0.000000	0.000000	-0.034000
772	0	0.000000	0.000000	0.000000	-0.034000
773	0	0.000000	0.000000	0.000000	-0.034000
774	0	0.000000	0.000000	0.000000	-0.034000
775	0	0.000000	0.000000	0.000000	-0.034000
776	0	0.000000	0.233000	0.233000	-0.034000
777	0	0.000000	0.000000	0.000000	-0.034000
778	0	0.000000	0.000000	0.000000	-0.034000
779	0	0.000000	0.000000	0.000000	-0.034000
780	0	0.000000	0.000000	0.000000	-0.034000
781	1	0.000000	0.000000	0.000000	-0.034000
782	0	0.000000	0.000000	0.000000	-0.034000
783	0	0.000000	0.234000	0.234000	-0.034000
784	0	0.000000	0.000000	0.000000	-0.034000
785	0	0.000000	0.000000	0.000000	-0.034000
786	1	0.000000	0.000000	0.000000	-0.034000
787	0	0.000000	0.000000	0.000000	-0.034000
788	0	0.000000	0.000000	0.000000	-0.034000
789	0	0.000000	0.000000	0.000000	-0.034000
790	0	0.000000	0.233000	0.233000	-0.034000
791	0	0.000000	0.000000	0.000000	-0.034000
792	0	0.000000	0.000000	0.000000	-0.034000
793	0	0.000000	0.000000	0.000000	-0.034000
794	0	0.000000	0.000000	0.000000	-0.034000
795	0	0.000000	0.000000	0.000000	-0.034000
796	0	0.000000	0.000000	0.000000	-0.034000
797	1	0.000000	0.233000	0.000000	-0.267000
798	0	0.000000	0.000000	0.000000	-0.034000
799	0	0.000000	0.000000	0.000000	-0.034000
800	0	0.000000	0.000000	0.000000	-0.034000
801	0	0.000000	0.000000	0.000000	-0.034000
802	0	0.000000	0.000000	0.000000	-0.034000
803	0	0.000000	0.000000	0.000000	-0.034000
804	0	0.000000	0.000000	0.000000	-0.034000
805	0	0.000000	0.267000	0.267000	-0.034000
806	0	0.000000	0.000000	0.000000	-0.034000
807	0	0.000000	0.000000	0.000000	-0.034000
808	0	0.000000	0.000000	0.000000	-0.034000
809	0	0.000000	0.000000	0.000000	-0.034000
810	1	0.000000	0.000000	0.000000	-0.034000
811	0	0.000000	0.000000	0.000000	-0.034000
812	0	0.000000	0.000000	0.000000	-0.034000
813	0	0.000000	0.267000	0.267000	-0.034000
814	0	0.000000	0.000000	0.000000	-0.034000
815	0	0.000000	0.000000	0.000000	-0.034000
816	0	0.000000	0.000000	0.000000	-0.034000
817	0	0.000000	0.000000	0.000000	-0.034000
818	0	0.000000	0.000000	0.000000	-0.034000
819	1	0.000000	0.000000	0.000000	-0.034000
820	1	0.000000	0.000000	0.000000	-0.034000
821	0	0.000000	0.266000	0.000000	-0.034000
822	0	0.000000	0.000000	0.000000	-0.034000
823	0	0.000000	0.000000	0.000000	-0.034000
824	0	0.000000	0.000000	0.000000	-0.034000
825	0	0.000000	0.000000	0.000000	-0.034000
826	0	0.000000	0.000000	0.000000	-0.034000
827	0	0.000000	0.000000	0.000000	-0.034000
828	0	0.000000	0.001000	0.001000	-0.034000
829	0	0.000000	0.266000	0.266000	-0.034000
830	0	0.000000	0.000000	0.000000	-0.034000
831	0	0.000000	0.000000	0.000000	-0.034000
832	0	0.000000	0.000000	0.000000	-0.034000
833	0	0.000000	0.000000	0.000000	-0.034000
834	0	0.000000	0.000000	0.000000	-0.034000
835	1	0.000000	0.000000	0.000000	-0.034000
836	0	0.000000	0.000000	0.000000	-0.034000
837	0	0.000000	0.267000	0.267000	-0.034000
838	0	0.000000	0.000000	0.000000	-0.034000
839	0	0.000000	0.000000	0.000000	-0.034000
840	0	0.000000	0.000000	0.000000	-0.034000
841	0	0.000000	0.000000	0.000000	-0.034000
842	0	0.000000	0.000000	0.000000	-0.034000
843	0	0.000000	0.000000	0.000000	-0.034000
844	0	0.000000	0.000000	0.000000	-0.034000
845	0	0.000000	0.266000	0.266000	-0.034000
846	0	0.000000	0.000000	0.000000	-0.034000
847	0	0.000000	0.000000	0.000000	-0.034000
848	0	0.000000	0.000000	0.000000	-0.034000
849	0	0.000000	0.000000	0.000000	-0.034000
850	0	0.000000	0.000000	0.000000	-0.034000
851	0	0.000000	0.000000	0.000000	-0.034000
852	0	0.000000	0.001000	0.001000	-0.034000
853	0	0.000000	0.266000	0.266000	-0.034000
854	1	0.000000	0.000000	0.000000	-0.034000
855	0	0.000000	0.000000	0.000000	-0.034000
856	0	0.000000	0.000000	0.000000	-0.034000
857	0	0.000000	0.000000	0.000000	-0.034000
858	0	0.000000	0.000000	0.000000	-0.034000
859	0	0.000000	0.000000	0.000000	-0.034000
860	0	0.000000	0.000000	0.000000	-0.034000
861	0	0.000000	0.267000	0.267000	-0.034000
862	0	0.000000	0.000000	0.000000	-0.034000
863	0	0.000000	0.000000	0.000000	-0.034000
864	0	0.000000	0.000000	0.000000	-0.034000
865	0	0.000000	0.000000	0.000000	-0.034000
866	0	0.000000	0.000000	0.000000	-0.034000
867	0	0.000000	0.000000	0.000000	-0.034000
868	0	0.000000	0.000000	0.000000	-0.034000
869	0	0.000000	0.266000	0.266000	-0.034000
870	0	0.000000	0.000000	0.000000	-0.034000
871	0	0.000000	0.000000	0.000000	-0.034000
872	0	0.000000	0.000000	0.000000	-0.034000
873	0	0.000000	0.000000	0.000000	-0.034000
874	0	0.000000	0.000000	0.000000	-0.034000
875	0	0.000000	0.001000	0.001000	-0.034000
876	0	0.000000	0.000000	0.000000	-0.034000
877	0	0.000000	0.266000	0.266000	-0.034000
878	0	0.000000	0.000000	0.000000	-0.034000
879	0	0.000000	0.000000	0.000000	-0.034000
880	0	0.000000	0.000000	0.000000	-0.034000
881	0	0.000000	0.000000	0.000000	-0.034000
882	0	0.000000	0.000000	0.000000	-0.034000
883	0	0.000000	0.000000	0.000000	-0.034000
884	0	0.000000	0.000000	0.000000	-0.034000
885	0	0.000000	0.267000	0.267000	-0.034000
886	0	0.000000	0.000000	0.000000	-0.034000
887	0	0.000000	0.000000	0.000000	-0.034000
888	0	0.000000	0.000000	0.000000	-0.034000
889	0	0.000000	0.000000	0.000000	-0.034000
890	0	0.000000	0.000000	0.000000	-0.034000
891	0	0.000000	0.000000	0.000000	-0.034000
892	0	0.000000	0.000000	0.000000	-0.034000
893	0	0.000000	0.266000	0.266000	-0.034000
894	0	0.000000	0.000000	0.000000	-0.034000
895	1	0.000000	0.000000	0.000000	-0.034000
896	0	0.000000	0.000000	0.000000	-0.034000
897	0	0.000000	0.000000	0.000000	-0.034000
898	0	0.000000	0.000000	0.000000	-0.034000
899	0	0.000000	0.000000	0.000000	-0.034000
900	0	0.000000	0.001000	0.001000	-0.034000
901	0	0.000000	0.000000	0.000000	-0.034000
902	0	0.000000	0.299000	0.299000	-0.034000
903	0	0.000000	0.000000	0.000000	-0.034000
904	0	0.000000	0.000000	0.000000	-0.034000
905	0	0.000000	0.000000	0.000000	-0.034000
906	0	0.000000	0.000000	0.000000	-0.034000
907	0	0.000000	0.000000	0.000000	-0.034000
908	0	0.000000	0.000000	0.000000	-0.034000
909	0	0.000000	0.000000	0.000000	-0.034000
910	0	0.000000	0.001000	0.001000	-0.034000
911	0	0.000000	0.299000	0.299000	-0.034000
912	0	0.000000	0.000000	0.000000	-0.034000
913	0	0.000000	0.000000	0.000000	-0.034000
914	0	0.000000	0.000000	0.000000	-0.034000
915	0	0.000000	0.000000	0.000000	-0.034000
916	0	0.000000	0.000000	0.000000	-0.034000
917	0	0.000000	0.000000	0.000000	-0.034000
918	0	0.000000	0.000000	0.000000	-0.034000
919	0	0.000000	0.001000	0.001000	-0.034000
920	0	0.000000	0.299000	0.299000	-0.034000
921	1	0.000000	0.000000	0.000000	-0.034000
922	0	0.000000	0.000000	0.000000	-0.034000
923	0	0.000000	0.000000	0.000000	-0.034000
924	0	0.000000	0.000000	0.000000	-0.034000
925	0	0.000000	0.001000	0.001000	-0.034000
926	0	0.000000	0.000000	0.000000	-0.034000
927	0	0.000000	0.000000	0.000000	-0.034000
928	0	0.000000	0.000000	0.000000	-0.034000
929	0	0.000000	0.299000	0.299000	-0.034000
930	0	0.000000	0.000000	0.000000	-0.034000
931	0	0.000000	0.000000	0.000000	-0.034000
932	0	0.000000	0.000000	0.000000	-0.034000
933	1	0.000000	0.000000	0.000000	-0.034000
934	0	0.000000	0.000000	0.000000	-0.034000
935	0	0.000000	0.001000	0.001000	-0.034000
936	0	0.000000	0.000000	0.000000	-0.034000
937	0	0.000000	0.000000	0.000000	-0.034000
938	0	0.000000	0.299000	0.299000	-0.034000
939	0	0.000000	0.000000	0.000000	-0.034000
940	0	0.000000	0.000000	0.000000	-0.034000
941	0	0.000000	0.000000	0.000000	-0.034000
942	0	0.000000	0.000000	0.000000	-0.034000
943	0	0.000000	0.000000	0.000000	-0.034000
944	0	0.000000	0.000000	0.000000	-0.034000
945	0	0.000000	0.000000	0.000000	-0.034000
946	0	0.000000	0.000000	0.000000	-0.034000
947	0	0.000000	0.300000	0.300000	-0.034000
948	0	0.000000	0.000000	0.000000	-0.034000
949	0	0.000000	0.000000	0.000000	-0.034000
950	0	0.000000	0.000000	0.000000	-0.034000
951	0	0.000000	0.000000	0.000000	-0.034000
952	0	0.000000	0.000000	0.000000	-0.034000
953	0	0.000000	0.000000	0.000000	-0.034000
954	0	0.000000	0.000000	0.000000	-0.034000
955	0	0.000000	0.001000	0.001000	-0.034000
956	0	0.000000	0.299000	0.299000	-0.034000
957	0	0.000000	0.000000	0.000000	-0.034000
958	0	0.000000	0.000000	0.000000	-0.034000
959	0	0.000000	0.000000	0.000000	-0.034000
960	0	0.000000	0.000000	0.000000	-0.034000
961	0	0.000000	0.000000	0.000000	-0.034000
962	0	0.000000	0.000000	0.000000	-0.034000
963	0	0.000000	0.001000	0.001000	-0.034000
964	0	0.000000	0.000000	0.000000	-0.034000
965	0	0.000000	0.299000	0.299000	-0.034000
966	0	0.000000	0.000000	0.000000	-0.034000
967	0	0.000000	0.000000	0.000000	-0.034000
968	0	0.000000	0.000000	0.000000	-0.034000
969	0	0.000000	0.000000	0.000000	-0.034000
970	0	0.000000	0.000000	0.000000	-0.034000
971	1	0.000000	0.000000	0.000000	-0.034000
972	0	0.000000	0.000000	0.000000	-0.034000
973	0	0.000000	0.001000	0.001000	-0.034000
974	0	0.000000	0.299000	0.299000	-0.034000
975	0	0.000000	0.000000	0.000000	-0.034000
976	0	0.000000	0.000000	0.000000	-0.034000
977	1	0.000000	0.000000	0.000000	-0.034000
978	0	0.000000	0.000000	0.000000	-0.034000
979	0	0.000000	0.000000	0.000000	-0.034000
980	0	0.000000	0.000000	0.000000	-0.034000
981	0	0.000000	0.000000	0.000000	-0.034000
982	0	0.000000	0.001000	0.001000	-0.034000
983	0	0.000000	0.299000	0.299000	-0.034000
984	0	0.000000	0.000000	0.000000	-0.034000
985	0	0.000000	0.000000	0.000000	-0.034000
986	0	0.000000	0.000000	0.000000	-0.034000
987	0	0.000000	0.000000	0.000000	-0.034000
988	0	0.000000	0.000000	0.000000	-0.034000
989	0	0.000000	0.000000	0.000000	-0.034000
990	1	0.000000	0.001000	0.000000	-0.035000
991	1	0.000000	0.000000	0.000000	-0.035000
992	0	0.000000	0.299000	0.000000	-0.034000
993	0	0.000000	0.000000	0.000000	-0.034000
994	0	0.000000	0.000000	0.000000	-0.034000
995	0	0.000000	0.000000	0.000000	-0.034000
996	1	0.000000	0.000000	0.000000	-0.034000
997	0	0.000000	0.000000	0.000000	-0.034000
998	0	0.000000	0.000000	0.000000	-0.034000
999	0	0.000000	0.001000	0.001000	-0.034000
1000	0	0.000000	0.000000	0.000000	-0.034000
1001	0	0.000000	0.000000	0.000000	-0.034000
1002	0	0.000000	0.333000	0.333000	-0.034000
1003	1	0.000000	0.000000	0.000000	-0.034000
1004	0	0.000000	0.000000	0.000000	-0.034000
1005	0	0.000000	0.000000	0.000000	-0.034000
1006	0	0.000000	0.000000	0.000000	-0.034000
1007	0	0.000000	0.000000	0.000000	-0.034000
1008	0	0.000000	0.000000	0.000000	-0.034000
1009	0	0.000000	0.000000	0.000000	-0.034000
1010	0	0.000000	0.000000	0.000000	-0.034000
1011	0	0.000000	0.000000	0.000000	-0.034000
1012	0	0.000000	0.333000	0.333000	-0.034000
1013	1	0.000000	0.000000	0.000000	-0.034000
1014	0	0.000000	0.000000	0.000000	-0.034000
1015	0	0.000000	0.000000	0.000000	-0.034000
1016	0	0.000000	0.000000	0.000000	-0.034000
1017	0	0.000000	0.000000	0.000000	-0.034000
1018	0	0.000000	0.000000	0.000000	-0.034000
1019	0	0.000000	0.000000	0.000000	-0.034000
1020	0	0.000000	0.000000	0.000000	-0.034000
1021	0	0.000000	0.000000	0.000000	-0.034000
1022	0	0.000000	0.333000	0.333000	-0.034000
1023	0	0.000000	0.000000	0.000000	-0.034000
1024	0	0.000000	0.000000	0.000000	-0.034000
1025	0	0.000000	0.000000	0.000000	-0.034000
1026	0	0.000000	0.000000	0.000000	-0.034000
1027	0	0.000000	0.000000	0.000000	-0.034000
1028	0	0.000000	0.000000	0.000000	-0.034000
1029	0	0.000000	0.001000	0.001000	-0.034000
1030	0	0.000000	0.000000	0.000000	-0.034000
1031	0	0.000000	0.000000	0.000000	-0.034000
1032	0	0.000000	0.333000	0.333000	-0.034000
1033	1	0.000000	0.000000	0.000000	-0.034000
1034	0	0.000000	0.000000	0.000000	-0.034000
1035	0	0.000000	0.000000	0.000000	-0.034000
1036	0	0.000000	0.000000	0.000000	-0.034000
1037	0	0.000000	0.000000	0.000000	-0.034000
1038	0	0.000000	0.000000	0.000000	-0.034000
1039	0	0.000000	0.000000	0.000000	-0.034000
1040	0	0.000000	0.000000	0.000000	-0.034000
1041	0	0.000000	0.000000	0.000000	-0.034000
1042	0	0.000000	0.333000	0.333000	-0.034000
1043	0	0.000000	0.000000	0.000000	-0.034000
1044	0	0.000000	0.000000	0.000000	-0.034000
1045	0	0.000000	0.000000	0.000000	-0.034000
1046	0	0.000000	0.000000	0.000000	-0.034000
1047	0	0.000000	0.000000	0.000000	-0.034000
1048	0	0.000000	0.000000	0.000000	-0.034000
1049	0	0.000000	0.000000	0.000000	-0.034000
1050	0	0.000000	0.000000	0.000000	-0.034000
1051	0	0.000000	0.000000	0.000000	-0.034000
1052	0	0.000000	0.333000	0.333000	-0.034000
1053	0	0.000000	0.000000	0.000000	-0.034000
1054	0	0.000000	0.000000	0.000000	-0.034000
1055	0	0.000000	0.000000	0.000000	-0.034000
1056	0	0.000000	0.000000	0.000000	-0.034000
1057	0	0.000000	0.000000	0.000000	-0.034000
1058	0	0.000000	0.000000	0.000000	-0.034000
1059	0	0.000000	0.000000	0.000000	-0.034000
1060	0	0.000000	0.001000	0.001000	-0.034000
1061	0	0.000000	0.000000	0.000000	-0.034000
1062	0	0.000000	0.333000	0.333000	-0.034000
1063	0	0.000000	0.000000	0.000000	-0.034000
1064	0	0.000000	0.000000	0.000000	-0.034000
1065	0	0.000000	0.000000	0.000000	-0.034000
1066	0	0.000000	0.000000	0.000000	-0.034000
1067	0	0.000000	0.000000	0.000000	-0.034000
1068	1	0.000000	0.000000	0.000000	-0.034000
1069	1	0.000000	0.000000	0.000000	-0.034000
1070	1	0.000000	0.000000	0.000000	-0.034000
1071	0	0.000000	0.000000	0.000000	-0.034000
1072	0	0.000000	0.333000	0.333000	-0.034000
1073	0	0.000000	0.000000	0.000000	-0.034000
1074	0	0.000000	0.000000	0.000000	-0.034000
1075	0	0.000000	0.000000	0.000000	-0.034000
1076	0	0.000000	0.000000	0.000000	-0.034000
1077	0	0.000000	0.000000	0.000000	-0.034000
1078	0	0.000000	0.000000	0.000000	-0.034000
1079	0	0.000000	0.000000	0.000000	-0.034000
1080	1	0.000000	0.000000	0.000000	-0.034000
1081	0	0.000000	0.000000	0.000000	-0.034000
1082	0	0.000000	0.333000	0.333000	-0.034000
1083	0	0.000000	0.000000	0.000000	-0.034000
1084	0	0.000000	0.000000	0.000000	-0.034000
1085	0	0.000000	0.000000	0.000000	-0.034000
1086	0	0.000000	0.000000	0.000000	-0.034000
1087	0	0.000000	0.000000	0.000000	-0.034000
1088	1	0.000000	0.000000	0.000000	-0.034000
1089	0	0.000000	0.000000	0.000000	-0.034000
1090	0	0.000000	0.001000	0.001000	-0.034000
1091	0	0.000000	0.000000	0.000000	-0.034000
1092	0	0.000000	0.333000	0.333000	-0.034000
1093	0	0.000000	0.000000	0.000000	-0.034000
1094	0	0.000000	0.000000	0.000000	-0.034000
1095	0	0.000000	0.000000	0.000000	-0.034000
1096	0	0.000000	0.000000	0.000000	-0.034000
1097	0	0.000000	0.000000	0.000000	-0.034000
1098	0	0.000000	0.000000	0.000000	-0.034000
1099	1	0.000000	0.000000	0.000000	-0.034000
1100	0	0.000000	0.000000	0.000000	-0.034000
1101	0	0.000000	0.000000	0.000000	-0.034000
1102	0	0.000000	0.000000	0.000000	-0.034000
1103	0	0.000000	0.366000	0.366000	-0.034000
1104	0	0.000000	0.000000	0.000000	-0.034000
1105	0	0.000000	0.000000	0.000000	-0.034000
1106	0	0.000000	0.000000	0.000000	-0.034000
1107	0	0.000000	0.000000	0.000000	-0.034000
1108	0	0.000000	0.000000	0.000000	-0.034000
1109	0	0.000000	0.001000	0.001000	-0.034000
1110	0	0.000000	0.000000	0.000000	-0.034000
1111	0	0.000000	0.000000	0.000000	-0.034000
1112	1	0.000000	0.000000	0.000000	-0.034000
1113	0	0.000000	0.000000	0.000000	-0.034000
1114	0	0.000000	0.366000	0.366000	-0.034000
1115	0	0.000000	0.000000	0.000000	-0.034000
1116	0	0.000000	0.000000	0.000000	-0.034000
1117	0	0.000000	0.000000	0.000000	-0.034000
1118	0	0.000000	0.000000	0.000000	-0.034000
1119	0	0.000000	0.000000	0.000000	-0.034000
1120	0	0.000000	0.000000	0.000000	-0.034000
1121	0	0.000000	0.000000	0.000000	-0.034000
1122	0	0.000000	0.000000	0.000000	-0.034000
1123	0	0.000000	0.000000	0.000000	-0.034000
1124	0	0.000000	0.000000	0.000000	-0.034000
1125	0	0.000000	0.367000	0.367000	-0.034000
1126	0	0.000000	0.000000	0.000000	-0.034000
1127	0	0.000000	0.000000	0.000000	-0.034000
1128	0	0.000000	0.000000	0.000000	-0.034000
1129	0	0.000000	0.000000	0.000000	-0.034000
1130	0	0.000000	0.000000	0.000000	-0.034000
1131	0	0.000000	0.000000	0.000000	-0.034000
1132	0	0.000000	0.000000	0.000000	-0.034000
1133	0	0.000000	0.000000	0.000000	-0.034000
1134	0	0.000000	0.000000	0.000000	-0.034000
1135	0	0.000000	0.000000	0.000000	-0.034000
1136	0	0.000000	0.366000	0.366000	-0.034000
1137	0	0.000000	0.000000	0.000000	-0.034000
1138	0	0.000000	0.000000	0.000000	-0.034000
1139	0	0.000000	0.000000	0.000000	-0.034000
1140	1	0.000000	0.000000	0.000000	-0.034000
1141	1	0.000000	0.000000	0.000000	-0.034000
1142	0	0.000000	0.001000	0.000000	-0.034000
1143	1	0.000000	0.000000	0.000000	-0.034000
1144	0	0.000000	0.000000	0.000000	-0.034000
1145	0	0.000000	0.000000	0.000000	-0.034000
1146	0	0.000000	0.000000	0.000000	-0.034000
1147	0	0.000000	0.366000	0.366000	-0.034000
1148	0	0.000000	0.000000	0.000000	-0.034000
1149	0	0.000000	0.000000	0.000000	-0.034000
1150	0	0.000000	0.000000	0.000000	-0.034000
1151	0	0.000000	0.000000	0.000000	-0.034000
1152	0	0.000000	0.000000	0.000000	-0.034000
1153	1	0.000000	0.000000	0.000000	-0.034000
1154	0	0.000000	0.000000	0.000000	-0.034000
1155	0	0.000000	0.000000	0.000000	-0.034000
1156	0	0.000000	0.000000	0.000000	-0.034000
1157	1	0.000000	0.000000	0.000000	-0.034000
1158	0	0.000000	0.367000	0.000000	-0.034000
1159	0	0.000000	0.000000	0.000000	-0.034000
1160	0	0.000000	0.000000	0.000000	-0.034000
1161	0	0.000000	0.000000	0.000000	-0.034000
1162	0	0.000000	0.000000	0.000000	-0.034000
1163	0	0.000000	0.000000	0.000000	-0.034000
1164	0	0.000000	0.000000	0.000000	-0.034000
1165	0	0.000000	0.000000	0.000000	-0.034000
1166	0	0.000000	0.000000	0.000000	-0.034000
1167	0	0.000000	0.000000	0.000000	-0.034000
1168	1	0.000000	0.000000	0.000000	-0.034000
1169	0	0.000000	0.366000	0.000000	-0.034000
1170	1	0.000000	0.000000	0.000000	-0.034000
1171	0	0.000000	0.000000	0.000000	-0.034000
1172	0	0.000000	0.000000	0.000000	-0.034000
1173	0	0.000000	0.000000	0.000000	-0.034000
1174	0	0.000000	0.000000	0.000000	-0.034000
1175	0	0.000000	0.001000	0.001000	-0.034000
1176	1	0.000000	0.000000	0.000000	-0.034000
1177	0	0.000000	0.000000	0.000000	-0.034000
1178	1	0.000000	0.000000	0.000000	-0.034000
1179	0	0.000000	0.000000	0.000000	-0.034000
1180	0	0.000000	0.366000	0.366000	-0.034000
1181	0	0.000000	0.000000	0.000000	-0.034000
1182	0	0.000000	0.000000	0.000000	-0.034000
1183	0	0.000000	0.000000	0.000000	-0.034000
1184	0	0.000000	0.000000	0.000000	-0.034000
1185	0	0.000000	0.000000	0.000000	-0.034000
1186	0	0.000000	0.000000	0.000000	-0.034000
1187	0	0.000000	0.000000	0.000000	-0.034000
1188	0	0.000000	0.000000	0.000000	-0.034000
1189	0	0.000000	0.000000	0.000000	-0.034000
1190	0	0.000000	0.000000	0.000000	-0.034000
1191	0	0.000000	0.367000	0.367000	-0.034000
1192	0	0.000000	0.000000	0.000000	-0.034000
1193	1	0.000000	0.000000	0.000000	-0.034000
1194	1	0.000000	0.000000	0.000000	-0.034000
1195	0	0.000000	0.000000	0.000000	-0.034000
1196	0	0.000000	0.000000	0.000000	-0.034000
1197	0	0.000000	0.000000	0.000000	-0.034000
1198	0	0.000000	0.000000	0.000000	-0.034000
1199	0	0.000000	0.000000	0.000000	-0.034000
1200	1	0.000000	0.000000	0.000000	-0.034000
1201	0	0.000000	0.000000	0.000000	-0.034000
1202	0	0.000000	0.000000	0.000000	-0.034000
1203	0	0.000000	0.400000	0.400000	-0.034000
1204	0	0.000000	0.000000	0.000000	-0.034000
1205	0	0.000000	0.000000	0.000000	-0.034000
1206	0	0.000000	0.000000	0.000000	-0.034000
1207	0	0.000000	0.000000	0.000000	-0.034000
1208	0	0.000000	0.000000	0.000000	-0.034000
1209	0	0.000000	0.000000	0.000000	-0.034000
1210	0	0.000000	0.000000	0.000000	-0.034000
1211	0	0.000000	0.000000	0.000000	-0.034000
1212	0	0.000000	0.000000	0.000000	-0.034000
1213	0	0.000000	0.000000	0.000000	-0.034000
1214	0	0.000000	0.000000	0.000000	-0.034000
1215	1	0.000000	0.400000	0.000000	-0.434000
1216	0	0.000000	0.000000	0.000000	-0.034000
1217	0	0.000000	0.000000	0.000000	-0.034000
1218	0	0.000000	0.000000	0.000000	-0.034000
1219	0	0.000000	0.000000	0.000000	-0.034000
1220	1	0.000000	0.000000	0.000000	-0.034000
1221	1	0.000000	0.000000	0.000000	-0.034000
1222	0	0.000000	0.000000	0.000000	-0.034000
1223	0	0.000000	0.000000	0.000000	-0.034000
1224	0	0.000000	0.000000	0.000000	-0.034000
1225	0	0.000000	0.000000	0.000000	-0.034000
1226	0	0.000000	0.000000	0.000000	-0.034000
1227	0	0.000000	0.400000	0.400000	-0.034000
1228	0	0.000000	0.000000	0.000000	-0.034000
1229	0	0.000000	0.000000	0.000000	-0.034000
1230	0	0.000000	0.000000	0.000000	-0.034000
1231	0	0.000000	0.000000	0.000000	-0.034000
1232	0	0.000000	0.000000	0.000000	-0.034000
1233	0	0.000000	0.000000	0.000000	-0.034000
1234	0	0.000000	0.000000	0.000000	-0.034000
1235	0	0.000000	0.000000	0.000000	-0.034000
1236	0	0.000000	0.000000	0.000000	-0.034000
1237	0	0.000000	0.000000	0.000000	-0.034000
1238	0	0.000000	0.000000	0.000000	-0.034000
1239	0	0.000000	0.400000	0.400000	-0.034000
1240	0	0.000000	0.000000	0.000000	-0.034000
1241	0	0.000000	0.000000	0.000000	-0.034000
1242	0	0.000000	0.000000	0.000000	-0.034000
1243	0	0.000000	0.000000	0.000000	-0.034000
1244	0	0.000000	0.000000	0.000000	-0.034000
1245	0	0.000000	0.000000	0.000000	-0.034000
1246	0	0.000000	0.000000	0.000000	-0.034000
1247	0	0.000000	0.000000	0.000000	-0.034000
1248	1	0.000000	0.000000	0.000000	-0.034000
1249	0	0.000000	0.000000	0.000000	-0.034000
1250	1	0.000000	0.000000	0.000000	-0.034000
1251	0	0.000000	0.400000	0.000000	-0.034000
1252	0	0.000000	0.000000	0.000000	-0.034000
1253	0	0.000000	0.000000	0.000000	-0.034000
1254	0	0.000000	0.000000	0.000000	-0.034000
1255	1	0.000000	0.000000	0.000000	-0.034000
1256	0	0.000000	0.000000	0.000000	-0.034000
1257	0	0.000000	0.000000	0.000000	-0.034000
1258	0	0.000000	0.000000	0.000000	-0.034000
1259	0	0.000000	0.000000	0.000000	-0.034000
1260	0	0.000000	0.000000	0.000000	-0.034000
1261	0	0.000000	0.000000	0.000000	-0.034000
1262	0	0.000000	0.000000	0.000000	-0.034000
1263	0	0.000000	0.400000	0.400000	-0.034000
1264	0	0.000000	0.000000	0.000000	-0.034000
1265	0	0.000000	0.000000	0.000000	-0.034000
1266	1	0.000000	0.000000	0.000000	-0.034000
1267	0	0.000000	0.000000	0.000000	-0.034000
1268	0	0.000000	0.000000	0.000000	-0.034000
1269	0	0.000000	0.000000	0.000000	-0.034000
1270	0	0.000000	0.000000	0.000000	-0.034000
1271	0	0.000000	0.000000	0.000000	-0.034000
1272	0	0.000000	0.000000	0.000000	-0.034000
1273	0	0.000000	0.000000	0.000000	-0.034000
1274	1	0.000000	0.000000	0.000000	-0.034000
1275	1	0.000000	0.400000	0.000000	-0.434000
1276	0	0.000000	0.000000	0.000000	-0.034000
1277	0	0.000000	0.000000	0.000000	-0.034000
1278	0	0.000000	0.000000	0.000000	-0.034000
1279	0	0.000000	0.000000	0.000000	-0.034000
1280	0	0.000000	0.000000	0.000000	-0.034000
1281	0	0.000000	0.000000	0.000000	-0.034000
1282	1	0.000000	0.000000	0.000000	-0.034000
1283	0	0.000000	0.000000	0.000000	-0.034000
1284	0	0.000000	0.000000	0.000000	-0.034000
1285	0	0.000000	0.000000	0.000000	-0.034000
1286	0	0.000000	0.000000	0.000000	-0.034000
1287	0	0.000000	0.400000	0.400000	-0.034000
1288	0	0.000000	0.000000	0.000000	-0.034000
1289	0	0.000000	0.000000	0.000000	-0.034000
1290	0	0.000000	0.000000	0.000000	-0.034000
1291	0	0.000000	0.000000	0.000000	-0.034000
1292	0	0.000000	0.000000	0.000000	-0.034000
1293	0	0.000000	0.000000	0.000000	-0.034000
1294	0	0.000000	0.000000	0.000000	-0.034000
1295	0	0.000000	0.000000	0.000000	-0.034000
1296	0	0.000000	0.000000	0.000000	-0.034000
1297	0	0.000000	0.000000	0.000000	-0.034000
1298	0	0.000000	0.000000	0.000000	-0.034000
1299	0	0.000000	0.400000	0.400000	-0.034000
1300	0	0.000000	0.000000	0.000000	-0.034000
1301	0	0.000000	0.000000	0.000000	-0.034000
1302	0	0.000000	0.000000	0.000000	-0.034000
1303	1	0.000000	0.000000	0.000000	-0.034000
1304	0	0.000000	0.000000	0.000000	-0.034000
1305	0	0.000000	0.000000	0.000000	-0.034000
1306	0	0.000000	0.000000	0.000000	-0.034000
1307	1	0.000000	0.000000	0.000000	-0.034000
1308	0	0.000000	0.000000	0.000000	-0.034000
1309	0	0.000000	0.000000	0.000000	-0.034000
1310	0	0.000000	0.000000	0.000000	-0.034000
1311	0	0.000000	0.000000	0.000000	-0.034000
1312	0	0.000000	0.433000	0.433000	-0.034000
1313	0	0.000000	0.000000	0.000000	-0.034000
1314	0	0.000000	0.000000	0.000000	-0.034000
1315	0	0.000000	0.000000	0.000000	-0.034000
1316	0	0.000000	0.000000	0.000000	-0.034000
1317	0	0.000000	0.000000	0.000000	-0.034000
1318	0	0.000000	0.000000	0.000000	-0.034000
1319	0	0.000000	0.000000	0.000000	-0.034000
1320	0	0.000000	0.000000	0.000000	-0.034000
1321	0	0.000000	0.000000	0.000000	-0.034000
1322	0	0.000000	0.000000	0.000000	-0.034000
1323	0	0.000000	0.000000	0.000000	-0.034000
1324	0	0.000000	0.000000	0.000000	-0.034000
1325	0	0.000000	0.433000	0.433000	-0.034000
1326	0	0.000000	0.000000	0.000000	-0.034000
1327	0	0.000000	0.000000	0.000000	-0.034000
1328	0	0.000000	0.000000	0.000000	-0.034000
1329	0	0.000000	0.000000	0.000000	-0.034000
1330	0	0.000000	0.000000	0.000000	-0.034000
1331	0	0.000000	0.000000	0.000000	-0.034000
1332	0	0.000000	0.000000	0.000000	-0.034000
1333	0	0.000000	0.000000	0.000000	-0.034000
1334	0	0.000000	0.000000	0.000000	-0.034000
1335	0	0.000000	0.001000	0.001000	-0.034000
1336	0	0.000000	0.000000	0.000000	-0.034000
1337	0	0.000000	0.000000	0.000000	-0.034000
1338	0	0.000000	0.433000	0.433000	-0.034000
1339	0	0.000000	0.000000	0.000000	-0.034000
1340	0	0.000000	0.000000	0.000000	-0.034000
1341	0	0.000000	0.000000	0.000000	-0.034000
1342	1	0.000000	0.000000	0.000000	-0.034000
1343	0	0.000000	0.000000	0.000000	-0.034000
1344	0	0.000000	0.000000	0.000000	-0.034000
1345	0	0.000000	0.000000	0.000000	-0.034000
1346	0	0.000000	0.000000	0.000000	-0.034000
1347	0	0.000000	0.000000	0.000000	-0.034000
1348	0	0.000000	0.000000	0.000000	-0.034000
1349	1	0.000000	0.000000	0.000000	-0.034000
1350	0	0.000000	0.000000	0.000000	-0.034000
1351	0	0.000000	0.433000	0.433000	-0.034000
1352	1	0.000000	0.000000	0.000000	-0.034000
1353	0	0.000000	0.000000	0.000000	-0.034000
1354	0	0.000000	0.000000	0.000000	-0.034000
1355	0	0.000000	0.000000	0.000000	-0.034000
1356	0	0.000000	0.000000	0.000000	-0.034000
1357	0	0.000000	0.000000	0.000000	-0.034000
1358	0	0.000000	0.000000	0.000000	-0.034000
1359	0	0.000000	0.000000	0.000000	-0.034000
1360	0	0.000000	0.000000	0.000000	-0.034000
1361	1	0.000000	0.000000	0.000000	-0.034000
1362	1	0.000000	0.000000	0.000000	-0.034000
1363	0	0.000000	0.000000	0.000000	-0.034000
1364	0	0.000000	0.433000	0.433000	-0.034000
1365	0	0.000000	0.000000	0.000000	-0.034000
1366	0	0.000000	0.000000	0.000000	-0.034000
1367	0	0.000000	0.000000	0.000000	-0.034000
1368	1	0.000000	0.000000	0.000000	-0.034000
1369	0	0.000000	0.000000	0.000000	-0.034000
1370	1	0.000000	0.000000	0.000000	-0.034000
1371	0	0.000000	0.001000	0.000000	-0.034000
1372	0	0.000000	0.000000	0.000000	-0.034000
1373	0	0.000000	0.000000	0.000000	-0.034000
1374	0	0.000000	0.000000	0.000000	-0.034000
1375	0	0.000000	0.000000	0.000000	-0.034000
1376	0	0.000000	0.000000	0.000000	-0.034000
1377	0	0.000000	0.433000	0.433000	-0.034000
1378	0	0.000000	0.000000	0.000000	-0.034000
1379	1	0.000000	0.000000	0.000000	-0.034000
1380	1	0.000000	0.000000	0.000000	-0.034000
1381	0	0.000000	0.000000	0.000000	-0.034000
1382	0	0.000000	0.000000	0.000000	-0.034000
1383	0	0.000000	0.000000	0.000000	-0.034000
1384	0	0.000000	0.000000	0.000000	-0.034000
1385	0	0.000000	0.000000	0.000000	-0.034000
1386	1	0.000000	0.000000	0.000000	-0.034000
1387	0	0.000000	0.000000	0.000000	-0.034000
1388	0	0.000000	0.000000	0.000000	-0.034000
1389	0	0.000000	0.000000	0.000000	-0.034000
1390	0	0.000000	0.433000	0.433000	-0.034000
1391	0	0.000000	0.000000	0.000000	-0.034000
1392	0	0.000000	0.000000	0.000000	-0.034000
1393	0	0.000000	0.000000	0.000000	-0.034000
1394	0	0.000000	0.000000	0.000000	-0.034000
1395	0	0.000000	0.000000	0.000000	-0.034000
1396	0	0.000000	0.000000	0.000000	-0.034000
1397	0	0.000000	0.000000	0.000000	-0.034000
1398	0	0.000000	0.000000	0.000000	-0.034000
1399	0	0.000000	0.000000	0.000000	-0.034000
1400	0	0.000000	0.000000	0.000000	-0.034000
1401	0	0.000000	0.000000	0.000000	-0.034000
1402	0	0.000000	0.000000	0.000000	-0.034000
1403	0	0.000000	0.000000	0.000000	-0.034000
1404	0	0.000000	0.467000	0.467000	-0.034000
1405	0	0.000000	0.000000	0.000000	-0.034000
1406	0	0.000000	0.000000	0.000000	-0.034000
1407	1	0.000000	0.000000	0.000000	-0.034000
1408	0	0.000000	0.000000	0.000000	-0.034000
1409	0	0.000000	0.000000	0.000000	-0.034000
1410	1	0.000000	0.000000	0.000000	-0.034000
1411	0	0.000000	0.000000	0.000000	-0.034000
1412	0	0.000000	0.000000	0.000000	-0.034000
1413	1	0.000000	0.000000	0.000000	-0.034000
1414	0	0.000000	0.000000	0.000000	-0.034000
1415	0	0.000000	0.000000	0.000000	-0.034000
1416	0	0.000000	0.000000	0.000000	-0.034000
1417	0	0.000000	0.000000	0.000000	-0.034000
1418	0	0.000000	0.466000	0.466000	-0.034000
1419	0	0.000000	0.000000	0.000000	-0.034000
1420	0	0.000000	0.000000	0.000000	-0.034000
1421	0	0.000000	0.000000	0.000000	-0.034000
1422	0	0.000000	0.000000	0.000000	-0.034000
1423	0	0.000000	0.000000	0.000000	-0.034000
1424	0	0.000000	0.000000	0.000000	-0.034000
1425	0	0.000000	0.000000	0.000000	-0.034000
1426	0	0.000000	0.000000	0.000000	-0.034000
1427	0	0.000000	0.001000	0.001000	-0.034000
1428	0	0.000000	0.000000	0.000000	-0.034000
1429	0	0.000000	0.000000	0.000000	-0.034000
1430	1	0.000000	0.000000	0.000000	-0.034000
1431	0	0.000000	0.000000	0.000000	-0.034000
1432	0	0.000000	0.466000	0.466000	-0.034000
1433	0	0.000000	0.000000	0.000000	-0.034000
1434	0	0.000000	0.000000	0.000000	-0.034000
1435	0	0.000000	0.000000	0.000000	-0.034000
1436	0	0.000000	0.000000	0.000000	-0.034000
1437	0	0.000000	0.000000	0.000000	-0.034000
1438	0	0.000000	0.000000	0.000000	-0.034000
1439	0	0.000000	0.000000	0.000000	-0.034000
1440	1	0.000000	0.000000	0.000000	-0.034000
1441	0	0.000000	0.000000	0.000000	-0.034000
1442	0	0.000000	0.000000	0.000000	-0.034000
1443	0	0.000000	0.000000	0.000000	-0.034000
1444	0	0.000000	0.000000	0.000000	-0.034000
1445	0	0.000000	0.000000	0.000000	-0.034000
1446	0	0.000000	0.467000	0.467000	-0.034000
1447	0	0.000000	0.000000	0.000000	-0.034000
1448	0	0.000000	0.000000	0.000000	-0.034000
1449	0	0.000000	0.000000	0.000000	-0.034000
1450	0	0.000000	0.000000	0.000000	-0.034000
1451	0	0.000000	0.000000	0.000000	-0.034000
1452	1	0.000000	0.000000	0.000000	-0.034000
1453	0	0.000000	0.000000	0.000000	-0.034000
1454	0	0.000000	0.000000	0.000000	-0.034000
1455	0	0.000000	0.000000	0.000000	-0.034000
1456	0	0.000000	0.000000	0.000000	-0.034000
1457	1	0.000000	0.000000	0.000000	-0.034000
1458	0	0.000000	0.000000	0.000000	-0.034000
1459	1	0.000000	0.000000	0.000000	-0.034000
1460	0	0.000000	0.469000	0.000000	-0.034000
1461	0	0.000000	0.000000	0.000000	-0.034000
1462	0	0.000000	0.000000	0.000000	-0.034000
1463	0	0.000000	0.000000	0.000000	-0.034000
1464	0	0.000000	0.000000	0.000000	-0.034000
1465	0	0.000000	0.000000	0.000000	-0.034000
1466	0	0.000000	0.000000	0.000000	-0.034000
1467	0	0.000000	0.000000	0.000000	-0.034000
1468	0	0.000000	0.000000	0.000000	-0.034000
1469	0	0.000000	0.000000	0.000000	-0.034000
1470	0	0.000000	0.000000	0.000000	-0.034000
1471	0	0.000000	0.000000	0.000000	-0.034000
1472	1	0.000000	0.000000	0.000000	-0.034000
1473	1	0.000000	0.000000	0.000000	-0.034000
1474	0	0.000000	0.464000	0.000000	-0.034000
1475	0	0.000000	0.000000	0.000000	-0.034000
1476	0	0.000000	0.000000	0.000000	-0.034000
1477	0	0.000000	0.000000	0.000000	-0.034000
1478	0	0.000000	0.000000	0.000000	-0.034000
1479	0	0.000000	0.000000	0.000000	-0.034000
1480	0	0.000000	0.000000	0.000000	-0.034000
1481	0	0.000000	0.000000	0.000000	-0.034000
1482	0	0.000000	0.000000	0.000000	-0.034000
1483	0	0.000000	0.000000	0.000000	-0.034000
1484	0	0.000000	0.000000	0.000000	-0.034000
1485	0	0.000000	0.000000	0.000000	-0.034000
1486	1	0.000000	0.000000	0.000000	-0.034000
1487	0	0.000000	0.000000	0.000000	-0.034000
1488	0	0.000000	0.467000	0.467000	-0.034000
1489	0	0.000000	0.000000	0.000000	-0.034000
1490	0	0.000000	0.000000	0.000000	-0.034000
1491	0	0.000000	0.000000	0.000000	-0.034000
1492	0	0.000000	0.000000	0.000000	-0.034000
1493	0	0.000000	0.000000	0.000000	-0.034000
1494	0	0.000000	0.000000	0.000000	-0.034000
1495	0	0.000000	0.000000	0.000000	-0.034000
1496	1	0.000000	0.000000	0.000000	-0.034000
1497	1	0.000000	0.000000	0.000000	-0.034000
1498	0	0.000000	0.000000	0.000000	-0.034000
1499	1	0.000000	0.000000	0.000000	-0.034000
1500	1	0.000000	0.000000	0.000000	-0.034000
1501	0	0.000000	0.000000	0.000000	-0.034000
1502	0	0.000000	0.000000	0.000000	-0.034000
1503	0	0.000000	0.500000	0.500000	-0.034000
1504	0	0.000000	0.000000	0.000000	-0.034000
1505	1	0.000000	0.000000	0.000000	-0.034000
1506	1	0.000000	0.000000	0.000000	-0.034000
1507	0	0.000000	0.000000	0.000000	-0.034000
1508	0	0.000000	0.000000	0.000000	-0.034000
1509	0	0.000000	0.000000	0.000000	-0.034000
1510	0	0.000000	0.000000	0.000000	-0.034000
1511	1	0.000000	0.000000	0.000000	-0.034000
1512	0	0.000000	0.000000	0.000000	-0.034000
1513	1	0.000000	0.000000	0.000000	-0.034000
1514	1	0.000000	0.000000	0.000000	-0.034000
1515	0	0.000000	0.000000	0.000000	-0.034000
1516	0	0.000000	0.000000	0.000000	-0.034000
1517	0	0.000000	0.000000	0.000000	-0.034000
1518	0	0.000000	0.500000	0.500000	-0.034000
1519	0	0.000000	0.000000	0.000000	-0.034000
1520	0	0.000000	0.000000	0.000000	-0.034000
1521	0	0.000000	0.000000	0.000000	-0.034000
1522	0	0.000000	0.000000	0.000000	-0.034000
1523	0	0.000000	0.000000	0.000000	-0.034000
1524	0	0.000000	0.000000	0.000000	-0.034000
1525	0	0.000000	0.000000	0.000000	-0.034000
1526	0	0.000000	0.000000	0.000000	-0.034000
1527	0	0.000000	0.000000	0.000000	-0.034000
1528	0	0.000000	0.000000	0.000000	-0.034000
1529	0	0.000000	0.000000	0.000000	-0.034000
1530	0	0.000000	0.000000	0.000000	-0.034000
1531	0	0.000000	0.000000	0.000000	-0.034000
1532	0	0.000000	0.000000	0.000000	-0.034000
1533	0	0.000000	0.500000	0.500000	-0.034000
1534	0	0.000000	0.000000	0.000000	-0.034000
1535	0	0.000000	0.000000	0.000000	-0.034000
1536	0	0.000000	0.000000	0.000000	-0.034000
1537	0	0.000000	0.000000	0.000000	-0.034000
1538	0	0.000000	0.000000	0.000000	-0.034000
1539	0	0.000000	0.000000	0.000000	-0.034000
1540	1	0.000000	0.000000	0.000000	-0.034000
1541	0	0.000000	0.000000	0.000000	-0.034000
1542	0	0.000000	0.000000	0.000000	-0.034000
1543	0	0.000000	0.000000	0.000000	-0.034000
1544	0	0.000000	0.000000	0.000000	-0.034000
1545	1	0.000000	0.000000	0.000000	-0.034000
1546	0	0.000000	0.000000	0.000000	-0.034000
1547	0	0.000000	0.000000	0.000000	-0.034000
1548	0	0.000000	0.500000	0.500000	-0.034000
1549	0	0.000000	0.000000	0.000000	-0.034000
1550	0	0.000000	0.000000	0.000000	-0.034000
1551	0	0.000000	0.000000	0.000000	-0.034000
1552	0	0.000000	0.000000	0.000000	-0.034000
1553	0	0.000000	0.000000	0.000000	-0.034000
1554	1	0.000000	0.000000	0.000000	-0.034000
1555	0	0.000000	0.000000	0.000000	-0.034000
1556	0	0.000000	0.000000	0.000000	-0.034000
1557	0	0.000000	0.000000	0.000000	-0.034000
1558	1	0.000000	0.000000	0.000000	-0.034000
1559	0	0.000000	0.000000	0.000000	-0.034000
1560	0	0.000000	0.000000	0.000000	-0.034000
1561	0	0.000000	0.000000	0.000000	-0.034000
1562	0	0.000000	0.000000	0.000000	-0.034000
1563	0	0.000000	0.500000	0.500000	-0.034000
1564	0	0.000000	0.000000	0.000000	-0.034000
1565	0	0.000000	0.000000	0.000000	-0.034000
1566	0	0.000000	0.000000	0.000000	-0.034000
1567	0	0.000000	0.000000	0.000000	-0.034000
1568	0	0.000000	0.000000	0.000000	-0.034000
1569	0	0.000000	0.000000	0.000000	-0.034000
1570	0	0.000000	0.000000	0.000000	-0.034000
1571	0	0.000000	0.000000	0.000000	-0.034000
1572	0	0.000000	0.000000	0.000000	-0.034000
1573	0	0.000000	0.000000	0.000000	-0.034000
1574	0	0.000000	0.000000	0.000000	-0.034000
1575	1	0.000000	0.000000	0.000000	-0.034000
1576	0	0.000000	0.000000	0.000000	-0.034000
1577	0	0.000000	0.000000	0.000000	-0.034000
1578	0	0.000000	0.500000	0.500000	-0.034000
1579	0	0.000000	0.000000	0.000000	-0.034000
1580	0	0.000000	0.000000	0.000000	-0.034000
1581	0	0.000000	0.000000	0.000000	-0.034000
1582	0	0.000000	0.000000	0.000000	-0.034000
1583	0	0.000000	0.000000	0.000000	-0.034000
1584	0	0.000000	0.000000	0.000000	-0.034000
1585	0	0.000000	0.000000	0.000000	-0.034000
1586	0	0.000000	0.000000	0.000000	-0.034000
1587	0	0.000000	0.000000	0.000000	-0.034000
1588	0	0.000000	0.000000	0.000000	-0.034000
1589	0	0.000000	0.000000	0.000000	-0.034000
1590	0	0.000000	0.000000	0.000000	-0.034000
1591	0	0.000000	0.000000	0.000000	-0.034000
1592	0	0.000000	0.000000	0.000000	-0.034000
1593	0	0.000000	0.500000	0.500000	-0.034000
1594	0	0.000000	0.000000	0.000000	-0.034000
1595	1	0.000000	0.000000	0.000000	-0.034000
1596	0	0.000000	0.000000	0.000000	-0.034000
1597	0	0.000000	0.000000	0.000000	-0.034000
1598	0	0.000000	0.000000	0.000000	-0.034000
1599	0	0.000000	0.000000	0.000000	-0.034000
1600	0	0.000000	0.000000	0.000000	-0.034000
1601	0	0.000000	0.000000	0.000000	-0.034000
1602	0	0.000000	0.000000	0.000000	-0.034000
1603	1	0.000000	0.000000	0.000000	-0.034000
1604	0	0.000000	0.000000	0.000000	-0.034000
1605	0	0.000000	0.000000	0.000000	-0.034000
1606	0	0.000000	0.000000	0.000000	-0.034000
1607	0	0.000000	0.000000	0.000000	-0.034000
1608	0	0.000000	0.000000	0.000000	-0.034000
1609	0	0.000000	0.533000	0.533000	-0.034000
1610	0	0.000000	0.000000	0.000000	-0.034000
1611	0	0.000000	0.000000	0.000000	-0.034000
1612	0	0.000000	0.000000	0.000000	-0.034000
1613	0	0.000000	0.000000	0.000000	-0.034000
1614	0	0.000000	0.000000	0.000000	-0.034000
1615	1	0.000000	0.000000	0.000000	-0.034000
1616	0	0.000000	0.000000	0.000000	-0.034000
1617	0	0.000000	0.000000	0.000000	-0.034000
1618	0	0.000000	0.000000	0.000000	-0.034000
1619	0	0.000000	0.000000	0.000000	-0.034000
1620	0	0.000000	0.000000	0.000000	-0.034000
1621	0	0.000000	0.000000	0.000000	-0.034000
1622	0	0.000000	0.000000	0.000000	-0.034000
1623	0	0.000000	0.000000	0.000000	-0.034000
1624	0	0.000000	0.000000	0.000000	-0.034000
1625	0	0.000000	0.533000	0.533000	-0.034000
1626	0	0.000000	0.000000	0.000000	-0.034000
1627	0	0.000000	0.000000	0.000000	-0.034000
1628	0	0.000000	0.001000	0.001000	-0.034000
1629	0	0.000000	0.000000	0.000000	-0.034000
1630	0	0.000000	0.000000	0.000000	-0.034000
1631	0	0.000000	0.000000	0.000000	-0.034000
1632	0	0.000000	0.000000	0.000000	-0.034000
1633	0	0.000000	0.000000	0.000000	-0.034000
1634	0	0.000000	0.000000	0.000000	-0.034000
1635	0	0.000000	0.000000	0.000000	-0.034000
1636	0	0.000000	0.000000	0.000000	-0.034000
1637	0	0.000000	0.000000	0.000000	-0.034000
1638	0	0.000000	0.000000	0.000000	-0.034000
1639	0	0.000000	0.000000	0.000000	-0.034000
1640	0	0.000000	0.000000	0.000000	-0.034000
1641	0	0.000000	0.533000	0.533000	-0.034000
1642	0	0.000000	0.000000	0.000000	-0.034000
1643	1	0.000000	0.000000	0.000000	-0.034000
1644	0	0.000000	0.000000	0.000000	-0.034000
1645	0	0.000000	0.000000	0.000000	-0.034000
1646	0	0.000000	0.000000	0.000000	-0.034000
1647	0	0.000000	0.000000	0.000000	-0.034000
1648	0	0.000000	0.000000	0.000000	-0.034000
1649	0	0.000000	0.000000	0.000000	-0.034000
1650	1	0.000000	0.000000	0.000000	-0.034000
1651	0	0.000000	0.000000	0.000000	-0.034000
1652	0	0.000000	0.000000	0.000000	-0.034000
1653	1	0.000000	0.000000	0.000000	-0.034000
1654	0	0.000000	0.000000	0.000000	-0.034000
1655	0	0.000000	0.000000	0.000000	-0.034000
1656	0	0.000000	0.000000	0.000000	-0.034000
1657	0	0.000000	0.533000	0.533000	-0.034000
1658	0	0.000000	0.000000	0.000000	-0.034000
1659	0	0.000000	0.000000	0.000000	-0.034000
1660	0	0.000000	0.000000	0.000000	-0.034000
1661	0	0.000000	0.000000	0.000000	-0.034000
1662	0	0.000000	0.000000	0.000000	-0.034000
1663	0	0.000000	0.000000	0.000000	-0.034000
1664	0	0.000000	0.000000	0.000000	-0.034000
1665	0	0.000000	0.000000	0.000000	-0.034000
1666	0	0.000000	0.000000	0.000000	-0.034000
1667	0	0.000000	0.000000	0.000000	-0.034000
1668	0	0.000000	0.000000	0.000000	-0.034000
1669	0	0.000000	0.000000	0.000000	-0.034000
1670	0	0.000000	0.000000	0.000000	-0.034000
1671	0	0.000000	0.000000	0.000000	-0.034000
1672	0	0.000000	0.000000	0.000000	-0.034000
1673	0	0.000000	0.533000	0.533000	-0.034000
1674	0	0.000000	0.000000	0.000000	-0.034000
1675	0	0.000000	0.000000	0.000000	-0.034000
1676	0	0.000000	0.000000	0.000000	-0.034000
1677	0	0.000000	0.000000	0.000000	-0.034000
1678	0	0.000000	0.000000	0.000000	-0.034000
1679	0	0.000000	0.000000	0.000000	-0.034000
1680	1	0.000000	0.001000	0.000000	-0.035000
1681	0	0.000000	0.000000	0.000000	-0.034000
1682	0	0.000000	0.000000	0.000000	-0.034000
1683	1	0.000000	0.000000	0.000000	-0.034000
1684	0	0.000000	0.000000	0.000000	-0.034000
1685	0	0.000000	0.000000	0.000000	-0.034000
1686	0	0.000000	0.000000	0.000000	-0.034000
1687	0	0.000000	0.000000	0.000000	-0.034000
1688	0	0.000000	0.000000	0.000000	-0.034000
1689	0	0.000000	0.533000	0.533000	-0.034000
1690	0	0.000000	0.000000	0.000000	-0.034000
1691	0	0.000000	0.000000	0.000000	-0.034000
1692	0	0.000000	0.000000	0.000000	-0.034000
1693	1	0.000000	0.000000	0.000000	-0.034000
1694	0	0.000000	0.000000	0.000000	-0.034000
1695	0	0.000000	0.000000	0.000000	-0.034000
1696	0	0.000000	0.000000	0.000000	-0.034000
1697	0	0.000000	0.000000	0.000000	-0.034000
1698	0	0.000000	0.000000	0.000000	-0.034000
1699	1	0.000000	0.000000	0.000000	-0.034000
1700	0	0.000000	0.000000	0.000000	-0.034000
1701	0	0.000000	0.000000	0.000000	-0.034000
1702	0	0.000000	0.000000	0.000000	-0.034000
1703	0	0.000000	0.000000	0.000000	-0.034000
1704	0	0.000000	0.000000	0.000000	-0.034000
1705	0	0.000000	0.000000	0.000000	-0.034000
1706	0	0.000000	0.566000	0.566000	-0.034000
1707	0	0.000000	0.000000	0.000000	-0.034000
1708	0	0.000000	0.000000	0.000000	-0.034000
1709	0	0.000000	0.000000	0.000000	-0.034000
1710	0	0.000000	0.000000	0.000000	-0.034000
1711	0	0.000000	0.001000	0.001000	-0.034000
1712	0	0.000000	0.000000	0.000000	-0.034000
1713	0	0.000000	0.000000	0.000000	-0.034000
1714	1	0.000000	0.000000	0.000000	-0.034000
1715	0	0.000000	0.000000	0.000000	-0.034000
1716	0	0.000000	0.000000	0.000000	-0.034000
1717	0	0.000000	0.000000	0.000000	-0.034000
1718	0	0.000000	0.000000	0.000000	-0.034000
1719	0	0.000000	0.000000	0.000000	-0.034000
1720	1	0.000000	0.000000	0.000000	-0.034000
1721	0	0.000000	0.000000	0.000000	-0.034000
1722	0	0.000000	0.000000	0.000000	-0.034000
1723	0	0.000000	0.566000	0.566000	-0.034000
1724	0	0.000000	0.000000	0.000000	-0.034000
1725	0	0.000000	0.000000	0.000000	-0.034000
1726	0	0.000000	0.000000	0.000000	-0.034000
1727	0	0.000000	0.000000	0.000000	-0.034000
1728	0	0.000000	0.000000	0.000000	-0.034000
1729	0	0.000000	0.000000	0.000000	-0.034000
1730	0	0.000000	0.000000	0.000000	-0.034000
1731	0	0.000000	0.000000	0.000000	-0.034000
1732	0	0.000000	0.000000	0.000000	-0.034000
1733	0	0.000000	0.000000	0.000000	-0.034000
1734	0	0.000000	0.000000	0.000000	-0.034000
1735	0	0.000000	0.000000	0.000000	-0.034000
1736	0	0.000000	0.000000	0.000000	-0.034000
1737	0	0.000000	0.000000	0.000000	-0.034000
1738	0	0.000000	0.000000	0.000000	-0.034000
1739	0	0.000000	0.000000	0.000000	-0.034000
1740	0	0.000000	0.567000	0.567000	-0.034000
1741	0	0.000000	0.000000	0.000000	-0.034000
1742	1	0.000000	0.000000	0.000000	-0.034000
1743	0	0.000000	0.000000	0.000000	-0.034000
1744	0	0.000000	0.000000	0.000000	-0.034000
1745	0	0.000000	0.000000	0.000000	-0.034000
1746	0	0.000000	0.000000	0.000000	-0.034000
1747	0	0.000000	0.000000	0.000000	-0.034000
1748	0	0.000000	0.000000	0.000000	-0.034000
1749	0	0.000000	0.000000	0.000000	-0.034000
1750	0	0.000000	0.000000	0.000000	-0.034000
1751	0	0.000000	0.000000	0.000000	-0.034000
1752	0	0.000000	0.000000	0.000000	-0.034000
1753	0	0.000000	0.000000	0.000000	-0.034000
1754	0	0.000000	0.000000	0.000000	-0.034000
1755	0	0.000000	0.000000	0.000000	-0.034000
1756	0	0.000000	0.000000	0.000000	-0.034000
1757	0	0.000000	0.566000	0.566000	-0.034000
1758	0	0.000000	0.000000	0.000000	-0.034000
1759	0	0.000000	0.000000	0.000000	-0.034000
1760	0	0.000000	0.000000	0.000000	-0.034000
1761	0	0.000000	0.000000	0.000000	-0.034000
1762	0	0.000000	0.000000	0.000000	-0.034000
1763	0	0.000000	0.000000	0.000000	-0.034000
1764	0	0.000000	0.001000	0.001000	-0.034000
1765	0	0.000000	0.000000	0.000000	-0.034000
1766	0	0.000000	0.000000	0.000000	-0.034000
1767	0	0.000000	0.000000	0.000000	-0.034000
1768	0	0.000000	0.000000	0.000000	-0.034000
1769	0	0.000000	0.000000	0.000000	-0.034000
1770	0	0.000000	0.000000	0.000000	-0.034000
1771	0	0.000000	0.000000	0.000000	-0.034000
1772	0	0.000000	0.000000	0.000000	-0.034000
1773	0	0.000000	0.000000	0.000000	-0.034000
1774	0	0.000000	0.566000	0.566000	-0.034000
1775	0	0.000000	0.000000	0.000000	-0.034000
1776	1	0.000000	0.000000	0.000000	-0.034000
1777	0	0.000000	0.000000	0.000000	-0.034000
1778	0	0.000000	0.000000	0.000000	-0.034000
1779	0	0.000000	0.000000	0.000000	-0.034000
1780	0	0.000000	0.000000	0.000000	-0.034000
1781	0	0.000000	0.000000	0.000000	-0.034000
1782	0	0.000000	0.000000	0.000000	-0.034000
1783	0	0.000000	0.000000	0.000000	-0.034000
1784	0	0.000000	0.000000	0.000000	-0.034000
1785	0	0.000000	0.000000	0.000000	-0.034000
1786	0	0.000000	0.000000	0.000000	-0.034000
1787	0	0.000000	0.000000	0.000000	-0.034000
1788	1	0.000000	0.000000	0.000000	-0.034000
1789	0	0.000000	0.000000	0.000000	-0.034000
1790	0	0.000000	0.000000	0.000000	-0.034000
1791	0	0.000000	0.567000	0.567000	-0.034000
1792	0	0.000000	0.000000	0.000000	-0.034000
1793	0	0.000000	0.000000	0.000000	-0.034000
1794	0	0.000000	0.000000	0.000000	-0.034000
1795	0	0.000000	0.000000	0.000000	-0.034000
1796	0	0.000000	0.000000	0.000000	-0.034000
1797	1	0.000000	0.000000	0.000000	-0.034000
1798	1	0.000000	0.000000	0.000000	-0.034000
1799	0	0.000000	0.000000	0.000000	-0.034000
1800	0	0.000000	0.000000	0.000000	-0.034000
1801	0	0.000000	0.000000	0.000000	-0.034000
1802	0	0.000000	0.000000	0.000000	-0.034000
1803	0	0.000000	0.000000	0.000000	-0.034000
1804	0	0.000000	0.000000	0.000000	-0.034000
1805	0	0.000000	0.000000	0.000000	-0.034000
1806	0	0.000000	0.000000	0.000000	-0.034000
1807	0	0.000000	0.000000	0.000000	-0.034000
1808	0	0.000000	0.000000	0.000000	-0.034000
1809	0	0.000000	0.600000	0.600000	-0.034000
1810	0	0.000000	0.000000	0.000000	-0.034000
1811	0	0.000000	0.000000	0.000000	-0.034000
1812	0	0.000000	0.000000	0.000000	-0.034000
1813	0	0.000000	0.000000	0.000000	-0.034000
1814	0	0.000000	0.000000	0.000000	-0.034000
1815	0	0.000000	0.000000	0.000000	-0.034000
1816	0	0.000000	0.000000	0.000000	-0.034000
1817	0	0.000000	0.000000	0.000000	-0.034000
1818	0	0.000000	0.000000	0.000000	-0.034000
1819	0	0.000000	0.000000	0.000000	-0.034000
1820	1	0.000000	0.000000	0.000000	-0.034000
1821	0	0.000000	0.000000	0.000000	-0.034000
1822	0	0.000000	0.000000	0.000000	-0.034000
1823	0	0.000000	0.000000	0.000000	-0.034000
1824	0	0.000000	0.000000	0.000000	-0.034000
1825	0	0.000000	0.000000	0.000000	-0.034000
1826	0	0.000000	0.000000	0.000000	-0.034000
1827	0	0.000000	0.600000	0.600000	-0.034000
1828	0	0.000000	0.000000	0.000000	-0.034000
1829	0	0.000000	0.000000	0.000000	-0.034000
1830	1	0.000000	0.000000	0.000000	-0.034000
1831	0	0.000000	0.000000	0.000000	-0.034000
1832	0	0.000000	0.000000	0.000000	-0.034000
1833	0	0.000000	0.000000	0.000000	-0.034000
1834	0	0.000000	0.000000	0.000000	-0.034000
1835	0	0.000000	0.000000	0.000000	-0.034000
1836	0	0.000000	0.000000	0.000000	-0.034000
1837	0	0.000000	0.000000	0.000000	-0.034000
1838	1	0.000000	0.000000	0.000000	-0.034000
1839	0	0.000000	0.000000	0.000000	-0.034000
1840	0	0.000000	0.000000	0.000000	-0.034000
1841	0	0.000000	0.000000	0.000000	-0.034000
1842	0	0.000000	0.000000	0.000000	-0.034000
1843	0	0.000000	0.000000	0.000000	-0.034000
1844	0	0.000000	0.000000	0.000000	-0.034000
1845	0	0.000000	0.600000	0.600000	-0.034000
1846	0	0.000000	0.000000	0.000000	-0.034000
1847	0	0.000000	0.000000	0.000000	-0.034000
1848	0	0.000000	0.000000	0.000000	-0.034000
1849	0	0.000000	0.000000	0.000000	-0.034000
1850	0	0.000000	0.000000	0.000000	-0.034000
1851	0	0.000000	0.000000	0.000000	-0.034000
1852	0	0.000000	0.000000	0.000000	-0.034000
1853	1	0.000000	0.000000	0.000000	-0.034000
1854	0	0.000000	0.000000	0.000000	-0.034000
1855	0	0.000000	0.000000	0.000000	-0.034000
1856	1	0.000000	0.000000	0.000000	-0.034000
1857	0	0.000000	0.000000	0.000000	-0.034000
1858	0	0.000000	0.000000	0.000000	-0.034000
1859	0	0.000000	0.000000	0.000000	-0.034000
1860	0	0.000000	0.000000	0.000000	-0.034000
1861	0	0.000000	0.000000	0.000000	-0.034000
1862	0	0.000000	0.000000	0.000000	-0.034000
1863	0	0.000000	0.600000	0.600000	-0.034000
1864	1	0.000000	0.000000	0.000000	-0.034000
1865	0	0.000000	0.000000	0.000000	-0.034000
1866	0	0.000000	0.000000	0.000000	-0.034000
1867	0	0.000000	0.000000	0.000000	-0.034000
1868	0	0.000000	0.000000	0.000000	-0.034000
1869	0	0.000000	0.000000	0.000000	-0.034000
1870	0	0.000000	0.000000	0.000000	-0.034000
1871	0	0.000000	0.000000	0.000000	-0.034000
1872	1	0.000000	0.000000	0.000000	-0.034000
1873	0	0.000000	0.000000	0.000000	-0.034000
1874	0	0.000000	0.000000	0.000000	-0.034000
1875	0	0.000000	0.000000	0.000000	-0.034000
1876	1	0.000000	0.000000	0.000000	-0.034000
1877	0	0.000000	0.000000	0.000000	-0.034000
1878	0	0.000000	0.000000	0.000000	-0.034000
1879	0	0.000000	0.000000	0.000000	-0.034000
1880	0	0.000000	0.000000	0.000000	-0.034000
1881	0	0.000000	0.600000	0.600000	-0.034000
1882	0	0.000000	0.000000	0.000000	-0.034000
1883	0	0.000000	0.000000	0.000000	-0.034000
1884	1	0.000000	0.000000	0.000000	-0.034000
1885	0	0.000000	0.000000	0.000000	-0.034000
1886	0	0.000000	0.000000	0.000000	-0.034000
1887	0	0.000000	0.000000	0.000000	-0.034000
1888	0	0.000000	0.000000	0.000000	-0.034000
1889	0	0.000000	0.000000	0.000000	-0.034000
1890	0	0.000000	0.000000	0.000000	-0.034000
1891	0	0.000000	0.000000	0.000000	-0.034000
1892	0	0.000000	0.000000	0.000000	-0.034000
1893	0	0.000000	0.000000	0.000000	-0.034000
1894	0	0.000000	0.000000	0.000000	-0.034000
1895	0	0.000000	0.000000	0.000000	-0.034000
1896	0	0.000000	0.000000	0.000000	-0.034000
1897	0	0.000000	0.000000	0.000000	-0.034000
1898	0	0.000000	0.000000	0.000000	-0.034000
1899	0	0.000000	0.600000	0.600000	-0.034000
1900	0	0.000000	0.000000	0.000000	-0.034000
1901	1	0.000000	0.000000	0.000000	-0.034000
1902	0	0.000000	0.000000	0.000000	-0.034000
1903	1	0.000000	0.000000	0.000000	-0.034000
1904	0	0.000000	0.000000	0.000000	-0.034000
1905	0	0.000000	0.000000	0.000000	-0.034000
1906	0	0.000000	0.000000	0.000000	-0.034000
1907	0	0.000000	0.000000	0.000000	-0.034000
1908	0	0.000000	0.000000	0.000000	-0.034000
1909	0	0.000000	0.000000	0.000000	-0.034000
1910	0	0.000000	0.000000	0.000000	-0.034000
1911	0	0.000000	0.000000	0.000000	-0.034000
1912	0	0.000000	0.000000	0.000000	-0.034000
1913	0	0.000000	0.000000	0.000000	-0.034000
1914	0	0.000000	0.000000	0.000000	-0.034000
1915	0	0.000000	0.000000	0.000000	-0.034000
1916	0	0.000000	0.000000	0.000000	-0.034000
1917	0	0.000000	0.000000	0.000000	-0.034000
1918	0	0.000000	0.633000	0.633000	-0.034000
1919	0	0.000000	0.000000	0.000000	-0.034000
1920	1	0.000000	0.000000	0.000000	-0.034000
1921	0	0.000000	0.000000	0.000000	-0.034000
1922	1	0.000000	0.000000	0.000000	-0.034000
1923	1	0.000000	0.000000	0.000000	-0.034000
1924	1	0.000000	0.000000	0.000000	-0.034000
1925	0	0.000000	0.000000	0.000000	-0.034000
1926	0	0.000000	0.000000	0.000000	-0.034000
1927	1	0.000000	0.000000	0.000000	-0.034000
1928	0	0.000000	0.000000	0.000000	-0.034000
1929	0	0.000000	0.000000	0.000000	-0.034000
1930	0	0.000000	0.000000	0.000000	-0.034000
1931	0	0.000000	0.000000	0.000000	-0.034000
1932	0	0.000000	0.000000	0.000000	-0.034000
1933	0	0.000000	0.000000	0.000000	-0.034000
1934	0	0.000000	0.000000	0.000000	-0.034000
1935	0	0.000000	0.000000	0.000000	-0.034000
1936	0	0.000000	0.000000	0.000000	-0.034000
1937	0	0.000000	0.633000	0.633000	-0.034000
1938	1	0.000000	0.000000	0.000000	-0.034000
1939	0	0.000000	0.000000	0.000000	-0.034000
1940	0	0.000000	0.000000	0.000000	-0.034000
1941	0	0.000000	0.001000	0.001000	-0.034000
1942	0	0.000000	0.000000	0.000000	-0.034000
1943	0	0.000000	0.000000	0.000000	-0.034000
1944	0	0.000000	0.000000	0.000000	-0.034000
1945	0	0.000000	0.000000	0.000000	-0.034000
1946	0	0.000000	0.000000	0.000000	-0.034000
1947	0	0.000000	0.000000	0.000000	-0.034000
1948	0	0.000000	0.000000	0.000000	-0.034000
1949	0	0.000000	0.000000	0.000000	-0.034000
1950	0	0.000000	0.000000	0.000000	-0.034000
1951	0	0.000000	0.000000	0.000000	-0.034000
1952	0	0.000000	0.000000	0.000000	-0.034000
1953	0	0.000000	0.000000	0.000000	-0.034000
1954	0	0.000000	0.000000	0.000000	-0.034000
1955	0	0.000000	0.000000	0.000000	-0.034000
1956	0	0.000000	0.633000	0.633000	-0.034000
1957	0	0.000000	0.000000	0.000000	-0.034000
1958	1	0.000000	0.000000	0.000000	-0.034000
1959	0	0.000000	0.000000	0.000000	-0.034000
1960	0	0.000000	0.000000	0.000000	-0.034000
1961	0	0.000000	0.000000	0.000000	-0.034000
1962	0	0.000000	0.000000	0.000000	-0.034000
1963	0	0.000000	0.000000	0.000000	-0.034000
1964	0	0.000000	0.000000	0.000000	-0.034000
1965	1	0.000000	0.000000	0.000000	-0.034000
1966	0	0.000000	0.000000	0.000000	-0.034000
1967	0	0.000000	0.000000	0.000000	-0.034000
1968	0	0.000000	0.000000	0.000000	-0.034000
1969	0	0.000000	0.000000	0.000000	-0.034000
1970	0	0.000000	0.000000	0.000000	-0.034000
1971	1	0.000000	0.000000	0.000000	-0.034000
1972	0	0.000000	0.000000	0.000000	-0.034000
1973	0	0.000000	0.000000	0.000000	-0.034000
1974	0	0.000000	0.000000	0.000000	-0.034000
1975	0	0.000000	0.633000	0.633000	-0.034000
1976	0	0.000000	0.000000	0.000000	-0.034000
1977	1	0.000000	0.000000	0.000000	-0.034000
1978	0	0.000000	0.000000	0.000000	-0.034000
1979	0	0.000000	0.000000	0.000000	-0.034000
1980	0	0.000000	0.000000	0.000000	-0.034000
1981	0	0.000000	0.000000	0.000000	-0.034000
1982	0	0.000000	0.000000	0.000000	-0.034000
1983	0	0.000000	0.000000	0.000000	-0.034000
1984	0	0.000000	0.000000	0.000000	-0.034000
1985	0	0.000000	0.000000	0.000000	-0.034000
1986	0	0.000000	0.000000	0.000000	-0.034000
1987	0	0.000000	0.000000	0.000000	-0.034000
1988	0	0.000000	0.000000	0.000000	-0.034000
1989	0	0.000000	0.000000	0.000000	-0.034000
1990	0	0.000000	0.000000	0.000000	-0.034000
1991	0	0.000000	0.000000	0.000000	-0.034000
1992	0	0.000000	0.000000	0.000000	-0.034000
1993	0	0.000000	0.000000	0.000000	-0.034000
1994	0	0.000000	0.633000	0.633000	-0.034000
1995	0	0.000000	0.000000	0.000000	-0.034000
1996	0	0.000000	0.000000	0.000000	-0.034000
1997	0	0.000000	0.000000	0.000000	-0.034000
1998	1	0.000000	0.000000	0.000000	-0.034000
1999	0	0.000000	0.000000	0.000000	-0.034000
