0	1	0.000000	0.000000	0.000000	0.000000
1	0	0.000000	0.034000	0.000000	-0.034000
2	1	0.000000	0.033000	0.000000	-0.067000
3	0	0.000000	0.032000	0.000000	-0.034000
4	0	0.000000	0.033000	0.033000	-0.034000
5	1	0.000000	0.034000	0.000000	-0.068000
6	1	0.000000	0.033000	0.000000	-0.101000
7	0	0.000000	0.033000	0.000000	-0.034000
8	1	0.000000	0.032000	0.000000	-0.066000
9	1	0.000000	0.034000	0.000000	-0.100000
10	0	0.000000	0.033000	0.000000	-0.034000
11	1	0.000000	0.032000	0.000000	-0.066000
12	1	0.000000	0.034000	0.000000	-0.100000
13	1	0.000000	0.033000	0.000000	-0.133000
14	0	0.000000	0.032000	0.000000	-0.034000
15	0	0.000000	0.033000	0.033000	-0.034000
16	0	0.000000	0.034000	0.034000	-0.034000
17	1	0.000000	0.032000	0.000000	-0.066000
18	0	0.000000	0.033000	0.000000	-0.034000
19	0	0.000000	0.033000	0.033000	-0.034000
20	1	0.000000	0.034000	0.000000	-0.068000
21	1	0.000000	0.033000	0.000000	-0.101000
22	0	0.000000	0.033000	0.000000	-0.034000
23	0	0.000000	0.032000	0.032000	-0.034000
24	0	0.000000	0.034000	0.034000	-0.034000
25	0	0.000000	0.032000	0.032000	-0.034000
26	0	0.000000	0.033000	0.033000	-0.034000
27	0	0.000000	0.034000	0.034000	-0.034000
28	0	0.000000	0.033000	0.033000	-0.034000
29	1	0.000000	0.032000	0.000000	-0.066000
30	1	0.000000	0.034000	0.000000	-0.100000
31	1	0.000000	0.033000	0.000000	-0.133000
32	1	0.000000	0.032000	0.000000	-0.165000
33	1	0.000000	0.033000	0.000000	-0.198000
34	1	0.000000	0.034000	0.000000	-0.232000
35	1	0.000000	0.032000	0.000000	-0.264000
36	1	0.000000	0.033000	0.000000	-0.297000
37	0	0.000000	0.034000	0.000000	-0.034000
38	1	0.000000	0.033000	0.000000	-0.067000
39	0	0.000000	0.032000	0.000000	-0.034000
40	0	0.000000	0.033000	0.033000	-0.034000
41	0	0.000000	0.034000	0.034000	-0.034000
42	0	0.000000	0.033000	0.033000	-0.034000
43	1	0.000000	0.033000	0.000000	-0.067000
44	1	0.000000	0.032000	0.000000	-0.099000
45	0	0.000000	0.033000	0.000000	-0.034000
46	1	0.000000	0.034000	0.000000	-0.068000
47	0	0.000000	0.033000	0.000000	-0.034000
48	0	0.000000	0.032000	0.032000	-0.034000
49	0	0.000000	0.033000	0.033000	-0.034000
50	1	0.000000	0.034000	0.000000	-0.068000
51	1	0.000000	0.033000	0.000000	-0.101000
52	0	0.000000	0.032000	0.000000	-0.034000
53	0	0.000000	0.033000	0.033000	-0.034000
54	0	0.000000	0.034000	0.034000	-0.034000
55	1	0.000000	0.032000	0.000000	-0.066000
56	1	0.000000	0.034000	0.000000	-0.100000
57	1	0.000000	0.032000	0.000000	-0.132000
58	0	0.000000	0.034000	0.000000	-0.034000
59	0	0.000000	0.032000	0.032000	-0.034000
60	1	0.000000	0.033000	0.000000	-0.067000
61	0	0.000000	0.033000	0.000000	-0.034000
62	1	0.000000	0.033000	0.000000	-0.067000
63	0	0.000000	0.034000	0.000000	-0.034000
64	0	0.000000	0.033000	0.033000	-0.034000
65	1	0.000000	0.033000	0.000000	-0.067000
66	0	0.000000	0.032000	0.000000	-0.034000
67	1	0.000000	0.033000	0.000000	-0.067000
68	0	0.000000	0.034000	0.000000	-0.034000
69	0	0.000000	0.032000	0.032000	-0.034000
70	1	0.000000	0.033000	0.000000	-0.067000
71	0	0.000000	0.033000	0.000000	-0.034000
72	0	0.000000	0.034000	0.034000	-0.034000
73	1	0.000000	0.033000	0.000000	-0.067000
74	1	0.000000	0.032000	0.000000	-0.099000
75	0	0.000000	0.033000	0.000000	-0.034000
76	0	0.000000	0.034000	0.034000	-0.034000
77	1	0.000000	0.033000	0.000000	-0.067000
78	1	0.000000	0.032000	0.000000	-0.099000
79	0	0.000000	0.034000	0.000000	-0.034000
80	1	0.000000	0.033000	0.000000	-0.067000
81	1	0.000000	0.033000	0.000000	-0.100000
82	0	0.000000	0.033000	0.000000	-0.034000
83	1	0.000000	0.033000	0.000000	-0.067000
84	0	0.000000	0.033000	0.000000	-0.034000
85	1	0.000000	0.033000	0.000000	-0.067000
86	1	0.000000	0.033000	0.000000	-0.100000
87	0	0.000000	0.033000	0.000000	-0.034000
88	1	0.000000	0.033000	0.000000	-0.067000
89	0	0.000000	0.033000	0.000000	-0.034000
90	1	0.000000	0.033000	0.000000	-0.067000
91	0	0.000000	0.032000	0.000000	-0.034000
92	0	0.000000	0.033000	0.033000	-0.034000
93	1	0.000000	0.034000	0.000000	-0.068000
94	1	0.000000	0.033000	0.000000	-0.101000
95	1	0.000000	0.033000	0.000000	-0.134000
96	0	0.000000	0.032000	0.000000	-0.034000
97	1	0.000000	0.033000	0.000000	-0.067000
98	1	0.000000	0.034000	0.000000	-0.101000
99	0	0.000000	0.032000	0.000000	-0.034000
100	1	0.000000	0.033000	0.000000	-0.067000
101	0	0.000000	0.034000	0.000000	-0.034000
102	1	0.000000	0.033000	0.000000	-0.067000
103	1	0.000000	0.033000	0.000000	-0.100000
104	1	0.000000	0.033000	0.000000	-0.133000
105	1	0.000000	0.034000	0.000000	-0.167000
106	1	0.000000	0.033000	0.000000	-0.200000
107	1	0.000000	0.033000	0.000000	-0.233000
108	0	0.000000	0.034000	0.000000	-0.034000
109	1	0.000000	0.033000	0.000000	-0.067000
110	1	0.000000	0.033000	0.000000	-0.100000
111	1	0.000000	0.034000	0.000000	-0.134000
112	0	0.000000	0.033000	0.000000	-0.034000
113	1	0.000000	0.033000	0.000000	-0.067000
114	1	0.000000	0.034000	0.000000	-0.101000
115	1	0.000000	0.033000	0.000000	-0.134000
116	0	0.000000	0.033000	0.000000	-0.034000
117	0	0.000000	0.034000	0.034000	-0.034000
118	0	0.000000	0.033000	0.033000	-0.034000
119	0	0.000000	0.033000	0.033000	-0.034000
120	1	0.000000	0.034000	0.000000	-0.068000
121	0	0.000000	0.033000	0.000000	-0.034000
122	0	0.000000	0.033000	0.033000	-0.034000
123	1	0.000000	0.034000	0.000000	-0.068000
124	1	0.000000	0.033000	0.000000	-0.101000
125	0	0.000000	0.033000	0.000000	-0.034000
126	1	0.000000	0.034000	0.000000	-0.068000
127	0	0.000000	0.033000	0.000000	-0.034000
128	1	0.000000	0.033000	0.000000	-0.067000
129	0	0.000000	0.034000	0.000000	-0.034000
130	1	0.000000	0.033000	0.000000	-0.067000
131	0	0.000000	0.033000	0.000000	-0.034000
132	1	0.000000	0.034000	0.000000	-0.068000
133	0	0.000000	0.033000	0.000000	-0.034000
134	1	0.000000	0.033000	0.000000	-0.067000
135	1	0.000000	0.034000	0.000000	-0.101000
136	1	0.000000	0.033000	0.000000	-0.134000
137	0	0.000000	0.033000	0.000000	-0.034000
138	1	0.000000	0.034000	0.000000	-0.068000
139	1	0.000000	0.033000	0.000000	-0.101000
140	1	0.000000	0.033000	0.000000	-0.134000
141	1	0.000000	0.034000	0.000000	-0.168000
142	0	0.000000	0.033000	0.000000	-0.034000
143	1	0.000000	0.033000	0.000000	-0.067000
144	0	0.000000	0.034000	0.000000	-0.034000
145	0	0.000000	0.033000	0.033000	-0.034000
146	1	0.000000	0.033000	0.000000	-0.067000
147	0	0.000000	0.034000	0.000000	-0.034000
148	1	0.000000	0.033000	0.000000	-0.067000
149	1	0.000000	0.033000	0.000000	-0.100000
150	1	0.000000	0.034000	0.000000	-0.134000
151	1	0.000000	0.033000	0.000000	-0.167000
152	1	0.000000	0.033000	0.000000	-0.200000
153	0	0.000000	0.034000	0.000000	-0.034000
154	1	0.000000	0.033000	0.000000	-0.067000
155	0	0.000000	0.033000	0.000000	-0.034000
156	0	0.000000	0.034000	0.034000	-0.034000
157	0	0.000000	0.033000	0.033000	-0.034000
158	1	0.000000	0.033000	0.000000	-0.067000
159	0	0.000000	0.034000	0.000000	-0.034000
160	0	0.000000	0.033000	0.033000	-0.034000
161	1	0.000000	0.033000	0.000000	-0.067000
162	1	0.000000	0.034000	0.000000	-0.101000
163	1	0.000000	0.033000	0.000000	-0.134000
164	0	0.000000	0.033000	0.000000	-0.034000
165	0	0.000000	0.034000	0.034000	-0.034000
166	0	0.000000	0.033000	0.033000	-0.034000
167	0	0.000000	0.033000	0.033000	-0.034000
168	0	0.000000	0.034000	0.034000	-0.034000
169	0	0.000000	0.033000	0.033000	-0.034000
170	0	0.000000	0.033000	0.033000	-0.034000
171	0	0.000000	0.034000	0.034000	-0.034000
172	0	0.000000	0.033000	0.033000	-0.034000
173	0	0.000000	0.033000	0.033000	-0.034000
174	1	0.000000	0.034000	0.000000	-0.068000
175	1	0.000000	0.033000	0.000000	-0.101000
176	0	0.000000	0.033000	0.000000	-0.034000
177	1	0.000000	0.034000	0.000000	-0.068000
178	0	0.000000	0.033000	0.000000	-0.034000
179	0	0.000000	0.033000	0.033000	-0.034000
180	0	0.000000	0.034000	0.034000	-0.034000
181	0	0.000000	0.033000	0.033000	-0.034000
182	0	0.000000	0.033000	0.033000	-0.034000
183	0	0.000000	0.034000	0.034000	-0.034000
184	0	0.000000	0.033000	0.033000	-0.034000
185	1	0.000000	0.033000	0.000000	-0.067000
186	1	0.000000	0.034000	0.000000	-0.101000
187	1	0.000000	0.033000	0.000000	-0.134000
188	0	0.000000	0.033000	0.000000	-0.034000
189	0	0.000000	0.034000	0.034000	-0.034000
190	0	0.000000	0.033000	0.033000	-0.034000
191	1	0.000000	0.033000	0.000000	-0.067000
192	1	0.000000	0.034000	0.000000	-0.101000
193	0	0.000000	0.033000	0.000000	-0.034000
194	0	0.000000	0.033000	0.033000	-0.034000
195	0	0.000000	0.034000	0.034000	-0.034000
196	0	0.000000	0.033000	0.033000	-0.034000
197	1	0.000000	0.033000	0.000000	-0.067000
198	1	0.000000	0.034000	0.000000	-0.101000
199	0	0.000000	0.033000	0.000000	-0.034000
200	0	0.000000	0.000000	0.000000	-0.034000
201	0	0.000000	0.067000	0.067000	-0.034000
202	1	0.000000	0.000000	0.000000	-0.034000
203	1	0.000000	0.066000	0.000000	-0.100000
204	0	0.000000	0.000000	0.000000	-0.034000
205	0	0.000000	0.067000	0.067000	-0.034000
206	1	0.000000	0.000000	0.000000	-0.034000
207	0	0.000000	0.067000	0.000000	-0.034000
208	1	0.000000	0.000000	0.000000	-0.034000
209	0	0.000000	0.066000	0.000000	-0.034000
210	0	0.000000	0.000000	0.000000	-0.034000
211	0	0.000000	0.067000	0.067000	-0.034000
212	1	0.000000	0.000000	0.000000	-0.034000
213	0	0.000000	0.067000	0.000000	-0.034000
214	1	0.000000	0.000000	0.000000	-0.034000
215	0	0.000000	0.066000	0.000000	-0.034000
216	0	0.000000	0.000000	0.000000	-0.034000
217	1	0.000000	0.067000	0.000000	-0.101000
218	1	0.000000	0.000000	0.000000	-0.101000
219	1	0.000000	0.067000	0.000000	-0.168000
220	1	0.000000	0.000000	0.000000	-0.168000
221	0	0.000000	0.066000	0.000000	-0.034000
222	0	0.000000	0.000000	0.000000	-0.034000
223	0	0.000000	0.067000	0.067000	-0.034000
224	1	0.000000	0.000000	0.000000	-0.034000
225	1	0.000000	0.067000	0.000000	-0.101000
226	1	0.000000	0.000000	0.000000	-0.101000
227	1	0.000000	0.066000	0.000000	-0.167000
228	0	0.000000	0.000000	0.000000	-0.034000
229	1	0.000000	0.067000	0.000000	-0.101000
230	1	0.000000	0.000000	0.000000	-0.101000
231	0	0.000000	0.067000	0.000000	-0.034000
232	1	0.000000	0.000000	0.000000	-0.034000
233	1	0.000000	0.066000	0.000000	-0.100000
234	1	0.000000	0.000000	0.000000	-0.100000
235	1	0.000000	0.067000	0.000000	-0.167000
236	0	0.000000	0.000000	0.000000	-0.034000
237	0	0.000000	0.067000	0.067000	-0.034000
238	1	0.000000	0.000000	0.000000	-0.034000
239	1	0.000000	0.066000	0.000000	-0.100000
240	1	0.000000	0.000000	0.000000	-0.100000
241	1	0.000000	0.067000	0.000000	-0.167000
242	0	0.000000	0.000000	0.000000	-0.034000
243	1	0.000000	0.067000	0.000000	-0.101000
244	0	0.000000	0.000000	0.000000	-0.034000
245	0	0.000000	0.066000	0.066000	-0.034000
246	0	0.000000	0.000000	0.000000	-0.034000
247	0	0.000000	0.067000	0.067000	-0.034000
248	0	0.000000	0.000000	0.000000	-0.034000
249	0	0.000000	0.067000	0.067000	-0.034000
250	1	0.000000	0.000000	0.000000	-0.034000
251	0	0.000000	0.066000	0.000000	-0.034000
252	0	0.000000	0.000000	0.000000	-0.034000
253	0	0.000000	0.067000	0.067000	-0.034000
254	0	0.000000	0.000000	0.000000	-0.034000
255	1	0.000000	0.067000	0.000000	-0.101000
256	0	0.000000	0.000000	0.000000	-0.034000
257	0	0.000000	0.066000	0.066000	-0.034000
258	0	0.000000	0.000000	0.000000	-0.034000
259	0	0.000000	0.067000	0.067000	-0.034000
260	1	0.000000	0.000000	0.000000	-0.034000
261	0	0.000000	0.067000	0.000000	-0.034000
262	0	0.000000	0.000000	0.000000	-0.034000
263	0	0.000000	0.066000	0.066000	-0.034000
264	0	0.000000	0.000000	0.000000	-0.034000
265	1	0.000000	0.067000	0.000000	-0.101000
266	0	0.000000	0.000000	0.000000	-0.034000
267	0	0.000000	0.067000	0.067000	-0.034000
268	1	0.000000	0.000000	0.000000	-0.034000
269	0	0.000000	0.066000	0.000000	-0.034000
270	1	0.000000	0.000000	0.000000	-0.034000
271	0	0.000000	0.067000	0.000000	-0.034000
272	0	0.000000	0.000000	0.000000	-0.034000
273	1	0.000000	0.067000	0.000000	-0.101000
274	1	0.000000	0.000000	0.000000	-0.101000
275	1	0.000000	0.066000	0.000000	-0.167000
276	0	0.000000	0.000000	0.000000	-0.034000
277	0	0.000000	0.067000	0.067000	-0.034000
278	0	0.000000	0.000000	0.000000	-0.034000
279	0	0.000000	0.067000	0.067000	-0.034000
280	1	0.000000	0.000000	0.000000	-0.034000
281	0	0.000000	0.066000	0.000000	-0.034000
282	1	0.000000	0.000000	0.000000	-0.034000
283	1	0.000000	0.067000	0.000000	-0.101000
284	1	0.000000	0.000000	0.000000	-0.101000
285	1	0.000000	0.067000	0.000000	-0.168000
286	1	0.000000	0.000000	0.000000	-0.168000
287	0	0.000000	0.066000	0.000000	-0.034000
288	1	0.000000	0.000000	0.000000	-0.034000
289	0	0.000000	0.067000	0.000000	-0.034000
290	0	0.000000	0.000000	0.000000	-0.034000
291	1	0.000000	0.067000	0.000000	-0.101000
292	0	0.000000	0.000000	0.000000	-0.034000
293	1	0.000000	0.066000	0.000000	-0.100000
294	1	0.000000	0.000000	0.000000	-0.100000
295	1	0.000000	0.067000	0.000000	-0.167000
296	0	0.000000	0.000000	0.000000	-0.034000
297	1	0.000000	0.067000	0.000000	-0.101000
298	0	0.000000	0.000000	0.000000	-0.034000
299	0	0.000000	0.066000	0.066000	-0.034000
300	1	0.000000	0.000000	0.000000	-0.034000
301	1	0.000000	0.000000	0.000000	-0.034000
302	0	0.000000	0.100000	0.000000	-0.034000
303	0	0.000000	0.000000	0.000000	-0.034000
304	1	0.000000	0.000000	0.000000	-0.034000
305	0	0.000000	0.100000	0.000000	-0.034000
306	0	0.000000	0.000000	0.000000	-0.034000
307	1	0.000000	0.000000	0.000000	-0.034000
308	1	0.000000	0.100000	0.000000	-0.134000
309	1	0.000000	0.000000	0.000000	-0.134000
310	0	0.000000	0.000000	0.000000	-0.034000
311	1	0.000000	0.100000	0.000000	-0.134000
312	1	0.000000	0.000000	0.000000	-0.134000
313	1	0.000000	0.000000	0.000000	-0.134000
314	0	0.000000	0.100000	0.000000	-0.034000
315	1	0.000000	0.000000	0.000000	-0.034000
316	1	0.000000	0.000000	0.000000	-0.034000
317	0	0.000000	0.100000	0.000000	-0.034000
318	1	0.000000	0.000000	0.000000	-0.034000
319	0	0.000000	0.000000	0.000000	-0.034000
320	0	0.000000	0.100000	0.100000	-0.034000
321	1	0.000000	0.000000	0.000000	-0.034000
322	0	0.000000	0.000000	0.000000	-0.034000
323	1	0.000000	0.100000	0.000000	-0.134000
324	0	0.000000	0.000000	0.000000	-0.034000
325	1	0.000000	0.000000	0.000000	-0.034000
326	0	0.000000	0.100000	0.000000	-0.034000
327	0	0.000000	0.000000	0.000000	-0.034000
328	0	0.000000	0.000000	0.000000	-0.034000
329	0	0.000000	0.100000	0.100000	-0.034000
330	1	0.000000	0.000000	0.000000	-0.034000
331	0	0.000000	0.000000	0.000000	-0.034000
332	1	0.000000	0.100000	0.000000	-0.134000
333	1	0.000000	0.000000	0.000000	-0.134000
334	1	0.000000	0.000000	0.000000	-0.134000
335	1	0.000000	0.100000	0.000000	-0.234000
336	1	0.000000	0.000000	0.000000	-0.234000
337	1	0.000000	0.000000	0.000000	-0.234000
338	0	0.000000	0.100000	0.000000	-0.034000
339	1	0.000000	0.000000	0.000000	-0.034000
340	1	0.000000	0.000000	0.000000	-0.034000
341	1	0.000000	0.100000	0.000000	-0.134000
342	1	0.000000	0.000000	0.000000	-0.134000
343	1	0.000000	0.000000	0.000000	-0.134000
344	0	0.000000	0.100000	0.000000	-0.034000
345	1	0.000000	0.000000	0.000000	-0.034000
346	1	0.000000	0.000000	0.000000	-0.034000
347	1	0.000000	0.100000	0.000000	-0.134000
348	1	0.000000	0.000000	0.000000	-0.134000
349	0	0.000000	0.000000	0.000000	-0.034000
350	1	0.000000	0.100000	0.000000	-0.134000
351	0	0.000000	0.000000	0.000000	-0.034000
352	1	0.000000	0.000000	0.000000	-0.034000
353	0	0.000000	0.100000	0.000000	-0.034000
354	0	0.000000	0.000000	0.000000	-0.034000
355	1	0.000000	0.000000	0.000000	-0.034000
356	1	0.000000	0.100000	0.000000	-0.134000
357	0	0.000000	0.000000	0.000000	-0.034000
358	1	0.000000	0.000000	0.000000	-0.034000
359	1	0.000000	0.100000	0.000000	-0.134000
360	1	0.000000	0.000000	0.000000	-0.134000
361	1	0.000000	0.000000	0.000000	-0.134000
362	0	0.000000	0.100000	0.000000	-0.034000
363	1	0.000000	0.000000	0.000000	-0.034000
364	0	0.000000	0.000000	0.000000	-0.034000
365	0	0.000000	0.100000	0.100000	-0.034000
366	0	0.000000	0.000000	0.000000	-0.034000
367	0	0.000000	0.000000	0.000000	-0.034000
368	0	0.000000	0.100000	0.100000	-0.034000
369	0	0.000000	0.000000	0.000000	-0.034000
370	0	0.000000	0.000000	0.000000	-0.034000
371	1	0.000000	0.100000	0.000000	-0.134000
372	1	0.000000	0.000000	0.000000	-0.134000
373	1	0.000000	0.000000	0.000000	-0.134000
374	0	0.000000	0.100000	0.000000	-0.034000
375	0	0.000000	0.000000	0.000000	-0.034000
376	1	0.000000	0.000000	0.000000	-0.034000
377	0	0.000000	0.100000	0.000000	-0.034000
378	1	0.000000	0.000000	0.000000	-0.034000
379	0	0.000000	0.000000	0.000000	-0.034000
380	0	0.000000	0.100000	0.100000	-0.034000
381	0	0.000000	0.000000	0.000000	-0.034000
382	0	0.000000	0.000000	0.000000	-0.034000
383	0	0.000000	0.100000	0.100000	-0.034000
384	0	0.000000	0.000000	0.000000	-0.034000
385	0	0.000000	0.000000	0.000000	-0.034000
386	0	0.000000	0.100000	0.100000	-0.034000
387	1	0.000000	0.000000	0.000000	-0.034000
388	0	0.000000	0.000000	0.000000	-0.034000
389	1	0.000000	0.100000	0.000000	-0.134000
390	0	0.000000	0.000000	0.000000	-0.034000
391	0	0.000000	0.000000	0.000000	-0.034000
392	1	0.000000	0.100000	0.000000	-0.134000
393	0	0.000000	0.000000	0.000000	-0.034000
394	0	0.000000	0.000000	0.000000	-0.034000
395	0	0.000000	0.100000	0.100000	-0.034000
396	1	0.000000	0.000000	0.000000	-0.034000
397	1	0.000000	0.000000	0.000000	-0.034000
398	0	0.000000	0.100000	0.000000	-0.034000
399	0	0.000000	0.000000	0.000000	-0.034000
400	1	0.000000	0.000000	0.000000	-0.034000
401	0	0.000000	0.000000	0.000000	-0.034000
402	0	0.000000	0.134000	0.134000	-0.034000
403	1	0.000000	0.000000	0.000000	-0.034000
404	0	0.000000	0.000000	0.000000	-0.034000
405	1	0.000000	0.000000	0.000000	-0.034000
406	1	0.000000	0.133000	0.000000	-0.167000
407	1	0.000000	0.000000	0.000000	-0.167000
408	1	0.000000	0.000000	0.000000	-0.167000
409	1	0.000000	0.000000	0.000000	-0.167000
410	1	0.000000	0.133000	0.000000	-0.300000
411	1	0.000000	0.000000	0.000000	-0.300000
412	1	0.000000	0.000000	0.000000	-0.300000
413	1	0.000000	0.000000	0.000000	-0.300000
414	0	0.000000	0.134000	0.000000	-0.034000
415	1	0.000000	0.000000	0.000000	-0.034000
416	1	0.000000	0.000000	0.000000	-0.034000
417	0	0.000000	0.000000	0.000000	-0.034000
418	1	0.000000	0.133000	0.000000	-0.167000
419	1	0.000000	0.000000	0.000000	-0.167000
420	0	0.000000	0.000000	0.000000	-0.034000
421	0	0.000000	0.000000	0.000000	-0.034000
422	0	0.000000	0.133000	0.133000	-0.034000
423	1	0.000000	0.000000	0.000000	-0.034000
424	1	0.000000	0.000000	0.000000	-0.034000
425	1	0.000000	0.000000	0.000000	-0.034000
426	1	0.000000	0.134000	0.000000	-0.168000
427	1	0.000000	0.000000	0.000000	-0.168000
428	1	0.000000	0.000000	0.000000	-0.168000
429	0	0.000000	0.000000	0.000000	-0.034000
430	1	0.000000	0.133000	0.000000	-0.167000
431	0	0.000000	0.000000	0.000000	-0.034000
432	1	0.000000	0.000000	0.000000	-0.034000
433	0	0.000000	0.000000	0.000000	-0.034000
434	0	0.000000	0.133000	0.133000	-0.034000
435	0	0.000000	0.000000	0.000000	-0.034000
436	1	0.000000	0.000000	0.000000	-0.034000
437	1	0.000000	0.000000	0.000000	-0.034000
438	1	0.000000	0.134000	0.000000	-0.168000
439	1	0.000000	0.000000	0.000000	-0.168000
440	0	0.000000	0.000000	0.000000	-0.034000
441	1	0.000000	0.000000	0.000000	-0.034000
442	1	0.000000	0.133000	0.000000	-0.167000
443	0	0.000000	0.000000	0.000000	-0.034000
444	1	0.000000	0.000000	0.000000	-0.034000
445	0	0.000000	0.000000	0.000000	-0.034000
446	1	0.000000	0.133000	0.000000	-0.167000
447	0	0.000000	0.000000	0.000000	-0.034000
448	1	0.000000	0.000000	0.000000	-0.034000
449	1	0.000000	0.000000	0.000000	-0.034000
450	0	0.000000	0.134000	0.000000	-0.034000
451	0	0.000000	0.000000	0.000000	-0.034000
452	0	0.000000	0.066000	0.066000	-0.034000
453	0	0.000000	0.000000	0.000000	-0.034000
454	1	0.000000	0.000000	0.000000	-0.034000
455	0	0.000000	0.000000	0.000000	-0.034000
456	0	0.000000	0.134000	0.134000	-0.034000
457	0	0.000000	0.000000	0.000000	-0.034000
458	1	0.000000	0.000000	0.000000	-0.034000
459	0	0.000000	0.000000	0.000000	-0.034000
460	1	0.000000	0.133000	0.000000	-0.167000
461	0	0.000000	0.000000	0.000000	-0.034000
462	0	0.000000	0.000000	0.000000	-0.034000
463	1	0.000000	0.000000	0.000000	-0.034000
464	0	0.000000	0.133000	0.000000	-0.034000
465	1	0.000000	0.000000	0.000000	-0.034000
466	1	0.000000	0.000000	0.000000	-0.034000
467	0	0.000000	0.000000	0.000000	-0.034000
468	1	0.000000	0.134000	0.000000	-0.168000
469	0	0.000000	0.000000	0.000000	-0.034000
470	0	0.000000	0.000000	0.000000	-0.034000
471	0	0.000000	0.000000	0.000000	-0.034000
472	1	0.000000	0.133000	0.000000	-0.167000
473	1	0.000000	0.000000	0.000000	-0.167000
474	1	0.000000	0.000000	0.000000	-0.167000
475	1	0.000000	0.000000	0.000000	-0.167000
476	0	0.000000	0.133000	0.000000	-0.034000
477	1	0.000000	0.000000	0.000000	-0.034000
478	1	0.000000	0.000000	0.000000	-0.034000
479	0	0.000000	0.000000	0.000000	-0.034000
480	1	0.000000	0.134000	0.000000	-0.168000
481	1	0.000000	0.000000	0.000000	-0.168000
482	0	0.000000	0.000000	0.000000	-0.034000
483	1	0.000000	0.000000	0.000000	-0.034000
484	1	0.000000	0.133000	0.000000	-0.167000
485	0	0.000000	0.000000	0.000000	-0.034000
486	0	0.000000	0.000000	0.000000	-0.034000
487	0	0.000000	0.000000	0.000000	-0.034000
488	1	0.000000	0.133000	0.000000	-0.167000
489	1	0.000000	0.000000	0.000000	-0.167000
490	0	0.000000	0.000000	0.000000	-0.034000
491	0	0.000000	0.000000	0.000000	-0.034000
492	1	0.000000	0.134000	0.000000	-0.168000
493	0	0.000000	0.000000	0.000000	-0.034000
494	1	0.000000	0.000000	0.000000	-0.034000
495	0	0.000000	0.000000	0.000000	-0.034000
496	0	0.000000	0.133000	0.133000	-0.034000
497	0	0.000000	0.000000	0.000000	-0.034000
498	0	0.000000	0.000000	0.000000	-0.034000
499	0	0.000000	0.000000	0.000000	-0.034000
500	0	0.000000	0.000000	0.000000	-0.034000
501	1	0.000000	0.167000	0.000000	-0.201000
502	0	0.000000	0.000000	0.000000	-0.034000
503	0	0.000000	0.000000	0.000000	-0.034000
504	1	0.000000	0.000000	0.000000	-0.034000
505	0	0.000000	0.000000	0.000000	-0.034000
506	1	0.000000	0.166000	0.000000	-0.200000
507	0	0.000000	0.000000	0.000000	-0.034000
508	1	0.000000	0.000000	0.000000	-0.034000
509	1	0.000000	0.000000	0.000000	-0.034000
510	1	0.000000	0.000000	0.000000	-0.034000
511	0	0.000000	0.167000	0.000000	-0.034000
512	0	0.000000	0.000000	0.000000	-0.034000
513	1	0.000000	0.000000	0.000000	-0.034000
514	0	0.000000	0.000000	0.000000	-0.034000
515	1	0.000000	0.000000	0.000000	-0.034000
516	1	0.000000	0.167000	0.000000	-0.201000
517	1	0.000000	0.000000	0.000000	-0.201000
518	1	0.000000	0.000000	0.000000	-0.201000
519	0	0.000000	0.000000	0.000000	-0.034000
520	1	0.000000	0.000000	0.000000	-0.034000
521	0	0.000000	0.166000	0.000000	-0.034000
522	1	0.000000	0.000000	0.000000	-0.034000
523	1	0.000000	0.000000	0.000000	-0.034000
524	0	0.000000	0.000000	0.000000	-0.034000
525	0	0.000000	0.000000	0.000000	-0.034000
526	1	0.000000	0.167000	0.000000	-0.201000
527	0	0.000000	0.000000	0.000000	-0.034000
528	0	0.000000	0.000000	0.000000	-0.034000
529	1	0.000000	0.000000	0.000000	-0.034000
530	0	0.000000	0.000000	0.000000	-0.034000
531	0	0.000000	0.167000	0.167000	-0.034000
532	1	0.000000	0.000000	0.000000	-0.034000
533	0	0.000000	0.000000	0.000000	-0.034000
534	1	0.000000	0.000000	0.000000	-0.034000
535	1	0.000000	0.000000	0.000000	-0.034000
536	1	0.000000	0.166000	0.000000	-0.200000
537	1	0.000000	0.000000	0.000000	-0.200000
538	1	0.000000	0.000000	0.000000	-0.200000
539	0	0.000000	0.000000	0.000000	-0.034000
540	1	0.000000	0.000000	0.000000	-0.034000
541	0	0.000000	0.167000	0.000000	-0.034000
542	1	0.000000	0.000000	0.000000	-0.034000
543	1	0.000000	0.000000	0.000000	-0.034000
544	0	0.000000	0.000000	0.000000	-0.034000
545	0	0.000000	0.000000	0.000000	-0.034000
546	1	0.000000	0.167000	0.000000	-0.201000
547	0	0.000000	0.000000	0.000000	-0.034000
548	1	0.000000	0.000000	0.000000	-0.034000
549	1	0.000000	0.000000	0.000000	-0.034000
550	1	0.000000	0.000000	0.000000	-0.034000
551	0	0.000000	0.166000	0.000000	-0.034000
552	0	0.000000	0.000000	0.000000	-0.034000
553	0	0.000000	0.000000	0.000000	-0.034000
554	0	0.000000	0.000000	0.000000	-0.034000
555	1	0.000000	0.000000	0.000000	-0.034000
556	1	0.000000	0.167000	0.000000	-0.201000
557	0	0.000000	0.000000	0.000000	-0.034000
558	0	0.000000	0.000000	0.000000	-0.034000
559	1	0.000000	0.000000	0.000000	-0.034000
560	1	0.000000	0.000000	0.000000	-0.034000
561	1	0.000000	0.167000	0.000000	-0.201000
562	1	0.000000	0.000000	0.000000	-0.201000
563	0	0.000000	0.000000	0.000000	-0.034000
564	0	0.000000	0.000000	0.000000	-0.034000
565	0	0.000000	0.000000	0.000000	-0.034000
566	1	0.000000	0.166000	0.000000	-0.200000
567	1	0.000000	0.000000	0.000000	-0.200000
568	0	0.000000	0.000000	0.000000	-0.034000
569	0	0.000000	0.000000	0.000000	-0.034000
570	1	0.000000	0.000000	0.000000	-0.034000
571	0	0.000000	0.167000	0.000000	-0.034000
572	1	0.000000	0.000000	0.000000	-0.034000
573	1	0.000000	0.000000	0.000000	-0.034000
574	1	0.000000	0.000000	0.000000	-0.034000
575	0	0.000000	0.000000	0.000000	-0.034000
576	0	0.000000	0.167000	0.167000	-0.034000
577	0	0.000000	0.000000	0.000000	-0.034000
578	1	0.000000	0.000000	0.000000	-0.034000
579	0	0.000000	0.000000	0.000000	-0.034000
580	1	0.000000	0.000000	0.000000	-0.034000
581	0	0.000000	0.166000	0.000000	-0.034000
582	0	0.000000	0.000000	0.000000	-0.034000
583	0	0.000000	0.000000	0.000000	-0.034000
584	1	0.000000	0.000000	0.000000	-0.034000
585	1	0.000000	0.000000	0.000000	-0.034000
586	0	0.000000	0.167000	0.000000	-0.034000
587	0	0.000000	0.000000	0.000000	-0.034000
588	1	0.000000	0.000000	0.000000	-0.034000
589	0	0.000000	0.000000	0.000000	-0.034000
590	0	0.000000	0.000000	0.000000	-0.034000
591	0	0.000000	0.167000	0.167000	-0.034000
592	1	0.000000	0.000000	0.000000	-0.034000
593	0	0.000000	0.000000	0.000000	-0.034000
594	0	0.000000	0.000000	0.000000	-0.034000
595	1	0.000000	0.000000	0.000000	-0.034000
596	0	0.000000	0.166000	0.000000	-0.034000
597	0	0.000000	0.000000	0.000000	-0.034000
598	1	0.000000	0.000000	0.000000	-0.034000
599	0	0.000000	0.000000	0.000000	-0.034000
600	1	0.000000	0.000000	0.000000	-0.034000
601	1	0.000000	0.000000	0.000000	-0.034000
602	0	0.000000	0.200000	0.000000	-0.034000
603	1	0.000000	0.000000	0.000000	-0.034000
604	0	0.000000	0.000000	0.000000	-0.034000
605	0	0.000000	0.000000	0.000000	-0.034000
606	1	0.000000	0.000000	0.000000	-0.034000
607	1	0.000000	0.000000	0.000000	-0.034000
608	1	0.000000	0.200000	0.000000	-0.234000
609	0	0.000000	0.000000	0.000000	-0.034000
610	0	0.000000	0.000000	0.000000	-0.034000
611	0	0.000000	0.000000	0.000000	-0.034000
612	1	0.000000	0.000000	0.000000	-0.034000
613	1	0.000000	0.000000	0.000000	-0.034000
614	1	0.000000	0.200000	0.000000	-0.234000
615	1	0.000000	0.000000	0.000000	-0.234000
616	1	0.000000	0.000000	0.000000	-0.234000
617	1	0.000000	0.000000	0.000000	-0.234000
618	0	0.000000	0.000000	0.000000	-0.034000
619	1	0.000000	0.000000	0.000000	-0.034000
620	0	0.000000	0.200000	0.000000	-0.034000
621	0	0.000000	0.000000	0.000000	-0.034000
622	0	0.000000	0.000000	0.000000	-0.034000
623	0	0.000000	0.000000	0.000000	-0.034000
624	1	0.000000	0.000000	0.000000	-0.034000
625	1	0.000000	0.000000	0.000000	-0.034000
626	0	0.000000	0.200000	0.000000	-0.034000
627	0	0.000000	0.000000	0.000000	-0.034000
628	0	0.000000	0.000000	0.000000	-0.034000
629	1	0.000000	0.000000	0.000000	-0.034000
630	1	0.000000	0.000000	0.000000	-0.034000
631	0	0.000000	0.000000	0.000000	-0.034000
632	0	0.000000	0.200000	0.200000	-0.034000
633	1	0.000000	0.000000	0.000000	-0.034000
634	0	0.000000	0.000000	0.000000	-0.034000
635	0	0.000000	0.000000	0.000000	-0.034000
636	1	0.000000	0.000000	0.000000	-0.034000
637	0	0.000000	0.000000	0.000000	-0.034000
638	1	0.000000	0.200000	0.000000	-0.234000
639	0	0.000000	0.000000	0.000000	-0.034000
640	0	0.000000	0.000000	0.000000	-0.034000
641	0	0.000000	0.000000	0.000000	-0.034000
642	1	0.000000	0.000000	0.000000	-0.034000
643	0	0.000000	0.000000	0.000000	-0.034000
644	0	0.000000	0.200000	0.200000	-0.034000
645	1	0.000000	0.000000	0.000000	-0.034000
646	0	0.000000	0.000000	0.000000	-0.034000
647	0	0.000000	0.000000	0.000000	-0.034000
648	0	0.000000	0.000000	0.000000	-0.034000
649	1	0.000000	0.000000	0.000000	-0.034000
650	0	0.000000	0.200000	0.000000	-0.034000
651	1	0.000000	0.000000	0.000000	-0.034000
652	1	0.000000	0.000000	0.000000	-0.034000
653	1	0.000000	0.000000	0.000000	-0.034000
654	0	0.000000	0.000000	0.000000	-0.034000
655	1	0.000000	0.000000	0.000000	-0.034000
656	0	0.000000	0.200000	0.000000	-0.034000
657	0	0.000000	0.000000	0.000000	-0.034000
658	1	0.000000	0.000000	0.000000	-0.034000
659	0	0.000000	0.000000	0.000000	-0.034000
660	1	0.000000	0.000000	0.000000	-0.034000
661	1	0.000000	0.000000	0.000000	-0.034000
662	1	0.000000	0.200000	0.000000	-0.234000
663	1	0.000000	0.000000	0.000000	-0.234000
664	1	0.000000	0.000000	0.000000	-0.234000
665	0	0.000000	0.000000	0.000000	-0.034000
666	1	0.000000	0.000000	0.000000	-0.034000
667	0	0.000000	0.000000	0.000000	-0.034000
668	0	0.000000	0.200000	0.200000	-0.034000
669	1	0.000000	0.000000	0.000000	-0.034000
670	0	0.000000	0.000000	0.000000	-0.034000
671	1	0.000000	0.000000	0.000000	-0.034000
672	1	0.000000	0.000000	0.000000	-0.034000
673	1	0.000000	0.000000	0.000000	-0.034000
674	1	0.000000	0.200000	0.000000	-0.234000
675	0	0.000000	0.000000	0.000000	-0.034000
676	1	0.000000	0.000000	0.000000	-0.034000
677	0	0.000000	0.000000	0.000000	-0.034000
678	0	0.000000	0.000000	0.000000	-0.034000
679	1	0.000000	0.000000	0.000000	-0.034000
680	1	0.000000	0.200000	0.000000	-0.234000
681	0	0.000000	0.000000	0.000000	-0.034000
682	1	0.000000	0.000000	0.000000	-0.034000
683	0	0.000000	0.000000	0.000000	-0.034000
684	0	0.000000	0.000000	0.000000	-0.034000
685	1	0.000000	0.000000	0.000000	-0.034000
686	1	0.000000	0.200000	0.000000	-0.234000
687	0	0.000000	0.000000	0.000000	-0.034000
688	0	0.000000	0.000000	0.000000	-0.034000
689	0	0.000000	0.000000	0.000000	-0.034000
690	1	0.000000	0.000000	0.000000	-0.034000
691	0	0.000000	0.000000	0.000000	-0.034000
692	0	0.000000	0.200000	0.200000	-0.034000
693	1	0.000000	0.000000	0.000000	-0.034000
694	1	0.000000	0.000000	0.000000	-0.034000
695	1	0.000000	0.000000	0.000000	-0.034000
696	0	0.000000	0.000000	0.000000	-0.034000
697	1	0.000000	0.000000	0.000000	-0.034000
698	0	0.000000	0.002000	0.000000	-0.034000
699	1	0.000000	0.232000	0.000000	-0.266000
700	1	0.000000	0.000000	0.000000	-0.266000
701	0	0.000000	0.000000	0.000000	-0.034000
702	0	0.000000	0.000000	0.000000	-0.034000
703	0	0.000000	0.000000	0.000000	-0.034000
704	1	0.000000	0.000000	0.000000	-0.034000
705	1	0.000000	0.000000	0.000000	-0.034000
706	1	0.000000	0.233000	0.000000	-0.267000
707	0	0.000000	0.000000	0.000000	-0.034000
708	0	0.000000	0.000000	0.000000	-0.034000
709	0	0.000000	0.000000	0.000000	-0.034000
710	1	0.000000	0.000000	0.000000	-0.034000
711	1	0.000000	0.000000	0.000000	-0.034000
712	1	0.000000	0.000000	0.000000	-0.034000
713	1	0.000000	0.233000	0.000000	-0.267000
714	0	0.000000	0.000000	0.000000	-0.034000
715	1	0.000000	0.000000	0.000000	-0.034000
716	1	0.000000	0.000000	0.000000	-0.034000
717	0	0.000000	0.000000	0.000000	-0.034000
718	0	0.000000	0.000000	0.000000	-0.034000
719	0	0.000000	0.000000	0.000000	-0.034000
720	1	0.000000	0.234000	0.000000	-0.268000
721	1	0.000000	0.000000	0.000000	-0.268000
722	1	0.000000	0.000000	0.000000	-0.268000
723	0	0.000000	0.000000	0.000000	-0.034000
724	0	0.000000	0.000000	0.000000	-0.034000
725	0	0.000000	0.000000	0.000000	-0.034000
726	0	0.000000	0.000000	0.000000	-0.034000
727	0	0.000000	0.233000	0.233000	-0.034000
728	0	0.000000	0.000000	0.000000	-0.034000
729	1	0.000000	0.000000	0.000000	-0.034000
730	1	0.000000	0.000000	0.000000	-0.034000
731	1	0.000000	0.000000	0.000000	-0.034000
732	1	0.000000	0.000000	0.000000	-0.034000
733	0	0.000000	0.000000	0.000000	-0.034000
734	0	0.000000	0.233000	0.233000	-0.034000
735	1	0.000000	0.000000	0.000000	-0.034000
736	1	0.000000	0.000000	0.000000	-0.034000
737	1	0.000000	0.000000	0.000000	-0.034000
738	0	0.000000	0.000000	0.000000	-0.034000
739	0	0.000000	0.000000	0.000000	-0.034000
740	1	0.000000	0.000000	0.000000	-0.034000
741	1	0.000000	0.234000	0.000000	-0.268000
742	1	0.000000	0.000000	0.000000	-0.268000
743	0	0.000000	0.000000	0.000000	-0.034000
744	1	0.000000	0.000000	0.000000	-0.034000
745	1	0.000000	0.000000	0.000000	-0.034000
746	0	0.000000	0.000000	0.000000	-0.034000
747	0	0.000000	0.000000	0.000000	-0.034000
748	1	0.000000	0.233000	0.000000	-0.267000
749	0	0.000000	0.000000	0.000000	-0.034000
750	1	0.000000	0.000000	0.000000	-0.034000
751	0	0.000000	0.000000	0.000000	-0.034000
752	1	0.000000	0.000000	0.000000	-0.034000
753	1	0.000000	0.000000	0.000000	-0.034000
754	1	0.000000	0.000000	0.000000	-0.034000
755	0	0.000000	0.233000	0.000000	-0.034000
756	1	0.000000	0.000000	0.000000	-0.034000
757	0	0.000000	0.000000	0.000000	-0.034000
758	1	0.000000	0.000000	0.000000	-0.034000
759	1	0.000000	0.000000	0.000000	-0.034000
760	0	0.000000	0.000000	0.000000	-0.034000
761	1	0.000000	0.000000	0.000000	-0.034000
762	1	0.000000	0.234000	0.000000	-0.268000
763	0	0.000000	0.000000	0.000000	-0.034000
764	0	0.000000	0.000000	0.000000	-0.034000
765	1	0.000000	0.000000	0.000000	-0.034000
766	0	0.000000	0.000000	0.000000	-0.034000
767	1	0.000000	0.000000	0.000000	-0.034000
768	0	0.000000	0.000000	0.000000	-0.034000
769	1	0.000000	0.233000	0.000000	-0.267000
770	0	0.000000	0.000000	0.000000	-0.034000
771	1	0.000000	0.000000	0.000000	-0.034000
772	0	0.000000	0.000000	0.000000	-0.034000
773	0	0.000000	0.000000	0.000000	-0.034000
774	1	0.000000	0.000000	0.000000	-0.034000
775	1	0.000000	0.000000	0.000000	-0.034000
776	1	0.000000	0.233000	0.000000	-0.267000
777	0	0.000000	0.000000	0.000000	-0.034000
778	0	0.000000	0.000000	0.000000	-0.034000
779	0	0.000000	0.000000	0.000000	-0.034000
780	1	0.000000	0.000000	0.000000	-0.034000
781	0	0.000000	0.000000	0.000000	-0.034000
782	1	0.000000	0.000000	0.000000	-0.034000
783	1	0.000000	0.234000	0.000000	-0.268000
784	0	0.000000	0.000000	0.000000	-0.034000
785	1	0.000000	0.000000	0.000000	-0.034000
786	0	0.000000	0.000000	0.000000	-0.034000
787	1	0.000000	0.000000	0.000000	-0.034000
788	0	0.000000	0.000000	0.000000	-0.034000
789	1	0.000000	0.000000	0.000000	-0.034000
790	1	0.000000	0.233000	0.000000	-0.267000
791	1	0.000000	0.000000	0.000000	-0.267000
792	1	0.000000	0.000000	0.000000	-0.267000
793	0	0.000000	0.000000	0.000000	-0.034000
794	0	0.000000	0.000000	0.000000	-0.034000
795	1	0.000000	0.000000	0.000000	-0.034000
796	0	0.000000	0.000000	0.000000	-0.034000
797	0	0.000000	0.233000	0.233000	-0.034000
798	1	0.000000	0.000000	0.000000	-0.034000
799	1	0.000000	0.000000	0.000000	-0.034000
800	1	0.000000	0.000000	0.000000	-0.034000
801	0	0.000000	0.000000	0.000000	-0.034000
802	0	0.000000	0.000000	0.000000	-0.034000
803	0	0.000000	0.000000	0.000000	-0.034000
804	1	0.000000	0.000000	0.000000	-0.034000
805	1	0.000000	0.267000	0.000000	-0.301000
806	1	0.000000	0.000000	0.000000	-0.301000
807	1	0.000000	0.000000	0.000000	-0.301000
808	0	0.000000	0.000000	0.000000	-0.034000
809	1	0.000000	0.000000	0.000000	-0.034000
810	1	0.000000	0.000000	0.000000	-0.034000
811	1	0.000000	0.000000	0.000000	-0.034000
812	1	0.000000	0.000000	0.000000	-0.034000
813	1	0.000000	0.267000	0.000000	-0.301000
814	1	0.000000	0.000000	0.000000	-0.301000
815	0	0.000000	0.000000	0.000000	-0.034000
816	0	0.000000	0.000000	0.000000	-0.034000
817	1	0.000000	0.000000	0.000000	-0.034000
818	0	0.000000	0.000000	0.000000	-0.034000
819	1	0.000000	0.000000	0.000000	-0.034000
820	1	0.000000	0.000000	0.000000	-0.034000
821	1	0.000000	0.266000	0.000000	-0.300000
822	0	0.000000	0.000000	0.000000	-0.034000
823	1	0.000000	0.000000	0.000000	-0.034000
824	0	0.000000	0.000000	0.000000	-0.034000
825	0	0.000000	0.000000	0.000000	-0.034000
826	0	0.000000	0.000000	0.000000	-0.034000
827	0	0.000000	0.000000	0.000000	-0.034000
828	0	0.000000	0.001000	0.001000	-0.034000
829	1	0.000000	0.266000	0.000000	-0.300000
830	0	0.000000	0.000000	0.000000	-0.034000
831	0	0.000000	0.000000	0.000000	-0.034000
832	1	0.000000	0.000000	0.000000	-0.034000
833	0	0.000000	0.000000	0.000000	-0.034000
834	1	0.000000	0.000000	0.000000	-0.034000
835	1	0.000000	0.000000	0.000000	-0.034000
836	0	0.000000	0.000000	0.000000	-0.034000
837	1	0.000000	0.267000	0.000000	-0.301000
838	1	0.000000	0.000000	0.000000	-0.301000
839	0	0.000000	0.000000	0.000000	-0.034000
840	1	0.000000	0.000000	0.000000	-0.034000
841	1	0.000000	0.000000	0.000000	-0.034000
842	0	0.000000	0.000000	0.000000	-0.034000
843	0	0.000000	0.000000	0.000000	-0.034000
844	0	0.000000	0.000000	0.000000	-0.034000
845	0	0.000000	0.266000	0.266000	-0.034000
846	1	0.000000	0.000000	0.000000	-0.034000
847	1	0.000000	0.000000	0.000000	-0.034000
848	1	0.000000	0.000000	0.000000	-0.034000
849	1	0.000000	0.000000	0.000000	-0.034000
850	1	0.000000	0.000000	0.000000	-0.034000
851	1	0.000000	0.000000	0.000000	-0.034000
852	0	0.000000	0.001000	0.000000	-0.034000
853	1	0.000000	0.266000	0.000000	-0.300000
854	1	0.000000	0.000000	0.000000	-0.300000
855	1	0.000000	0.000000	0.000000	-0.300000
856	1	0.000000	0.000000	0.000000	-0.300000
857	0	0.000000	0.000000	0.000000	-0.034000
858	0	0.000000	0.000000	0.000000	-0.034000
859	1	0.000000	0.000000	0.000000	-0.034000
860	0	0.000000	0.000000	0.000000	-0.034000
861	1	0.000000	0.267000	0.000000	-0.301000
862	1	0.000000	0.000000	0.000000	-0.301000
863	1	0.000000	0.000000	0.000000	-0.301000
864	0	0.000000	0.000000	0.000000	-0.034000
865	1	0.000000	0.000000	0.000000	-0.034000
866	0	0.000000	0.000000	0.000000	-0.034000
867	0	0.000000	0.000000	0.000000	-0.034000
868	0	0.000000	0.000000	0.000000	-0.034000
869	0	0.000000	0.266000	0.266000	-0.034000
870	1	0.000000	0.000000	0.000000	-0.034000
871	0	0.000000	0.000000	0.000000	-0.034000
872	0	0.000000	0.000000	0.000000	-0.034000
873	0	0.000000	0.000000	0.000000	-0.034000
874	1	0.000000	0.000000	0.000000	-0.034000
875	1	0.000000	0.001000	0.000000	-0.035000
876	1	0.000000	0.000000	0.000000	-0.035000
877	0	0.000000	0.266000	0.000000	-0.034000
878	0	0.000000	0.000000	0.000000	-0.034000
879	1	0.000000	0.000000	0.000000	-0.034000
880	1	0.000000	0.000000	0.000000	-0.034000
881	1	0.000000	0.000000	0.000000	-0.034000
882	1	0.000000	0.000000	0.000000	-0.034000
883	1	0.000000	0.000000	0.000000	-0.034000
884	1	0.000000	0.000000	0.000000	-0.034000
885	0	0.000000	0.267000	0.000000	-0.034000
886	0	0.000000	0.000000	0.000000	-0.034000
887	1	0.000000	0.000000	0.000000	-0.034000
888	0	0.000000	0.000000	0.000000	-0.034000
889	1	0.000000	0.000000	0.000000	-0.034000
890	1	0.000000	0.000000	0.000000	-0.034000
891	1	0.000000	0.000000	0.000000	-0.034000
892	0	0.000000	0.000000	0.000000	-0.034000
893	0	0.000000	0.266000	0.266000	-0.034000
894	0	0.000000	0.000000	0.000000	-0.034000
895	0	0.000000	0.000000	0.000000	-0.034000
896	0	0.000000	0.000000	0.000000	-0.034000
897	1	0.000000	0.000000	0.000000	-0.034000
898	0	0.000000	0.000000	0.000000	-0.034000
899	1	0.000000	0.000000	0.000000	-0.034000
900	1	0.000000	0.001000	0.000000	-0.035000
901	1	0.000000	0.000000	0.000000	-0.035000
902	0	0.000000	0.299000	0.000000	-0.034000
903	1	0.000000	0.000000	0.000000	-0.034000
904	1	0.000000	0.000000	0.000000	-0.034000
905	1	0.000000	0.000000	0.000000	-0.034000
906	1	0.000000	0.000000	0.000000	-0.034000
907	1	0.000000	0.000000	0.000000	-0.034000
908	1	0.000000	0.000000	0.000000	-0.034000
909	0	0.000000	0.000000	0.000000	-0.034000
910	1	0.000000	0.001000	0.000000	-0.035000
911	1	0.000000	0.299000	0.000000	-0.334000
912	1	0.000000	0.000000	0.000000	-0.334000
913	1	0.000000	0.000000	0.000000	-0.334000
914	1	0.000000	0.000000	0.000000	-0.334000
915	1	0.000000	0.000000	0.000000	-0.334000
916	0	0.000000	0.000000	0.000000	-0.034000
917	0	0.000000	0.000000	0.000000	-0.034000
918	0	0.000000	0.000000	0.000000	-0.034000
919	1	0.000000	0.001000	0.000000	-0.035000
920	0	0.000000	0.299000	0.000000	-0.034000
921	1	0.000000	0.000000	0.000000	-0.034000
922	0	0.000000	0.000000	0.000000	-0.034000
923	0	0.000000	0.000000	0.000000	-0.034000
924	0	0.000000	0.000000	0.000000	-0.034000
925	0	0.000000	0.001000	0.001000	-0.034000
926	1	0.000000	0.000000	0.000000	-0.034000
927	1	0.000000	0.000000	0.000000	-0.034000
928	1	0.000000	0.000000	0.000000	-0.034000
929	1	0.000000	0.299000	0.000000	-0.333000
930	1	0.000000	0.000000	0.000000	-0.333000
931	1	0.000000	0.000000	0.000000	-0.333000
932	0	0.000000	0.000000	0.000000	-0.034000
933	1	0.000000	0.000000	0.000000	-0.034000
934	1	0.000000	0.000000	0.000000	-0.034000
935	1	0.000000	0.001000	0.000000	-0.035000
936	0	0.000000	0.000000	0.000000	-0.034000
937	1	0.000000	0.000000	0.000000	-0.034000
938	0	0.000000	0.299000	0.000000	-0.034000
939	1	0.000000	0.000000	0.000000	-0.034000
940	0	0.000000	0.000000	0.000000	-0.034000
941	0	0.000000	0.000000	0.000000	-0.034000
942	1	0.000000	0.000000	0.000000	-0.034000
943	1	0.000000	0.000000	0.000000	-0.034000
944	1	0.000000	0.000000	0.000000	-0.034000
945	1	0.000000	0.000000	0.000000	-0.034000
946	0	0.000000	0.000000	0.000000	-0.034000
947	1	0.000000	0.300000	0.000000	-0.334000
948	1	0.000000	0.000000	0.000000	-0.334000
949	1	0.000000	0.000000	0.000000	-0.334000
950	0	0.000000	0.000000	0.000000	-0.034000
951	1	0.000000	0.000000	0.000000	-0.034000
952	1	0.000000	0.000000	0.000000	-0.034000
953	0	0.000000	0.000000	0.000000	-0.034000
954	1	0.000000	0.000000	0.000000	-0.034000
955	1	0.000000	0.001000	0.000000	-0.035000
956	0	0.000000	0.299000	0.000000	-0.034000
957	1	0.000000	0.000000	0.000000	-0.034000
958	1	0.000000	0.000000	0.000000	-0.034000
959	1	0.000000	0.000000	0.000000	-0.034000
960	1	0.000000	0.000000	0.000000	-0.034000
961	0	0.000000	0.000000	0.000000	-0.034000
962	0	0.000000	0.000000	0.000000	-0.034000
963	1	0.000000	0.001000	0.000000	-0.035000
964	1	0.000000	0.000000	0.000000	-0.035000
965	0	0.000000	0.299000	0.000000	-0.034000
966	1	0.000000	0.000000	0.000000	-0.034000
967	0	0.000000	0.000000	0.000000	-0.034000
968	1	0.000000	0.000000	0.000000	-0.034000
969	0	0.000000	0.000000	0.000000	-0.034000
970	0	0.000000	0.000000	0.000000	-0.034000
971	0	0.000000	0.000000	0.000000	-0.034000
972	0	0.000000	0.000000	0.000000	-0.034000
973	0	0.000000	0.001000	0.001000	-0.034000
974	0	0.000000	0.299000	0.299000	-0.034000
975	0	0.000000	0.000000	0.000000	-0.034000
976	0	0.000000	0.000000	0.000000	-0.034000
977	0	0.000000	0.000000	0.000000	-0.034000
978	1	0.000000	0.000000	0.000000	-0.034000
979	0	0.000000	0.000000	0.000000	-0.034000
980	1	0.000000	0.000000	0.000000	-0.034000
981	0	0.000000	0.000000	0.000000	-0.034000
982	0	0.000000	0.001000	0.001000	-0.034000
983	0	0.000000	0.299000	0.299000	-0.034000
984	0	0.000000	0.000000	0.000000	-0.034000
985	1	0.000000	0.000000	0.000000	-0.034000
986	0	0.000000	0.000000	0.000000	-0.034000
987	0	0.000000	0.000000	0.000000	-0.034000
988	1	0.000000	0.000000	0.000000	-0.034000
989	1	0.000000	0.000000	0.000000	-0.034000
990	1	0.000000	0.001000	0.000000	-0.035000
991	0	0.000000	0.000000	0.000000	-0.034000
992	1	0.000000	0.299000	0.000000	-0.333000
993	0	0.000000	0.000000	0.000000	-0.034000
994	0	0.000000	0.000000	0.000000	-0.034000
995	1	0.000000	0.000000	0.000000	-0.034000
996	1	0.000000	0.000000	0.000000	-0.034000
997	0	0.000000	0.000000	0.000000	-0.034000
998	0	0.000000	0.000000	0.000000	-0.034000
999	0	0.000000	0.001000	0.001000	-0.034000
1000	0	0.000000	0.000000	0.000000	-0.034000
1001	0	0.000000	0.000000	0.000000	-0.034000
1002	0	0.000000	0.333000	0.333000	-0.034000
1003	1	0.000000	0.000000	0.000000	-0.034000
1004	1	0.000000	0.000000	0.000000	-0.034000
1005	0	0.000000	0.000000	0.000000	-0.034000
1006	0	0.000000	0.000000	0.000000	-0.034000
1007	1	0.000000	0.000000	0.000000	-0.034000
1008	1	0.000000	0.000000	0.000000	-0.034000
1009	1	0.000000	0.000000	0.000000	-0.034000
1010	1	0.000000	0.000000	0.000000	-0.034000
1011	1	0.000000	0.000000	0.000000	-0.034000
1012	0	0.000000	0.333000	0.000000	-0.034000
1013	1	0.000000	0.000000	0.000000	-0.034000
1014	0	0.000000	0.000000	0.000000	-0.034000
1015	0	0.000000	0.000000	0.000000	-0.034000
1016	0	0.000000	0.000000	0.000000	-0.034000
1017	0	0.000000	0.000000	0.000000	-0.034000
1018	0	0.000000	0.000000	0.000000	-0.034000
1019	1	0.000000	0.000000	0.000000	-0.034000
1020	1	0.000000	0.000000	0.000000	-0.034000
1021	0	0.000000	0.000000	0.000000	-0.034000
1022	1	0.000000	0.333000	0.000000	-0.367000
1023	1	0.000000	0.000000	0.000000	-0.367000
1024	1	0.000000	0.000000	0.000000	-0.367000
1025	1	0.000000	0.000000	0.000000	-0.367000
1026	0	0.000000	0.000000	0.000000	-0.034000
1027	1	0.000000	0.000000	0.000000	-0.034000
1028	0	0.000000	0.000000	0.000000	-0.034000
1029	1	0.000000	0.001000	0.000000	-0.035000
1030	0	0.000000	0.000000	0.000000	-0.034000
1031	1	0.000000	0.000000	0.000000	-0.034000
1032	0	0.000000	0.333000	0.000000	-0.034000
1033	0	0.000000	0.000000	0.000000	-0.034000
1034	0	0.000000	0.000000	0.000000	-0.034000
1035	1	0.000000	0.000000	0.000000	-0.034000
1036	1	0.000000	0.000000	0.000000	-0.034000
1037	1	0.000000	0.000000	0.000000	-0.034000
1038	1	0.000000	0.000000	0.000000	-0.034000
1039	1	0.000000	0.000000	0.000000	-0.034000
1040	0	0.000000	0.000000	0.000000	-0.034000
1041	0	0.000000	0.000000	0.000000	-0.034000
1042	0	0.000000	0.333000	0.333000	-0.034000
1043	1	0.000000	0.000000	0.000000	-0.034000
1044	0	0.000000	0.000000	0.000000	-0.034000
1045	0	0.000000	0.000000	0.000000	-0.034000
1046	1	0.000000	0.000000	0.000000	-0.034000
1047	0	0.000000	0.000000	0.000000	-0.034000
1048	0	0.000000	0.000000	0.000000	-0.034000
1049	1	0.000000	0.000000	0.000000	-0.034000
1050	1	0.000000	0.000000	0.000000	-0.034000
1051	1	0.000000	0.000000	0.000000	-0.034000
1052	1	0.000000	0.333000	0.000000	-0.367000
1053	0	0.000000	0.000000	0.000000	-0.034000
1054	1	0.000000	0.000000	0.000000	-0.034000
1055	0	0.000000	0.000000	0.000000	-0.034000
1056	1	0.000000	0.000000	0.000000	-0.034000
1057	1	0.000000	0.000000	0.000000	-0.034000
1058	0	0.000000	0.000000	0.000000	-0.034000
1059	0	0.000000	0.000000	0.000000	-0.034000
1060	0	0.000000	0.001000	0.001000	-0.034000
1061	0	0.000000	0.000000	0.000000	-0.034000
1062	0	0.000000	0.333000	0.333000	-0.034000
1063	0	0.000000	0.000000	0.000000	-0.034000
1064	1	0.000000	0.000000	0.000000	-0.034000
1065	1	0.000000	0.000000	0.000000	-0.034000
1066	1	0.000000	0.000000	0.000000	-0.034000
1067	1	0.000000	0.000000	0.000000	-0.034000
1068	0	0.000000	0.000000	0.000000	-0.034000
1069	1	0.000000	0.000000	0.000000	-0.034000
1070	1	0.000000	0.000000	0.000000	-0.034000
1071	1	0.000000	0.000000	0.000000	-0.034000
1072	1	0.000000	0.333000	0.000000	-0.367000
1073	1	0.000000	0.000000	0.000000	-0.367000
1074	1	0.000000	0.000000	0.000000	-0.367000
1075	0	0.000000	0.000000	0.000000	-0.034000
1076	1	0.000000	0.000000	0.000000	-0.034000
1077	1	0.000000	0.000000	0.000000	-0.034000
1078	1	0.000000	0.000000	0.000000	-0.034000
1079	1	0.000000	0.000000	0.000000	-0.034000
1080	1	0.000000	0.000000	0.000000	-0.034000
1081	0	0.000000	0.000000	0.000000	-0.034000
1082	1	0.000000	0.333000	0.000000	-0.367000
1083	0	0.000000	0.000000	0.000000	-0.034000
1084	0	0.000000	0.000000	0.000000	-0.034000
1085	0	0.000000	0.000000	0.000000	-0.034000
1086	0	0.000000	0.000000	0.000000	-0.034000
1087	1	0.000000	0.000000	0.000000	-0.034000
1088	0	0.000000	0.000000	0.000000	-0.034000
1089	1	0.000000	0.000000	0.000000	-0.034000
1090	1	0.000000	0.001000	0.000000	-0.035000
1091	0	0.000000	0.000000	0.000000	-0.034000
1092	1	0.000000	0.333000	0.000000	-0.367000
1093	0	0.000000	0.000000	0.000000	-0.034000
1094	1	0.000000	0.000000	0.000000	-0.034000
1095	0	0.000000	0.000000	0.000000	-0.034000
1096	1	0.000000	0.000000	0.000000	-0.034000
1097	0	0.000000	0.000000	0.000000	-0.034000
1098	0	0.000000	0.000000	0.000000	-0.034000
1099	1	0.000000	0.000000	0.000000	-0.034000
1100	1	0.000000	0.000000	0.000000	-0.034000
1101	0	0.000000	0.000000	0.000000	-0.034000
1102	0	0.000000	0.000000	0.000000	-0.034000
1103	1	0.000000	0.366000	0.000000	-0.400000
1104	1	0.000000	0.000000	0.000000	-0.400000
1105	0	0.000000	0.000000	0.000000	-0.034000
1106	0	0.000000	0.000000	0.000000	-0.034000
1107	1	0.000000	0.000000	0.000000	-0.034000
1108	0	0.000000	0.000000	0.000000	-0.034000
1109	1	0.000000	0.001000	0.000000	-0.035000
1110	1	0.000000	0.000000	0.000000	-0.035000
1111	1	0.000000	0.000000	0.000000	-0.035000
1112	0	0.000000	0.000000	0.000000	-0.034000
1113	1	0.000000	0.000000	0.000000	-0.034000
1114	0	0.000000	0.366000	0.000000	-0.034000
1115	0	0.000000	0.000000	0.000000	-0.034000
1116	1	0.000000	0.000000	0.000000	-0.034000
1117	1	0.000000	0.000000	0.000000	-0.034000
1118	0	0.000000	0.000000	0.000000	-0.034000
1119	0	0.000000	0.000000	0.000000	-0.034000
1120	0	0.000000	0.000000	0.000000	-0.034000
1121	0	0.000000	0.000000	0.000000	-0.034000
1122	0	0.000000	0.000000	0.000000	-0.034000
1123	1	0.000000	0.000000	0.000000	-0.034000
1124	0	0.000000	0.000000	0.000000	-0.034000
1125	0	0.000000	0.367000	0.367000	-0.034000
1126	0	0.000000	0.000000	0.000000	-0.034000
1127	0	0.000000	0.000000	0.000000	-0.034000
1128	0	0.000000	0.000000	0.000000	-0.034000
1129	1	0.000000	0.000000	0.000000	-0.034000
1130	0	0.000000	0.000000	0.000000	-0.034000
1131	1	0.000000	0.000000	0.000000	-0.034000
1132	1	0.000000	0.000000	0.000000	-0.034000
1133	1	0.000000	0.000000	0.000000	-0.034000
1134	0	0.000000	0.000000	0.000000	-0.034000
1135	1	0.000000	0.000000	0.000000	-0.034000
1136	1	0.000000	0.366000	0.000000	-0.400000
1137	0	0.000000	0.000000	0.000000	-0.034000
1138	1	0.000000	0.000000	0.000000	-0.034000
1139	1	0.000000	0.000000	0.000000	-0.034000
1140	1	0.000000	0.000000	0.000000	-0.034000
1141	0	0.000000	0.000000	0.000000	-0.034000
1142	1	0.000000	0.001000	0.000000	-0.035000
1143	0	0.000000	0.000000	0.000000	-0.034000
1144	1	0.000000	0.000000	0.000000	-0.034000
1145	0	0.000000	0.000000	0.000000	-0.034000
1146	1	0.000000	0.000000	0.000000	-0.034000
1147	1	0.000000	0.366000	0.000000	-0.400000
1148	1	0.000000	0.000000	0.000000	-0.400000
1149	0	0.000000	0.000000	0.000000	-0.034000
1150	0	0.000000	0.000000	0.000000	-0.034000
1151	1	0.000000	0.000000	0.000000	-0.034000
1152	0	0.000000	0.000000	0.000000	-0.034000
1153	1	0.000000	0.000000	0.000000	-0.034000
1154	0	0.000000	0.000000	0.000000	-0.034000
1155	1	0.000000	0.000000	0.000000	-0.034000
1156	1	0.000000	0.000000	0.000000	-0.034000
1157	0	0.000000	0.000000	0.000000	-0.034000
1158	0	0.000000	0.367000	0.367000	-0.034000
1159	1	0.000000	0.000000	0.000000	-0.034000
1160	0	0.000000	0.000000	0.000000	-0.034000
1161	0	0.000000	0.000000	0.000000	-0.034000
1162	1	0.000000	0.000000	0.000000	-0.034000
1163	0	0.000000	0.000000	0.000000	-0.034000
1164	0	0.000000	0.000000	0.000000	-0.034000
1165	1	0.000000	0.000000	0.000000	-0.034000
1166	1	0.000000	0.000000	0.000000	-0.034000
1167	0	0.000000	0.000000	0.000000	-0.034000
1168	1	0.000000	0.000000	0.000000	-0.034000
1169	1	0.000000	0.366000	0.000000	-0.400000
1170	1	0.000000	0.000000	0.000000	-0.400000
1171	0	0.000000	0.000000	0.000000	-0.034000
1172	0	0.000000	0.000000	0.000000	-0.034000
1173	0	0.000000	0.000000	0.000000	-0.034000
1174	1	0.000000	0.000000	0.000000	-0.034000
1175	0	0.000000	0.001000	0.000000	-0.034000
1176	1	0.000000	0.000000	0.000000	-0.034000
1177	1	0.000000	0.000000	0.000000	-0.034000
1178	1	0.000000	0.000000	0.000000	-0.034000
1179	1	0.000000	0.000000	0.000000	-0.034000
1180	1	0.000000	0.366000	0.000000	-0.400000
1181	1	0.000000	0.000000	0.000000	-0.400000
1182	0	0.000000	0.000000	0.000000	-0.034000
1183	1	0.000000	0.000000	0.000000	-0.034000
1184	1	0.000000	0.000000	0.000000	-0.034000
1185	0	0.000000	0.000000	0.000000	-0.034000
1186	1	0.000000	0.000000	0.000000	-0.034000
1187	1	0.000000	0.000000	0.000000	-0.034000
1188	0	0.000000	0.000000	0.000000	-0.034000
1189	1	0.000000	0.000000	0.000000	-0.034000
1190	1	0.000000	0.000000	0.000000	-0.034000
1191	0	0.000000	0.367000	0.000000	-0.034000
1192	1	0.000000	0.000000	0.000000	-0.034000
1193	0	0.000000	0.000000	0.000000	-0.034000
1194	0	0.000000	0.000000	0.000000	-0.034000
1195	0	0.000000	0.000000	0.000000	-0.034000
1196	0	0.000000	0.000000	0.000000	-0.034000
1197	1	0.000000	0.000000	0.000000	-0.034000
1198	1	0.000000	0.000000	0.000000	-0.034000
1199	0	0.000000	0.000000	0.000000	-0.034000
1200	1	0.000000	0.000000	0.000000	-0.034000
1201	0	0.000000	0.000000	0.000000	-0.034000
1202	1	0.000000	0.000000	0.000000	-0.034000
1203	1	0.000000	0.400000	0.000000	-0.434000
1204	0	0.000000	0.000000	0.000000	-0.034000
1205	0	0.000000	0.000000	0.000000	-0.034000
1206	1	0.000000	0.000000	0.000000	-0.034000
1207	0	0.000000	0.000000	0.000000	-0.034000
1208	1	0.000000	0.000000	0.000000	-0.034000
1209	1	0.000000	0.000000	0.000000	-0.034000
1210	1	0.000000	0.000000	0.000000	-0.034000
1211	1	0.000000	0.000000	0.000000	-0.034000
1212	0	0.000000	0.000000	0.000000	-0.034000
1213	1	0.000000	0.000000	0.000000	-0.034000
1214	0	0.000000	0.000000	0.000000	-0.034000
1215	0	0.000000	0.400000	0.400000	-0.034000
1216	0	0.000000	0.000000	0.000000	-0.034000
1217	1	0.000000	0.000000	0.000000	-0.034000
1218	1	0.000000	0.000000	0.000000	-0.034000
1219	1	0.000000	0.000000	0.000000	-0.034000
1220	1	0.000000	0.000000	0.000000	-0.034000
1221	0	0.000000	0.000000	0.000000	-0.034000
1222	0	0.000000	0.000000	0.000000	-0.034000
1223	1	0.000000	0.000000	0.000000	-0.034000
1224	0	0.000000	0.000000	0.000000	-0.034000
1225	0	0.000000	0.000000	0.000000	-0.034000
1226	1	0.000000	0.000000	0.000000	-0.034000
1227	0	0.000000	0.400000	0.000000	-0.034000
1228	0	0.000000	0.000000	0.000000	-0.034000
1229	1	0.000000	0.000000	0.000000	-0.034000
1230	0	0.000000	0.000000	0.000000	-0.034000
1231	0	0.000000	0.000000	0.000000	-0.034000
1232	1	0.000000	0.000000	0.000000	-0.034000
1233	0	0.000000	0.000000	0.000000	-0.034000
1234	1	0.000000	0.000000	0.000000	-0.034000
1235	0	0.000000	0.000000	0.000000	-0.034000
1236	1	0.000000	0.000000	0.000000	-0.034000
1237	1	0.000000	0.000000	0.000000	-0.034000
1238	1	0.000000	0.000000	0.000000	-0.034000
1239	1	0.000000	0.400000	0.000000	-0.434000
1240	0	0.000000	0.000000	0.000000	-0.034000
1241	0	0.000000	0.000000	0.000000	-0.034000
1242	0	0.000000	0.000000	0.000000	-0.034000
1243	1	0.000000	0.000000	0.000000	-0.034000
1244	1	0.000000	0.000000	0.000000	-0.034000
1245	0	0.000000	0.000000	0.000000	-0.034000
1246	1	0.000000	0.000000	0.000000	-0.034000
1247	1	0.000000	0.000000	0.000000	-0.034000
1248	1	0.000000	0.000000	0.000000	-0.034000
1249	0	0.000000	0.000000	0.000000	-0.034000
1250	0	0.000000	0.000000	0.000000	-0.034000
1251	0	0.000000	0.400000	0.400000	-0.034000
1252	1	0.000000	0.000000	0.000000	-0.034000
1253	1	0.000000	0.000000	0.000000	-0.034000
1254	0	0.000000	0.000000	0.000000	-0.034000
1255	1	0.000000	0.000000	0.000000	-0.034000
1256	1	0.000000	0.000000	0.000000	-0.034000
1257	0	0.000000	0.000000	0.000000	-0.034000
1258	1	0.000000	0.000000	0.000000	-0.034000
1259	1	0.000000	0.000000	0.000000	-0.034000
1260	1	0.000000	0.000000	0.000000	-0.034000
1261	1	0.000000	0.000000	0.000000	-0.034000
1262	0	0.000000	0.000000	0.000000	-0.034000
1263	0	0.000000	0.400000	0.400000	-0.034000
1264	1	0.000000	0.000000	0.000000	-0.034000
1265	0	0.000000	0.000000	0.000000	-0.034000
1266	1	0.000000	0.000000	0.000000	-0.034000
1267	0	0.000000	0.000000	0.000000	-0.034000
1268	1	0.000000	0.000000	0.000000	-0.034000
1269	1	0.000000	0.000000	0.000000	-0.034000
1270	1	0.000000	0.000000	0.000000	-0.034000
1271	1	0.000000	0.000000	0.000000	-0.034000
1272	1	0.000000	0.000000	0.000000	-0.034000
1273	1	0.000000	0.000000	0.000000	-0.034000
1274	1	0.000000	0.000000	0.000000	-0.034000
1275	1	0.000000	0.400000	0.000000	-0.434000
1276	1	0.000000	0.000000	0.000000	-0.434000
1277	1	0.000000	0.000000	0.000000	-0.434000
1278	0	0.000000	0.000000	0.000000	-0.034000
1279	0	0.000000	0.000000	0.000000	-0.034000
1280	0	0.000000	0.000000	0.000000	-0.034000
1281	1	0.000000	0.000000	0.000000	-0.034000
1282	1	0.000000	0.000000	0.000000	-0.034000
1283	1	0.000000	0.000000	0.000000	-0.034000
1284	1	0.000000	0.000000	0.000000	-0.034000
1285	0	0.000000	0.000000	0.000000	-0.034000
1286	0	0.000000	0.000000	0.000000	-0.034000
1287	1	0.000000	0.400000	0.000000	-0.434000
1288	1	0.000000	0.000000	0.000000	-0.434000
1289	1	0.000000	0.000000	0.000000	-0.434000
1290	0	0.000000	0.000000	0.000000	-0.034000
1291	1	0.000000	0.000000	0.000000	-0.034000
1292	1	0.000000	0.000000	0.000000	-0.034000
1293	0	0.000000	0.000000	0.000000	-0.034000
1294	1	0.000000	0.000000	0.000000	-0.034000
1295	0	0.000000	0.000000	0.000000	-0.034000
1296	0	0.000000	0.000000	0.000000	-0.034000
1297	0	0.000000	0.000000	0.000000	-0.034000
1298	0	0.000000	0.000000	0.000000	-0.034000
1299	0	0.000000	0.400000	0.400000	-0.034000
1300	0	0.000000	0.000000	0.000000	-0.034000
1301	0	0.000000	0.000000	0.000000	-0.034000
1302	0	0.000000	0.000000	0.000000	-0.034000
1303	0	0.000000	0.000000	0.000000	-0.034000
1304	1	0.000000	0.000000	0.000000	-0.034000
1305	1	0.000000	0.000000	0.000000	-0.034000
1306	1	0.000000	0.000000	0.000000	-0.034000
1307	0	0.000000	0.000000	0.000000	-0.034000
1308	0	0.000000	0.000000	0.000000	-0.034000
1309	0	0.000000	0.000000	0.000000	-0.034000
1310	1	0.000000	0.000000	0.000000	-0.034000
1311	0	0.000000	0.000000	0.000000	-0.034000
1312	0	0.000000	0.433000	0.433000	-0.034000
1313	0	0.000000	0.000000	0.000000	-0.034000
1314	0	0.000000	0.000000	0.000000	-0.034000
1315	1	0.000000	0.000000	0.000000	-0.034000
1316	0	0.000000	0.000000	0.000000	-0.034000
1317	1	0.000000	0.000000	0.000000	-0.034000
1318	1	0.000000	0.000000	0.000000	-0.034000
1319	0	0.000000	0.000000	0.000000	-0.034000
1320	1	0.000000	0.000000	0.000000	-0.034000
1321	0	0.000000	0.000000	0.000000	-0.034000
1322	0	0.000000	0.000000	0.000000	-0.034000
1323	1	0.000000	0.000000	0.000000	-0.034000
1324	0	0.000000	0.000000	0.000000	-0.034000
1325	1	0.000000	0.433000	0.000000	-0.467000
1326	1	0.000000	0.000000	0.000000	-0.467000
1327	1	0.000000	0.000000	0.000000	-0.467000
1328	0	0.000000	0.000000	0.000000	-0.034000
1329	1	0.000000	0.000000	0.000000	-0.034000
1330	0	0.000000	0.000000	0.000000	-0.034000
1331	0	0.000000	0.000000	0.000000	-0.034000
1332	0	0.000000	0.000000	0.000000	-0.034000
1333	0	0.000000	0.000000	0.000000	-0.034000
1334	0	0.000000	0.000000	0.000000	-0.034000
1335	0	0.000000	0.001000	0.001000	-0.034000
1336	1	0.000000	0.000000	0.000000	-0.034000
1337	1	0.000000	0.000000	0.000000	-0.034000
1338	1	0.000000	0.433000	0.000000	-0.467000
1339	1	0.000000	0.000000	0.000000	-0.467000
1340	1	0.000000	0.000000	0.000000	-0.467000
1341	1	0.000000	0.000000	0.000000	-0.467000
1342	0	0.000000	0.000000	0.000000	-0.034000
1343	1	0.000000	0.000000	0.000000	-0.034000
1344	0	0.000000	0.000000	0.000000	-0.034000
1345	0	0.000000	0.000000	0.000000	-0.034000
1346	0	0.000000	0.000000	0.000000	-0.034000
1347	1	0.000000	0.000000	0.000000	-0.034000
1348	0	0.000000	0.000000	0.000000	-0.034000
1349	1	0.000000	0.000000	0.000000	-0.034000
1350	1	0.000000	0.000000	0.000000	-0.034000
1351	1	0.000000	0.433000	0.000000	-0.467000
1352	0	0.000000	0.000000	0.000000	-0.034000
1353	1	0.000000	0.000000	0.000000	-0.034000
1354	1	0.000000	0.000000	0.000000	-0.034000
1355	0	0.000000	0.000000	0.000000	-0.034000
1356	1	0.000000	0.000000	0.000000	-0.034000
1357	1	0.000000	0.000000	0.000000	-0.034000
1358	0	0.000000	0.000000	0.000000	-0.034000
1359	1	0.000000	0.000000	0.000000	-0.034000
1360	1	0.000000	0.000000	0.000000	-0.034000
1361	0	0.000000	0.000000	0.000000	-0.034000
1362	1	0.000000	0.000000	0.000000	-0.034000
1363	0	0.000000	0.000000	0.000000	-0.034000
1364	0	0.000000	0.433000	0.433000	-0.034000
1365	1	0.000000	0.000000	0.000000	-0.034000
1366	0	0.000000	0.000000	0.000000	-0.034000
1367	0	0.000000	0.000000	0.000000	-0.034000
1368	0	0.000000	0.000000	0.000000	-0.034000
1369	0	0.000000	0.000000	0.000000	-0.034000
1370	0	0.000000	0.000000	0.000000	-0.034000
1371	1	0.000000	0.001000	0.000000	-0.035000
1372	0	0.000000	0.000000	0.000000	-0.034000
1373	0	0.000000	0.000000	0.000000	-0.034000
1374	0	0.000000	0.000000	0.000000	-0.034000
1375	0	0.000000	0.000000	0.000000	-0.034000
1376	0	0.000000	0.000000	0.000000	-0.034000
1377	1	0.000000	0.433000	0.000000	-0.467000
1378	1	0.000000	0.000000	0.000000	-0.467000
1379	1	0.000000	0.000000	0.000000	-0.467000
1380	1	0.000000	0.000000	0.000000	-0.467000
1381	1	0.000000	0.000000	0.000000	-0.467000
1382	1	0.000000	0.000000	0.000000	-0.467000
1383	0	0.000000	0.000000	0.000000	-0.034000
1384	1	0.000000	0.000000	0.000000	-0.034000
1385	1	0.000000	0.000000	0.000000	-0.034000
1386	0	0.000000	0.000000	0.000000	-0.034000
1387	0	0.000000	0.000000	0.000000	-0.034000
1388	1	0.000000	0.000000	0.000000	-0.034000
1389	0	0.000000	0.000000	0.000000	-0.034000
1390	0	0.000000	0.433000	0.433000	-0.034000
1391	0	0.000000	0.000000	0.000000	-0.034000
1392	0	0.000000	0.000000	0.000000	-0.034000
1393	0	0.000000	0.000000	0.000000	-0.034000
1394	0	0.000000	0.000000	0.000000	-0.034000
1395	1	0.000000	0.000000	0.000000	-0.034000
1396	0	0.000000	0.000000	0.000000	-0.034000
1397	1	0.000000	0.000000	0.000000	-0.034000
1398	0	0.000000	0.000000	0.000000	-0.034000
1399	1	0.000000	0.000000	0.000000	-0.034000
1400	0	0.000000	0.000000	0.000000	-0.034000
1401	0	0.000000	0.000000	0.000000	-0.034000
1402	0	0.000000	0.000000	0.000000	-0.034000
1403	0	0.000000	0.000000	0.000000	-0.034000
1404	1	0.000000	0.467000	0.000000	-0.501000
1405	0	0.000000	0.000000	0.000000	-0.034000
1406	0	0.000000	0.000000	0.000000	-0.034000
1407	0	0.000000	0.000000	0.000000	-0.034000
1408	0	0.000000	0.000000	0.000000	-0.034000
1409	0	0.000000	0.000000	0.000000	-0.034000
1410	0	0.000000	0.000000	0.000000	-0.034000
1411	1	0.000000	0.000000	0.000000	-0.034000
1412	0	0.000000	0.000000	0.000000	-0.034000
1413	0	0.000000	0.000000	0.000000	-0.034000
1414	1	0.000000	0.000000	0.000000	-0.034000
1415	1	0.000000	0.000000	0.000000	-0.034000
1416	0	0.000000	0.000000	0.000000	-0.034000
1417	0	0.000000	0.000000	0.000000	-0.034000
1418	1	0.000000	0.466000	0.000000	-0.500000
1419	1	0.000000	0.000000	0.000000	-0.500000
1420	1	0.000000	0.000000	0.000000	-0.500000
1421	0	0.000000	0.000000	0.000000	-0.034000
1422	1	0.000000	0.000000	0.000000	-0.034000
1423	1	0.000000	0.000000	0.000000	-0.034000
1424	0	0.000000	0.000000	0.000000	-0.034000
1425	1	0.000000	0.000000	0.000000	-0.034000
1426	0	0.000000	0.000000	0.000000	-0.034000
1427	0	0.000000	0.001000	0.001000	-0.034000
1428	0	0.000000	0.000000	0.000000	-0.034000
1429	0	0.000000	0.000000	0.000000	-0.034000
1430	1	0.000000	0.000000	0.000000	-0.034000
1431	0	0.000000	0.000000	0.000000	-0.034000
1432	1	0.000000	0.466000	0.000000	-0.500000
1433	1	0.000000	0.000000	0.000000	-0.500000
1434	0	0.000000	0.000000	0.000000	-0.034000
1435	0	0.000000	0.000000	0.000000	-0.034000
1436	1	0.000000	0.000000	0.000000	-0.034000
1437	0	0.000000	0.000000	0.000000	-0.034000
1438	0	0.000000	0.000000	0.000000	-0.034000
1439	0	0.000000	0.000000	0.000000	-0.034000
1440	1	0.000000	0.000000	0.000000	-0.034000
1441	0	0.000000	0.000000	0.000000	-0.034000
1442	1	0.000000	0.000000	0.000000	-0.034000
1443	0	0.000000	0.000000	0.000000	-0.034000
1444	0	0.000000	0.000000	0.000000	-0.034000
1445	0	0.000000	0.000000	0.000000	-0.034000
1446	0	0.000000	0.467000	0.467000	-0.034000
1447	1	0.000000	0.000000	0.000000	-0.034000
1448	0	0.000000	0.000000	0.000000	-0.034000
1449	0	0.000000	0.000000	0.000000	-0.034000
1450	0	0.000000	0.000000	0.000000	-0.034000
1451	0	0.000000	0.000000	0.000000	-0.034000
1452	0	0.000000	0.000000	0.000000	-0.034000
1453	0	0.000000	0.000000	0.000000	-0.034000
1454	1	0.000000	0.000000	0.000000	-0.034000
1455	1	0.000000	0.000000	0.000000	-0.034000
1456	0	0.000000	0.000000	0.000000	-0.034000
1457	1	0.000000	0.000000	0.000000	-0.034000
1458	0	0.000000	0.000000	0.000000	-0.034000
1459	0	0.000000	0.000000	0.000000	-0.034000
1460	0	0.000000	0.469000	0.469000	-0.034000
1461	0	0.000000	0.000000	0.000000	-0.034000
1462	1	0.000000	0.000000	0.000000	-0.034000
1463	0	0.000000	0.000000	0.000000	-0.034000
1464	0	0.000000	0.000000	0.000000	-0.034000
1465	0	0.000000	0.000000	0.000000	-0.034000
1466	1	0.000000	0.000000	0.000000	-0.034000
1467	0	0.000000	0.000000	0.000000	-0.034000
1468	1	0.000000	0.000000	0.000000	-0.034000
1469	0	0.000000	0.000000	0.000000	-0.034000
1470	1	0.000000	0.000000	0.000000	-0.034000
1471	0	0.000000	0.000000	0.000000	-0.034000
1472	1	0.000000	0.000000	0.000000	-0.034000
1473	0	0.000000	0.000000	0.000000	-0.034000
1474	0	0.000000	0.464000	0.464000	-0.034000
1475	0	0.000000	0.000000	0.000000	-0.034000
1476	1	0.000000	0.000000	0.000000	-0.034000
1477	0	0.000000	0.000000	0.000000	-0.034000
1478	0	0.000000	0.000000	0.000000	-0.034000
1479	0	0.000000	0.000000	0.000000	-0.034000
1480	0	0.000000	0.000000	0.000000	-0.034000
1481	1	0.000000	0.000000	0.000000	-0.034000
1482	1	0.000000	0.000000	0.000000	-0.034000
1483	0	0.000000	0.000000	0.000000	-0.034000
1484	1	0.000000	0.000000	0.000000	-0.034000
1485	0	0.000000	0.000000	0.000000	-0.034000
1486	0	0.000000	0.000000	0.000000	-0.034000
1487	0	0.000000	0.000000	0.000000	-0.034000
1488	1	0.000000	0.467000	0.000000	-0.501000
1489	0	0.000000	0.000000	0.000000	-0.034000
1490	0	0.000000	0.000000	0.000000	-0.034000
1491	1	0.000000	0.000000	0.000000	-0.034000
1492	1	0.000000	0.000000	0.000000	-0.034000
1493	1	0.000000	0.000000	0.000000	-0.034000
1494	0	0.000000	0.000000	0.000000	-0.034000
1495	0	0.000000	0.000000	0.000000	-0.034000
1496	0	0.000000	0.000000	0.000000	-0.034000
1497	0	0.000000	0.000000	0.000000	-0.034000
1498	0	0.000000	0.000000	0.000000	-0.034000
1499	0	0.000000	0.000000	0.000000	-0.034000
1500	0	0.000000	0.000000	0.000000	-0.034000
1501	1	0.000000	0.000000	0.000000	-0.034000
1502	0	0.000000	0.000000	0.000000	-0.034000
1503	1	0.000000	0.500000	0.000000	-0.534000
1504	0	0.000000	0.000000	0.000000	-0.034000
1505	0	0.000000	0.000000	0.000000	-0.034000
1506	0	0.000000	0.000000	0.000000	-0.034000
1507	1	0.000000	0.000000	0.000000	-0.034000
1508	0	0.000000	0.000000	0.000000	-0.034000
1509	1	0.000000	0.000000	0.000000	-0.034000
1510	1	0.000000	0.000000	0.000000	-0.034000
1511	1	0.000000	0.000000	0.000000	-0.034000
1512	1	0.000000	0.000000	0.000000	-0.034000
1513	0	0.000000	0.000000	0.000000	-0.034000
1514	1	0.000000	0.000000	0.000000	-0.034000
1515	0	0.000000	0.000000	0.000000	-0.034000
1516	0	0.000000	0.000000	0.000000	-0.034000
1517	0	0.000000	0.000000	0.000000	-0.034000
1518	1	0.000000	0.500000	0.000000	-0.534000
1519	0	0.000000	0.000000	0.000000	-0.034000
1520	0	0.000000	0.000000	0.000000	-0.034000
1521	0	0.000000	0.000000	0.000000	-0.034000
1522	1	0.000000	0.000000	0.000000	-0.034000
1523	1	0.000000	0.000000	0.000000	-0.034000
1524	0	0.000000	0.000000	0.000000	-0.034000
1525	0	0.000000	0.000000	0.000000	-0.034000
1526	1	0.000000	0.000000	0.000000	-0.034000
1527	1	0.000000	0.000000	0.000000	-0.034000
1528	0	0.000000	0.000000	0.000000	-0.034000
1529	0	0.000000	0.000000	0.000000	-0.034000
1530	0	0.000000	0.000000	0.000000	-0.034000
1531	0	0.000000	0.000000	0.000000	-0.034000
1532	0	0.000000	0.000000	0.000000	-0.034000
1533	0	0.000000	0.500000	0.500000	-0.034000
1534	0	0.000000	0.000000	0.000000	-0.034000
1535	0	0.000000	0.000000	0.000000	-0.034000
1536	0	0.000000	0.000000	0.000000	-0.034000
1537	1	0.000000	0.000000	0.000000	-0.034000
1538	1	0.000000	0.000000	0.000000	-0.034000
1539	0	0.000000	0.000000	0.000000	-0.034000
1540	1	0.000000	0.000000	0.000000	-0.034000
1541	0	0.000000	0.000000	0.000000	-0.034000
1542	0	0.000000	0.000000	0.000000	-0.034000
1543	1	0.000000	0.000000	0.000000	-0.034000
1544	0	0.000000	0.000000	0.000000	-0.034000
1545	0	0.000000	0.000000	0.000000	-0.034000
1546	0	0.000000	0.000000	0.000000	-0.034000
1547	0	0.000000	0.000000	0.000000	-0.034000
1548	1	0.000000	0.500000	0.000000	-0.534000
1549	0	0.000000	0.000000	0.000000	-0.034000
1550	1	0.000000	0.000000	0.000000	-0.034000
1551	1	0.000000	0.000000	0.000000	-0.034000
1552	1	0.000000	0.000000	0.000000	-0.034000
1553	0	0.000000	0.000000	0.000000	-0.034000
1554	1	0.000000	0.000000	0.000000	-0.034000
1555	1	0.000000	0.000000	0.000000	-0.034000
1556	1	0.000000	0.000000	0.000000	-0.034000
1557	0	0.000000	0.000000	0.000000	-0.034000
1558	1	0.000000	0.000000	0.000000	-0.034000
1559	1	0.000000	0.000000	0.000000	-0.034000
1560	1	0.000000	0.000000	0.000000	-0.034000
1561	1	0.000000	0.000000	0.000000	-0.034000
1562	1	0.000000	0.000000	0.000000	-0.034000
1563	1	0.000000	0.500000	0.000000	-0.534000
1564	1	0.000000	0.000000	0.000000	-0.534000
1565	0	0.000000	0.000000	0.000000	-0.034000
1566	0	0.000000	0.000000	0.000000	-0.034000
1567	0	0.000000	0.000000	0.000000	-0.034000
1568	1	0.000000	0.000000	0.000000	-0.034000
1569	1	0.000000	0.000000	0.000000	-0.034000
1570	1	0.000000	0.000000	0.000000	-0.034000
1571	1	0.000000	0.000000	0.000000	-0.034000
1572	1	0.000000	0.000000	0.000000	-0.034000
1573	1	0.000000	0.000000	0.000000	-0.034000
1574	1	0.000000	0.000000	0.000000	-0.034000
1575	1	0.000000	0.000000	0.000000	-0.034000
1576	0	0.000000	0.000000	0.000000	-0.034000
1577	0	0.000000	0.000000	0.000000	-0.034000
1578	1	0.000000	0.500000	0.000000	-0.534000
1579	1	0.000000	0.000000	0.000000	-0.534000
1580	1	0.000000	0.000000	0.000000	-0.534000
1581	0	0.000000	0.000000	0.000000	-0.034000
1582	0	0.000000	0.000000	0.000000	-0.034000
1583	0	0.000000	0.000000	0.000000	-0.034000
1584	0	0.000000	0.000000	0.000000	-0.034000
1585	1	0.000000	0.000000	0.000000	-0.034000
1586	1	0.000000	0.000000	0.000000	-0.034000
1587	1	0.000000	0.000000	0.000000	-0.034000
1588	1	0.000000	0.000000	0.000000	-0.034000
1589	1	0.000000	0.000000	0.000000	-0.034000
1590	1	0.000000	0.000000	0.000000	-0.034000
1591	0	0.000000	0.000000	0.000000	-0.034000
1592	1	0.000000	0.000000	0.000000	-0.034000
1593	0	0.000000	0.500000	0.000000	-0.034000
1594	1	0.000000	0.000000	0.000000	-0.034000
1595	0	0.000000	0.000000	0.000000	-0.034000
1596	1	0.000000	0.000000	0.000000	-0.034000
1597	0	0.000000	0.000000	0.000000	-0.034000
1598	0	0.000000	0.000000	0.000000	-0.034000
1599	0	0.000000	0.000000	0.000000	-0.034000
1600	0	0.000000	0.000000	0.000000	-0.034000
1601	0	0.000000	0.000000	0.000000	-0.034000
1602	1	0.000000	0.000000	0.000000	-0.034000
1603	1	0.000000	0.000000	0.000000	-0.034000
1604	1	0.000000	0.000000	0.000000	-0.034000
1605	1	0.000000	0.000000	0.000000	-0.034000
1606	0	0.000000	0.000000	0.000000	-0.034000
1607	0	0.000000	0.000000	0.000000	-0.034000
1608	1	0.000000	0.000000	0.000000	-0.034000
1609	0	0.000000	0.533000	0.000000	-0.034000
1610	1	0.000000	0.000000	0.000000	-0.034000
1611	0	0.000000	0.000000	0.000000	-0.034000
1612	1	0.000000	0.000000	0.000000	-0.034000
1613	1	0.000000	0.000000	0.000000	-0.034000
1614	0	0.000000	0.000000	0.000000	-0.034000
1615	1	0.000000	0.000000	0.000000	-0.034000
1616	1	0.000000	0.000000	0.000000	-0.034000
1617	0	0.000000	0.000000	0.000000	-0.034000
1618	1	0.000000	0.000000	0.000000	-0.034000
1619	1	0.000000	0.000000	0.000000	-0.034000
1620	0	0.000000	0.000000	0.000000	-0.034000
1621	0	0.000000	0.000000	0.000000	-0.034000
1622	1	0.000000	0.000000	0.000000	-0.034000
1623	1	0.000000	0.000000	0.000000	-0.034000
1624	1	0.000000	0.000000	0.000000	-0.034000
1625	1	0.000000	0.533000	0.000000	-0.567000
1626	1	0.000000	0.000000	0.000000	-0.567000
1627	0	0.000000	0.000000	0.000000	-0.034000
1628	1	0.000000	0.001000	0.000000	-0.035000
1629	0	0.000000	0.000000	0.000000	-0.034000
1630	0	0.000000	0.000000	0.000000	-0.034000
1631	0	0.000000	0.000000	0.000000	-0.034000
1632	1	0.000000	0.000000	0.000000	-0.034000
1633	1	0.000000	0.000000	0.000000	-0.034000
1634	0	0.000000	0.000000	0.000000	-0.034000
1635	1	0.000000	0.000000	0.000000	-0.034000
1636	1	0.000000	0.000000	0.000000	-0.034000
1637	1	0.000000	0.000000	0.000000	-0.034000
1638	1	0.000000	0.000000	0.000000	-0.034000
1639	1	0.000000	0.000000	0.000000	-0.034000
1640	0	0.000000	0.000000	0.000000	-0.034000
1641	0	0.000000	0.533000	0.533000	-0.034000
1642	1	0.000000	0.000000	0.000000	-0.034000
1643	1	0.000000	0.000000	0.000000	-0.034000
1644	1	0.000000	0.000000	0.000000	-0.034000
1645	0	0.000000	0.000000	0.000000	-0.034000
1646	0	0.000000	0.000000	0.000000	-0.034000
1647	0	0.000000	0.000000	0.000000	-0.034000
1648	0	0.000000	0.000000	0.000000	-0.034000
1649	0	0.000000	0.000000	0.000000	-0.034000
1650	1	0.000000	0.000000	0.000000	-0.034000
1651	0	0.000000	0.000000	0.000000	-0.034000
1652	0	0.000000	0.000000	0.000000	-0.034000
1653	0	0.000000	0.000000	0.000000	-0.034000
1654	0	0.000000	0.000000	0.000000	-0.034000
1655	0	0.000000	0.000000	0.000000	-0.034000
1656	0	0.000000	0.000000	0.000000	-0.034000
1657	1	0.000000	0.533000	0.000000	-0.567000
1658	1	0.000000	0.000000	0.000000	-0.567000
1659	0	0.000000	0.000000	0.000000	-0.034000
1660	1	0.000000	0.000000	0.000000	-0.034000
1661	0	0.000000	0.000000	0.000000	-0.034000
1662	0	0.000000	0.000000	0.000000	-0.034000
1663	1	0.000000	0.000000	0.000000	-0.034000
1664	1	0.000000	0.000000	0.000000	-0.034000
1665	1	0.000000	0.000000	0.000000	-0.034000
1666	1	0.000000	0.000000	0.000000	-0.034000
1667	0	0.000000	0.000000	0.000000	-0.034000
1668	0	0.000000	0.000000	0.000000	-0.034000
1669	0	0.000000	0.000000	0.000000	-0.034000
1670	0	0.000000	0.000000	0.000000	-0.034000
1671	0	0.000000	0.000000	0.000000	-0.034000
1672	0	0.000000	0.000000	0.000000	-0.034000
1673	1	0.000000	0.533000	0.000000	-0.567000
1674	0	0.000000	0.000000	0.000000	-0.034000
1675	1	0.000000	0.000000	0.000000	-0.034000
1676	0	0.000000	0.000000	0.000000	-0.034000
1677	1	0.000000	0.000000	0.000000	-0.034000
1678	0	0.000000	0.000000	0.000000	-0.034000
1679	0	0.000000	0.000000	0.000000	-0.034000
1680	1	0.000000	0.001000	0.000000	-0.035000
1681	0	0.000000	0.000000	0.000000	-0.034000
1682	0	0.000000	0.000000	0.000000	-0.034000
1683	1	0.000000	0.000000	0.000000	-0.034000
1684	1	0.000000	0.000000	0.000000	-0.034000
1685	1	0.000000	0.000000	0.000000	-0.034000
1686	1	0.000000	0.000000	0.000000	-0.034000
1687	0	0.000000	0.000000	0.000000	-0.034000
1688	1	0.000000	0.000000	0.000000	-0.034000
1689	1	0.000000	0.533000	0.000000	-0.567000
1690	1	0.000000	0.000000	0.000000	-0.567000
1691	0	0.000000	0.000000	0.000000	-0.034000
1692	1	0.000000	0.000000	0.000000	-0.034000
1693	1	0.000000	0.000000	0.000000	-0.034000
1694	0	0.000000	0.000000	0.000000	-0.034000
1695	1	0.000000	0.000000	0.000000	-0.034000
1696	1	0.000000	0.000000	0.000000	-0.034000
1697	0	0.000000	0.000000	0.000000	-0.034000
1698	1	0.000000	0.000000	0.000000	-0.034000
1699	1	0.000000	0.000000	0.000000	-0.034000
1700	0	0.000000	0.000000	0.000000	-0.034000
1701	0	0.000000	0.000000	0.000000	-0.034000
1702	0	0.000000	0.000000	0.000000	-0.034000
1703	0	0.000000	0.000000	0.000000	-0.034000
1704	1	0.000000	0.000000	0.000000	-0.034000
1705	0	0.000000	0.000000	0.000000	-0.034000
1706	0	0.000000	0.566000	0.566000	-0.034000
1707	1	0.000000	0.000000	0.000000	-0.034000
1708	1	0.000000	0.000000	0.000000	-0.034000
1709	0	0.000000	0.000000	0.000000	-0.034000
1710	1	0.000000	0.000000	0.000000	-0.034000
1711	0	0.000000	0.001000	0.000000	-0.034000
1712	1	0.000000	0.000000	0.000000	-0.034000
1713	1	0.000000	0.000000	0.000000	-0.034000
1714	0	0.000000	0.000000	0.000000	-0.034000
1715	0	0.000000	0.000000	0.000000	-0.034000
1716	1	0.000000	0.000000	0.000000	-0.034000
1717	0	0.000000	0.000000	0.000000	-0.034000
1718	1	0.000000	0.000000	0.000000	-0.034000
1719	0	0.000000	0.000000	0.000000	-0.034000
1720	0	0.000000	0.000000	0.000000	-0.034000
1721	0	0.000000	0.000000	0.000000	-0.034000
1722	0	0.000000	0.000000	0.000000	-0.034000
1723	0	0.000000	0.566000	0.566000	-0.034000
1724	0	0.000000	0.000000	0.000000	-0.034000
1725	1	0.000000	0.000000	0.000000	-0.034000
1726	0	0.000000	0.000000	0.000000	-0.034000
1727	1	0.000000	0.000000	0.000000	-0.034000
1728	0	0.000000	0.000000	0.000000	-0.034000
1729	1	0.000000	0.000000	0.000000	-0.034000
1730	1	0.000000	0.000000	0.000000	-0.034000
1731	0	0.000000	0.000000	0.000000	-0.034000
1732	0	0.000000	0.000000	0.000000	-0.034000
1733	0	0.000000	0.000000	0.000000	-0.034000
1734	1	0.000000	0.000000	0.000000	-0.034000
1735	0	0.000000	0.000000	0.000000	-0.034000
1736	1	0.000000	0.000000	0.000000	-0.034000
1737	1	0.000000	0.000000	0.000000	-0.034000
1738	0	0.000000	0.000000	0.000000	-0.034000
1739	1	0.000000	0.000000	0.000000	-0.034000
1740	0	0.000000	0.567000	0.000000	-0.034000
1741	1	0.000000	0.000000	0.000000	-0.034000
1742	0	0.000000	0.000000	0.000000	-0.034000
1743	1	0.000000	0.000000	0.000000	-0.034000
1744	0	0.000000	0.000000	0.000000	-0.034000
1745	0	0.000000	0.000000	0.000000	-0.034000
1746	1	0.000000	0.000000	0.000000	-0.034000
1747	0	0.000000	0.000000	0.000000	-0.034000
1748	0	0.000000	0.000000	0.000000	-0.034000
1749	1	0.000000	0.000000	0.000000	-0.034000
1750	1	0.000000	0.000000	0.000000	-0.034000
1751	1	0.000000	0.000000	0.000000	-0.034000
1752	1	0.000000	0.000000	0.000000	-0.034000
1753	1	0.000000	0.000000	0.000000	-0.034000
1754	1	0.000000	0.000000	0.000000	-0.034000
1755	0	0.000000	0.000000	0.000000	-0.034000
1756	0	0.000000	0.000000	0.000000	-0.034000
1757	0	0.000000	0.566000	0.566000	-0.034000
1758	0	0.000000	0.000000	0.000000	-0.034000
1759	1	0.000000	0.000000	0.000000	-0.034000
1760	0	0.000000	0.000000	0.000000	-0.034000
1761	1	0.000000	0.000000	0.000000	-0.034000
1762	1	0.000000	0.000000	0.000000	-0.034000
1763	0	0.000000	0.000000	0.000000	-0.034000
1764	0	0.000000	0.001000	0.001000	-0.034000
1765	1	0.000000	0.000000	0.000000	-0.034000
1766	0	0.000000	0.000000	0.000000	-0.034000
1767	1	0.000000	0.000000	0.000000	-0.034000
1768	0	0.000000	0.000000	0.000000	-0.034000
1769	0	0.000000	0.000000	0.000000	-0.034000
1770	1	0.000000	0.000000	0.000000	-0.034000
1771	1	0.000000	0.000000	0.000000	-0.034000
1772	1	0.000000	0.000000	0.000000	-0.034000
1773	0	0.000000	0.000000	0.000000	-0.034000
1774	0	0.000000	0.566000	0.566000	-0.034000
1775	1	0.000000	0.000000	0.000000	-0.034000
1776	0	0.000000	0.000000	0.000000	-0.034000
1777	1	0.000000	0.000000	0.000000	-0.034000
1778	1	0.000000	0.000000	0.000000	-0.034000
1779	1	0.000000	0.000000	0.000000	-0.034000
1780	0	0.000000	0.000000	0.000000	-0.034000
1781	1	0.000000	0.000000	0.000000	-0.034000
1782	0	0.000000	0.000000	0.000000	-0.034000
1783	1	0.000000	0.000000	0.000000	-0.034000
1784	0	0.000000	0.000000	0.000000	-0.034000
1785	1	0.000000	0.000000	0.000000	-0.034000
1786	0	0.000000	0.000000	0.000000	-0.034000
1787	1	0.000000	0.000000	0.000000	-0.034000
1788	1	0.000000	0.000000	0.000000	-0.034000
1789	1	0.000000	0.000000	0.000000	-0.034000
1790	1	0.000000	0.000000	0.000000	-0.034000
1791	0	0.000000	0.567000	0.000000	-0.034000
1792	0	0.000000	0.000000	0.000000	-0.034000
1793	0	0.000000	0.000000	0.000000	-0.034000
1794	1	0.000000	0.000000	0.000000	-0.034000
1795	0	0.000000	0.000000	0.000000	-0.034000
1796	0	0.000000	0.000000	0.000000	-0.034000
1797	1	0.000000	0.000000	0.000000	-0.034000
1798	1	0.000000	0.000000	0.000000	-0.034000
1799	1	0.000000	0.000000	0.000000	-0.034000
1800	1	0.000000	0.000000	0.000000	-0.034000
1801	0	0.000000	0.000000	0.000000	-0.034000
1802	1	0.000000	0.000000	0.000000	-0.034000
1803	0	0.000000	0.000000	0.000000	-0.034000
1804	1	0.000000	0.000000	0.000000	-0.034000
1805	0	0.000000	0.000000	0.000000	-0.034000
1806	0	0.000000	0.000000	0.000000	-0.034000
1807	1	0.000000	0.000000	0.000000	-0.034000
1808	1	0.000000	0.000000	0.000000	-0.034000
1809	1	0.000000	0.600000	0.000000	-0.634000
1810	0	0.000000	0.000000	0.000000	-0.034000
1811	1	0.000000	0.000000	0.000000	-0.034000
1812	1	0.000000	0.000000	0.000000	-0.034000
1813	1	0.000000	0.000000	0.000000	-0.034000
1814	0	0.000000	0.000000	0.000000	-0.034000
1815	1	0.000000	0.000000	0.000000	-0.034000
1816	1	0.000000	0.000000	0.000000	-0.034000
1817	1	0.000000	0.000000	0.000000	-0.034000
1818	1	0.000000	0.000000	0.000000	-0.034000
1819	0	0.000000	0.000000	0.000000	-0.034000
1820	0	0.000000	0.000000	0.000000	-0.034000
1821	1	0.000000	0.000000	0.000000	-0.034000
1822	1	0.000000	0.000000	0.000000	-0.034000
1823	0	0.000000	0.000000	0.000000	-0.034000
1824	1	0.000000	0.000000	0.000000	-0.034000
1825	0	0.000000	0.000000	0.000000	-0.034000
1826	1	0.000000	0.000000	0.000000	-0.034000
1827	1	0.000000	0.600000	0.000000	-0.634000
1828	1	0.000000	0.000000	0.000000	-0.634000
1829	0	0.000000	0.000000	0.000000	-0.034000
1830	1	0.000000	0.000000	0.000000	-0.034000
1831	1	0.000000	0.000000	0.000000	-0.034000
1832	1	0.000000	0.000000	0.000000	-0.034000
1833	0	0.000000	0.000000	0.000000	-0.034000
1834	1	0.000000	0.000000	0.000000	-0.034000
1835	1	0.000000	0.000000	0.000000	-0.034000
1836	1	0.000000	0.000000	0.000000	-0.034000
1837	0	0.000000	0.000000	0.000000	-0.034000
1838	1	0.000000	0.000000	0.000000	-0.034000
1839	1	0.000000	0.000000	0.000000	-0.034000
1840	0	0.000000	0.000000	0.000000	-0.034000
1841	1	0.000000	0.000000	0.000000	-0.034000
1842	1	0.000000	0.000000	0.000000	-0.034000
1843	0	0.000000	0.000000	0.000000	-0.034000
1844	0	0.000000	0.000000	0.000000	-0.034000
1845	0	0.000000	0.600000	0.600000	-0.034000
1846	0	0.000000	0.000000	0.000000	-0.034000
1847	0	0.000000	0.000000	0.000000	-0.034000
1848	1	0.000000	0.000000	0.000000	-0.034000
1849	0	0.000000	0.000000	0.000000	-0.034000
1850	0	0.000000	0.000000	0.000000	-0.034000
1851	1	0.000000	0.000000	0.000000	-0.034000
1852	1	0.000000	0.000000	0.000000	-0.034000
1853	1	0.000000	0.000000	0.000000	-0.034000
1854	0	0.000000	0.000000	0.000000	-0.034000
1855	0	0.000000	0.000000	0.000000	-0.034000
1856	0	0.000000	0.000000	0.000000	-0.034000
1857	1	0.000000	0.000000	0.000000	-0.034000
1858	1	0.000000	0.000000	0.000000	-0.034000
1859	0	0.000000	0.000000	0.000000	-0.034000
1860	1	0.000000	0.000000	0.000000	-0.034000
1861	0	0.000000	0.000000	0.000000	-0.034000
1862	1	0.000000	0.000000	0.000000	-0.034000
1863	0	0.000000	0.600000	0.000000	-0.034000
1864	1	0.000000	0.000000	0.000000	-0.034000
1865	1	0.000000	0.000000	0.000000	-0.034000
1866	0	0.000000	0.000000	0.000000	-0.034000
1867	0	0.000000	0.000000	0.000000	-0.034000
1868	1	0.000000	0.000000	0.000000	-0.034000
1869	1	0.000000	0.000000	0.000000	-0.034000
1870	0	0.000000	0.000000	0.000000	-0.034000
1871	1	0.000000	0.000000	0.000000	-0.034000
1872	0	0.000000	0.000000	0.000000	-0.034000
1873	0	0.000000	0.000000	0.000000	-0.034000
1874	1	0.000000	0.000000	0.000000	-0.034000
1875	0	0.000000	0.000000	0.000000	-0.034000
1876	1	0.000000	0.000000	0.000000	-0.034000
1877	1	0.000000	0.000000	0.000000	-0.034000
1878	1	0.000000	0.000000	0.000000	-0.034000
1879	0	0.000000	0.000000	0.000000	-0.034000
1880	0	0.000000	0.000000	0.000000	-0.034000
1881	0	0.000000	0.600000	0.600000	-0.034000
1882	1	0.000000	0.000000	0.000000	-0.034000
1883	1	0.000000	0.000000	0.000000	-0.034000
1884	0	0.000000	0.000000	0.000000	-0.034000
1885	0	0.000000	0.000000	0.000000	-0.034000
1886	0	0.000000	0.000000	0.000000	-0.034000
1887	1	0.000000	0.000000	0.000000	-0.034000
1888	0	0.000000	0.000000	0.000000	-0.034000
1889	1	0.000000	0.000000	0.000000	-0.034000
1890	0	0.000000	0.000000	0.000000	-0.034000
1891	0	0.000000	0.000000	0.000000	-0.034000
1892	0	0.000000	0.000000	0.000000	-0.034000
1893	0	0.000000	0.000000	0.000000	-0.034000
1894	1	0.000000	0.000000	0.000000	-0.034000
1895	0	0.000000	0.000000	0.000000	-0.034000
1896	1	0.000000	0.000000	0.000000	-0.034000
1897	1	0.000000	0.000000	0.000000	-0.034000
1898	0	0.000000	0.000000	0.000000	-0.034000
1899	1	0.000000	0.600000	0.000000	-0.634000
1900	1	0.000000	0.000000	0.000000	-0.634000
1901	1	0.000000	0.000000	0.000000	-0.634000
1902	1	0.000000	0.000000	0.000000	-0.634000
1903	1	0.000000	0.000000	0.000000	-0.634000
1904	1	0.000000	0.000000	0.000000	-0.634000
1905	0	0.000000	0.000000	0.000000	-0.034000
1906	1	0.000000	0.000000	0.000000	-0.034000
1907	1	0.000000	0.000000	0.000000	-0.034000
1908	1	0.000000	0.000000	0.000000	-0.034000
1909	0	0.000000	0.000000	0.000000	-0.034000
1910	1	0.000000	0.000000	0.000000	-0.034000
1911	0	0.000000	0.000000	0.000000	-0.034000
1912	1	0.000000	0.000000	0.000000	-0.034000
1913	1	0.000000	0.000000	0.000000	-0.034000
1914	1	0.000000	0.000000	0.000000	-0.034000
1915	1	0.000000	0.000000	0.000000	-0.034000
1916	1	0.000000	0.000000	0.000000	-0.034000
1917	0	0.000000	0.000000	0.000000	-0.034000
1918	1	0.000000	0.633000	0.000000	-0.667000
1919	1	0.000000	0.000000	0.000000	-0.667000
1920	1	0.000000	0.000000	0.000000	-0.667000
1921	1	0.000000	0.000000	0.000000	-0.667000
1922	1	0.000000	0.000000	0.000000	-0.667000
1923	0	0.000000	0.000000	0.000000	-0.034000
1924	1	0.000000	0.000000	0.000000	-0.034000
1925	1	0.000000	0.000000	0.000000	-0.034000
1926	1	0.000000	0.000000	0.000000	-0.034000
1927	1	0.000000	0.000000	0.000000	-0.034000
1928	0	0.000000	0.000000	0.000000	-0.034000
1929	0	0.000000	0.000000	0.000000	-0.034000
1930	1	0.000000	0.000000	0.000000	-0.034000
1931	0	0.000000	0.000000	0.000000	-0.034000
1932	1	0.000000	0.000000	0.000000	-0.034000
1933	0	0.000000	0.000000	0.000000	-0.034000
1934	1	0.000000	0.000000	0.000000	-0.034000
1935	1	0.000000	0.000000	0.000000	-0.034000
1936	0	0.000000	0.000000	0.000000	-0.034000
1937	0	0.000000	0.633000	0.633000	-0.034000
1938	0	0.000000	0.000000	0.000000	-0.034000
1939	0	0.000000	0.000000	0.000000	-0.034000
1940	0	0.000000	0.000000	0.000000	-0.034000
1941	1	0.000000	0.001000	0.000000	-0.035000
1942	0	0.000000	0.000000	0.000000	-0.034000
1943	0	0.000000	0.000000	0.000000	-0.034000
1944	0	0.000000	0.000000	0.000000	-0.034000
1945	0	0.000000	0.000000	0.000000	-0.034000
1946	0	0.000000	0.000000	0.000000	-0.034000
1947	0	0.000000	0.000000	0.000000	-0.034000
1948	1	0.000000	0.000000	0.000000	-0.034000
1949	0	0.000000	0.000000	0.000000	-0.034000
1950	1	0.000000	0.000000	0.000000	-0.034000
1951	1	0.000000	0.000000	0.000000	-0.034000
1952	0	0.000000	0.000000	0.000000	-0.034000
1953	1	0.000000	0.000000	0.000000	-0.034000
1954	0	0.000000	0.000000	0.000000	-0.034000
1955	0	0.000000	0.000000	0.000000	-0.034000
1956	1	0.000000	0.633000	0.000000	-0.667000
1957	0	0.000000	0.000000	0.000000	-0.034000
1958	1	0.000000	0.000000	0.000000	-0.034000
1959	1	0.000000	0.000000	0.000000	-0.034000
1960	0	0.000000	0.000000	0.000000	-0.034000
1961	1	0.000000	0.000000	0.000000	-0.034000
1962	0	0.000000	0.000000	0.000000	-0.034000
1963	1	0.000000	0.000000	0.000000	-0.034000
1964	0	0.000000	0.000000	0.000000	-0.034000
1965	1	0.000000	0.000000	0.000000	-0.034000
1966	1	0.000000	0.000000	0.000000	-0.034000
1967	1	0.000000	0.000000	0.000000	-0.034000
1968	1	0.000000	0.000000	0.000000	-0.034000
1969	1	0.000000	0.000000	0.000000	-0.034000
1970	0	0.000000	0.000000	0.000000	-0.034000
1971	0	0.000000	0.000000	0.000000	-0.034000
1972	1	0.000000	0.000000	0.000000	-0.034000
1973	1	0.000000	0.000000	0.000000	-0.034000
1974	1	0.000000	0.000000	0.000000	-0.034000
1975	0	0.000000	0.633000	0.000000	-0.034000
1976	1	0.000000	0.000000	0.000000	-0.034000
1977	0	0.000000	0.000000	0.000000	-0.034000
1978	1	0.000000	0.000000	0.000000	-0.034000
1979	1	0.000000	0.000000	0.000000	-0.034000
1980	1	0.000000	0.000000	0.000000	-0.034000
1981	1	0.000000	0.000000	0.000000	-0.034000
1982	0	0.000000	0.000000	0.000000	-0.034000
1983	0	0.000000	0.000000	0.000000	-0.034000
1984	1	0.000000	0.000000	0.000000	-0.034000
1985	1	0.000000	0.000000	0.000000	-0.034000
1986	0	0.000000	0.000000	0.000000	-0.034000
1987	0	0.000000	0.000000	0.000000	-0.034000
1988	1	0.000000	0.000000	0.000000	-0.034000
1989	1	0.000000	0.000000	0.000000	-0.034000
1990	1	0.000000	0.000000	0.000000	-0.034000
1991	1	0.000000	0.000000	0.000000	-0.034000
1992	1	0.000000	0.000000	0.000000	-0.034000
1993	1	0.000000	0.000000	0.000000	-0.034000
1994	0	0.000000	0.633000	0.000000	-0.034000
1995	0	0.000000	0.000000	0.000000	-0.034000
1996	0	0.000000	0.000000	0.000000	-0.034000
1997	1	0.000000	0.000000	0.000000	-0.034000
1998	0	0.000000	0.000000	0.000000	-0.034000
1999	0	0.000000	0.000000	0.000000	-0.034000
