0	1	0.000000	0.000000	0.000000	0.000000
1	1	0.000000	0.034000	0.000000	-0.034000
2	1	0.000000	0.033000	0.000000	-0.067000
3	1	0.000000	0.032000	0.000000	-0.099000
4	0	0.000000	0.033000	0.000000	-0.132000
5	1	0.000000	0.034000	0.000000	-0.166000
6	1	0.000000	0.033000	0.000000	-0.199000
7	1	0.000000	0.033000	0.000000	-0.232000
8	1	0.000000	0.032000	0.000000	-0.264000
9	1	0.000000	0.034000	0.000000	-0.298000
10	1	0.000000	0.033000	0.000000	-0.331000
11	1	0.000000	0.032000	0.000000	-0.363000
12	1	0.000000	0.034000	0.000000	-0.397000
13	1	0.000000	0.033000	0.000000	-0.430000
14	1	0.000000	0.032000	0.000000	-0.462000
15	1	0.000000	0.033000	0.000000	-0.495000
16	1	0.000000	0.034000	0.000000	-0.529000
17	1	0.000000	0.032000	0.000000	-0.561000
18	1	0.000000	0.033000	0.000000	-0.594000
19	1	0.000000	0.033000	0.000000	-0.627000
20	1	0.000000	0.034000	0.000000	-0.661000
21	0	0.000000	0.033000	0.000000	-0.132000
22	1	0.000000	0.033000	0.000000	-0.165000
23	1	0.000000	0.032000	0.000000	-0.197000
24	1	0.000000	0.034000	0.000000	-0.231000
25	1	0.000000	0.032000	0.000000	-0.263000
26	1	0.000000	0.033000	0.000000	-0.296000
27	1	0.000000	0.034000	0.000000	-0.330000
28	1	0.000000	0.033000	0.000000	-0.363000
29	1	0.000000	0.032000	0.000000	-0.395000
30	1	0.000000	0.034000	0.000000	-0.429000
31	1	0.000000	0.033000	0.000000	-0.462000
32	1	0.000000	0.032000	0.000000	-0.494000
33	1	0.000000	0.033000	0.000000	-0.527000
34	1	0.000000	0.034000	0.000000	-0.561000
35	1	0.000000	0.032000	0.000000	-0.593000
36	1	0.000000	0.033000	0.000000	-0.626000
37	1	0.000000	0.034000	0.000000	-0.660000
38	1	0.000000	0.033000	0.000000	-0.693000
39	1	0.000000	0.032000	0.000000	-0.725000
40	0	0.000000	0.033000	0.000000	-0.132000
41	0	0.000000	0.034000	0.034000	-0.132000
42	1	0.000000	0.033000	0.000000	-0.165000
43	1	0.000000	0.033000	0.000000	-0.198000
44	0	0.000000	0.032000	0.000000	-0.132000
45	1	0.000000	0.033000	0.000000	-0.165000
46	1	0.000000	0.034000	0.000000	-0.199000
47	1	0.000000	0.033000	0.000000	-0.232000
48	1	0.000000	0.032000	0.000000	-0.264000
49	0	0.000000	0.033000	0.000000	-0.132000
50	1	0.000000	0.034000	0.000000	-0.166000
51	1	0.000000	0.033000	0.000000	-0.199000
52	1	0.000000	0.032000	0.000000	-0.231000
53	1	0.000000	0.033000	0.000000	-0.264000
54	1	0.000000	0.034000	0.000000	-0.298000
55	1	0.000000	0.032000	0.000000	-0.330000
56	1	0.000000	0.034000	0.000000	-0.364000
57	1	0.000000	0.032000	0.000000	-0.396000
58	1	0.000000	0.034000	0.000000	-0.430000
59	1	0.000000	0.032000	0.000000	-0.462000
60	1	0.000000	0.033000	0.000000	-0.495000
61	0	0.000000	0.033000	0.000000	-0.132000
62	1	0.000000	0.033000	0.000000	-0.165000
63	1	0.000000	0.034000	0.000000	-0.199000
64	1	0.000000	0.033000	0.000000	-0.232000
65	1	0.000000	0.033000	0.000000	-0.265000
66	0	0.000000	0.032000	0.000000	-0.132000
67	1	0.000000	0.033000	0.000000	-0.165000
68	1	0.000000	0.034000	0.000000	-0.199000
69	0	0.000000	0.032000	0.000000	-0.132000
70	1	0.000000	0.033000	0.000000	-0.165000
71	1	0.000000	0.033000	0.000000	-0.198000
72	1	0.000000	0.034000	0.000000	-0.232000
73	1	0.000000	0.033000	0.000000	-0.265000
74	1	0.000000	0.032000	0.000000	-0.297000
75	1	0.000000	0.033000	0.000000	-0.330000
76	1	0.000000	0.034000	0.000000	-0.364000
77	1	0.000000	0.033000	0.000000	-0.397000
78	1	0.000000	0.032000	0.000000	-0.429000
79	1	0.000000	0.034000	0.000000	-0.463000
80	1	0.000000	0.033000	0.000000	-0.496000
81	1	0.000000	0.033000	0.000000	-0.529000
82	1	0.000000	0.033000	0.000000	-0.562000
83	1	0.000000	0.033000	0.000000	-0.595000
84	1	0.000000	0.033000	0.000000	-0.628000
85	1	0.000000	0.033000	0.000000	-0.661000
86	0	0.000000	0.033000	0.000000	-0.132000
87	1	0.000000	0.033000	0.000000	-0.165000
88	1	0.000000	0.033000	0.000000	-0.198000
89	1	0.000000	0.033000	0.000000	-0.231000
90	1	0.000000	0.033000	0.000000	-0.264000
91	1	0.000000	0.032000	0.000000	-0.296000
92	0	0.000000	0.033000	0.000000	-0.132000
93	1	0.000000	0.034000	0.000000	-0.166000
94	1	0.000000	0.033000	0.000000	-0.199000
95	1	0.000000	0.033000	0.000000	-0.232000
96	0	0.000000	0.032000	0.000000	-0.132000
97	0	0.000000	0.033000	0.033000	-0.132000
98	1	0.000000	0.034000	0.000000	-0.166000
99	1	0.000000	0.032000	0.000000	-0.198000
100	1	0.000000	0.033000	0.000000	-0.231000
101	1	0.000000	0.034000	0.000000	-0.265000
102	1	0.000000	0.033000	0.000000	-0.298000
103	1	0.000000	0.033000	0.000000	-0.331000
104	1	0.000000	0.033000	0.000000	-0.364000
105	0	0.000000	0.034000	0.000000	-0.132000
106	1	0.000000	0.033000	0.000000	-0.165000
107	1	0.000000	0.033000	0.000000	-0.198000
108	1	0.000000	0.034000	0.000000	-0.232000
109	1	0.000000	0.033000	0.000000	-0.265000
110	0	0.000000	0.033000	0.000000	-0.132000
111	1	0.000000	0.034000	0.000000	-0.166000
112	1	0.000000	0.033000	0.000000	-0.199000
113	1	0.000000	0.033000	0.000000	-0.232000
114	1	0.000000	0.034000	0.000000	-0.266000
115	1	0.000000	0.033000	0.000000	-0.299000
116	1	0.000000	0.033000	0.000000	-0.332000
117	1	0.000000	0.034000	0.000000	-0.366000
118	1	0.000000	0.033000	0.000000	-0.399000
119	1	0.000000	0.033000	0.000000	-0.432000
120	0	0.000000	0.034000	0.000000	-0.132000
121	1	0.000000	0.033000	0.000000	-0.165000
122	1	0.000000	0.033000	0.000000	-0.198000
123	1	0.000000	0.034000	0.000000	-0.232000
124	1	0.000000	0.033000	0.000000	-0.265000
125	1	0.000000	0.033000	0.000000	-0.298000
126	1	0.000000	0.034000	0.000000	-0.332000
127	0	0.000000	0.033000	0.000000	-0.132000
128	1	0.000000	0.033000	0.000000	-0.165000
129	1	0.000000	0.034000	0.000000	-0.199000
130	1	0.000000	0.033000	0.000000	-0.232000
131	1	0.000000	0.033000	0.000000	-0.265000
132	1	0.000000	0.034000	0.000000	-0.299000
133	1	0.000000	0.033000	0.000000	-0.332000
134	1	0.000000	0.033000	0.000000	-0.365000
135	0	0.000000	0.034000	0.000000	-0.132000
136	1	0.000000	0.033000	0.000000	-0.165000
137	1	0.000000	0.033000	0.000000	-0.198000
138	1	0.000000	0.034000	0.000000	-0.232000
139	1	0.000000	0.033000	0.000000	-0.265000
140	0	0.000000	0.033000	0.000000	-0.132000
141	1	0.000000	0.034000	0.000000	-0.166000
142	1	0.000000	0.033000	0.000000	-0.199000
143	1	0.000000	0.033000	0.000000	-0.232000
144	0	0.000000	0.034000	0.000000	-0.132000
145	1	0.000000	0.033000	0.000000	-0.165000
146	1	0.000000	0.033000	0.000000	-0.198000
147	1	0.000000	0.034000	0.000000	-0.232000
148	1	0.000000	0.033000	0.000000	-0.265000
149	1	0.000000	0.033000	0.000000	-0.298000
150	1	0.000000	0.034000	0.000000	-0.332000
151	1	0.000000	0.033000	0.000000	-0.365000
152	1	0.000000	0.033000	0.000000	-0.398000
153	1	0.000000	0.034000	0.000000	-0.432000
154	0	0.000000	0.033000	0.000000	-0.132000
155	0	0.000000	0.033000	0.033000	-0.132000
156	1	0.000000	0.034000	0.000000	-0.166000
157	1	0.000000	0.033000	0.000000	-0.199000
158	1	0.000000	0.033000	0.000000	-0.232000
159	1	0.000000	0.034000	0.000000	-0.266000
160	1	0.000000	0.033000	0.000000	-0.299000
161	1	0.000000	0.033000	0.000000	-0.332000
162	0	0.000000	0.034000	0.000000	-0.132000
163	1	0.000000	0.033000	0.000000	-0.165000
164	0	0.000000	0.033000	0.000000	-0.132000
165	0	0.000000	0.034000	0.034000	-0.132000
166	0	0.000000	0.033000	0.033000	-0.132000
167	1	0.000000	0.033000	0.000000	-0.165000
168	1	0.000000	0.034000	0.000000	-0.199000
169	1	0.000000	0.033000	0.000000	-0.232000
170	1	0.000000	0.033000	0.000000	-0.265000
171	1	0.000000	0.034000	0.000000	-0.299000
172	1	0.000000	0.033000	0.000000	-0.332000
173	1	0.000000	0.033000	0.000000	-0.365000
174	1	0.000000	0.034000	0.000000	-0.399000
175	1	0.000000	0.033000	0.000000	-0.432000
176	1	0.000000	0.033000	0.000000	-0.465000
177	1	0.000000	0.034000	0.000000	-0.499000
178	1	0.000000	0.033000	0.000000	-0.532000
179	1	0.000000	0.033000	0.000000	-0.565000
180	1	0.000000	0.034000	0.000000	-0.599000
181	1	0.000000	0.033000	0.000000	-0.632000
182	1	0.000000	0.033000	0.000000	-0.665000
183	1	0.000000	0.034000	0.000000	-0.699000
184	1	0.000000	0.033000	0.000000	-0.732000
185	0	0.000000	0.033000	0.000000	-0.132000
186	1	0.000000	0.034000	0.000000	-0.166000
187	1	0.000000	0.033000	0.000000	-0.199000
188	0	0.000000	0.033000	0.000000	-0.132000
189	1	0.000000	0.034000	0.000000	-0.166000
190	0	0.000000	0.033000	0.000000	-0.132000
191	0	0.000000	0.033000	0.033000	-0.132000
192	1	0.000000	0.034000	0.000000	-0.166000
193	1	0.000000	0.033000	0.000000	-0.199000
194	1	0.000000	0.033000	0.000000	-0.232000
195	1	0.000000	0.034000	0.000000	-0.266000
196	1	0.000000	0.033000	0.000000	-0.299000
197	1	0.000000	0.033000	0.000000	-0.332000
198	1	0.000000	0.034000	0.000000	-0.366000
199	1	0.000000	0.033000	0.000000	-0.399000
200	1	0.000000	0.000000	0.000000	-0.399000
201	1	0.000000	0.067000	0.000000	-0.466000
202	1	0.000000	0.000000	0.000000	-0.466000
203	0	0.000000	0.066000	0.000000	-0.132000
204	1	0.000000	0.000000	0.000000	-0.132000
205	1	0.000000	0.067000	0.000000	-0.199000
206	1	0.000000	0.000000	0.000000	-0.199000
207	1	0.000000	0.067000	0.000000	-0.266000
208	1	0.000000	0.000000	0.000000	-0.266000
209	1	0.000000	0.066000	0.000000	-0.332000
210	1	0.000000	0.000000	0.000000	-0.332000
211	1	0.000000	0.067000	0.000000	-0.399000
212	1	0.000000	0.000000	0.000000	-0.399000
213	1	0.000000	0.067000	0.000000	-0.466000
214	1	0.000000	0.000000	0.000000	-0.466000
215	1	0.000000	0.066000	0.000000	-0.532000
216	1	0.000000	0.000000	0.000000	-0.532000
217	1	0.000000	0.067000	0.000000	-0.599000
218	1	0.000000	0.000000	0.000000	-0.599000
219	1	0.000000	0.067000	0.000000	-0.666000
220	1	0.000000	0.000000	0.000000	-0.666000
221	1	0.000000	0.066000	0.000000	-0.732000
222	0	0.000000	0.000000	0.000000	-0.132000
223	1	0.000000	0.067000	0.000000	-0.199000
224	1	0.000000	0.000000	0.000000	-0.199000
225	1	0.000000	0.067000	0.000000	-0.266000
226	0	0.000000	0.000000	0.000000	-0.132000
227	0	0.000000	0.066000	0.066000	-0.132000
228	0	0.000000	0.000000	0.000000	-0.132000
229	1	0.000000	0.067000	0.000000	-0.199000
230	1	0.000000	0.000000	0.000000	-0.199000
231	1	0.000000	0.067000	0.000000	-0.266000
232	1	0.000000	0.000000	0.000000	-0.266000
233	0	0.000000	0.066000	0.000000	-0.132000
234	0	0.000000	0.000000	0.000000	-0.132000
235	1	0.000000	0.067000	0.000000	-0.199000
236	1	0.000000	0.000000	0.000000	-0.199000
237	1	0.000000	0.067000	0.000000	-0.266000
238	1	0.000000	0.000000	0.000000	-0.266000
239	1	0.000000	0.066000	0.000000	-0.332000
240	1	0.000000	0.000000	0.000000	-0.332000
241	1	0.000000	0.067000	0.000000	-0.399000
242	1	0.000000	0.000000	0.000000	-0.399000
243	0	0.000000	0.067000	0.000000	-0.132000
244	0	0.000000	0.000000	0.000000	-0.132000
245	1	0.000000	0.066000	0.000000	-0.198000
246	1	0.000000	0.000000	0.000000	-0.198000
247	1	0.000000	0.067000	0.000000	-0.265000
248	0	0.000000	0.000000	0.000000	-0.132000
249	1	0.000000	0.067000	0.000000	-0.199000
250	0	0.000000	0.000000	0.000000	-0.132000
251	1	0.000000	0.066000	0.000000	-0.198000
252	1	0.000000	0.000000	0.000000	-0.198000
253	1	0.000000	0.067000	0.000000	-0.265000
254	1	0.000000	0.000000	0.000000	-0.265000
255	1	0.000000	0.067000	0.000000	-0.332000
256	1	0.000000	0.000000	0.000000	-0.332000
257	1	0.000000	0.066000	0.000000	-0.398000
258	1	0.000000	0.000000	0.000000	-0.398000
259	1	0.000000	0.067000	0.000000	-0.465000
260	1	0.000000	0.000000	0.000000	-0.465000
261	1	0.000000	0.067000	0.000000	-0.532000
262	1	0.000000	0.000000	0.000000	-0.532000
263	1	0.000000	0.066000	0.000000	-0.598000
264	1	0.000000	0.000000	0.000000	-0.598000
265	1	0.000000	0.067000	0.000000	-0.665000
266	1	0.000000	0.000000	0.000000	-0.665000
267	0	0.000000	0.067000	0.000000	-0.132000
268	1	0.000000	0.000000	0.000000	-0.132000
269	1	0.000000	0.066000	0.000000	-0.198000
270	1	0.000000	0.000000	0.000000	-0.198000
271	0	0.000000	0.067000	0.000000	-0.132000
272	1	0.000000	0.000000	0.000000	-0.132000
273	1	0.000000	0.067000	0.000000	-0.199000
274	1	0.000000	0.000000	0.000000	-0.199000
275	1	0.000000	0.066000	0.000000	-0.265000
276	1	0.000000	0.000000	0.000000	-0.265000
277	1	0.000000	0.067000	0.000000	-0.332000
278	0	0.000000	0.000000	0.000000	-0.132000
279	1	0.000000	0.067000	0.000000	-0.199000
280	1	0.000000	0.000000	0.000000	-0.199000
281	1	0.000000	0.066000	0.000000	-0.265000
282	1	0.000000	0.000000	0.000000	-0.265000
283	1	0.000000	0.067000	0.000000	-0.332000
284	1	0.000000	0.000000	0.000000	-0.332000
285	1	0.000000	0.067000	0.000000	-0.399000
286	1	0.000000	0.000000	0.000000	-0.399000
287	1	0.000000	0.066000	0.000000	-0.465000
288	1	0.000000	0.000000	0.000000	-0.465000
289	1	0.000000	0.067000	0.000000	-0.532000
290	0	0.000000	0.000000	0.000000	-0.132000
291	1	0.000000	0.067000	0.000000	-0.199000
292	1	0.000000	0.000000	0.000000	-0.199000
293	0	0.000000	0.066000	0.000000	-0.132000
294	0	0.000000	0.000000	0.000000	-0.132000
295	1	0.000000	0.067000	0.000000	-0.199000
296	1	0.000000	0.000000	0.000000	-0.199000
297	1	0.000000	0.067000	0.000000	-0.266000
298	0	0.000000	0.000000	0.000000	-0.132000
299	1	0.000000	0.066000	0.000000	-0.198000
300	1	0.000000	0.000000	0.000000	-0.198000
301	0	0.000000	0.000000	0.000000	-0.132000
302	1	0.000000	0.100000	0.000000	-0.232000
303	1	0.000000	0.000000	0.000000	-0.232000
304	1	0.000000	0.000000	0.000000	-0.232000
305	0	0.000000	0.100000	0.000000	-0.132000
306	1	0.000000	0.000000	0.000000	-0.132000
307	1	0.000000	0.000000	0.000000	-0.132000
308	0	0.000000	0.100000	0.000000	-0.132000
309	1	0.000000	0.000000	0.000000	-0.132000
310	1	0.000000	0.000000	0.000000	-0.132000
311	0	0.000000	0.100000	0.000000	-0.132000
312	1	0.000000	0.000000	0.000000	-0.132000
313	0	0.000000	0.000000	0.000000	-0.132000
314	1	0.000000	0.100000	0.000000	-0.232000
315	1	0.000000	0.000000	0.000000	-0.232000
316	0	0.000000	0.000000	0.000000	-0.132000
317	1	0.000000	0.100000	0.000000	-0.232000
318	0	0.000000	0.000000	0.000000	-0.132000
319	1	0.000000	0.000000	0.000000	-0.132000
320	0	0.000000	0.100000	0.000000	-0.132000
321	1	0.000000	0.000000	0.000000	-0.132000
322	1	0.000000	0.000000	0.000000	-0.132000
323	0	0.000000	0.100000	0.000000	-0.132000
324	1	0.000000	0.000000	0.000000	-0.132000
325	1	0.000000	0.000000	0.000000	-0.132000
326	1	0.000000	0.100000	0.000000	-0.232000
327	1	0.000000	0.000000	0.000000	-0.232000
328	0	0.000000	0.000000	0.000000	-0.132000
329	1	0.000000	0.100000	0.000000	-0.232000
330	1	0.000000	0.000000	0.000000	-0.232000
331	1	0.000000	0.000000	0.000000	-0.232000
332	1	0.000000	0.100000	0.000000	-0.332000
333	1	0.000000	0.000000	0.000000	-0.332000
334	1	0.000000	0.000000	0.000000	-0.332000
335	1	0.000000	0.100000	0.000000	-0.432000
336	1	0.000000	0.000000	0.000000	-0.432000
337	1	0.000000	0.000000	0.000000	-0.432000
338	1	0.000000	0.100000	0.000000	-0.532000
339	1	0.000000	0.000000	0.000000	-0.532000
340	1	0.000000	0.000000	0.000000	-0.532000
341	1	0.000000	0.100000	0.000000	-0.632000
342	1	0.000000	0.000000	0.000000	-0.632000
343	1	0.000000	0.000000	0.000000	-0.632000
344	1	0.000000	0.100000	0.000000	-0.732000
345	1	0.000000	0.000000	0.000000	-0.732000
346	1	0.000000	0.000000	0.000000	-0.732000
347	1	0.000000	0.100000	0.000000	-0.832000
348	1	0.000000	0.000000	0.000000	-0.832000
349	1	0.000000	0.000000	0.000000	-0.832000
350	1	0.000000	0.100000	0.000000	-0.932000
351	0	0.000000	0.000000	0.000000	-0.132000
352	0	0.000000	0.000000	0.000000	-0.132000
353	1	0.000000	0.100000	0.000000	-0.232000
354	1	0.000000	0.000000	0.000000	-0.232000
355	1	0.000000	0.000000	0.000000	-0.232000
356	1	0.000000	0.100000	0.000000	-0.332000
357	0	0.000000	0.000000	0.000000	-0.132000
358	1	0.000000	0.000000	0.000000	-0.132000
359	1	0.000000	0.100000	0.000000	-0.232000
360	1	0.000000	0.000000	0.000000	-0.232000
361	0	0.000000	0.000000	0.000000	-0.132000
362	1	0.000000	0.100000	0.000000	-0.232000
363	1	0.000000	0.000000	0.000000	-0.232000
364	0	0.000000	0.000000	0.000000	-0.132000
365	0	0.000000	0.100000	0.100000	-0.132000
366	1	0.000000	0.000000	0.000000	-0.132000
367	1	0.000000	0.000000	0.000000	-0.132000
368	1	0.000000	0.100000	0.000000	-0.232000
369	0	0.000000	0.000000	0.000000	-0.132000
370	1	0.000000	0.000000	0.000000	-0.132000
371	1	0.000000	0.100000	0.000000	-0.232000
372	1	0.000000	0.000000	0.000000	-0.232000
373	1	0.000000	0.000000	0.000000	-0.232000
374	1	0.000000	0.100000	0.000000	-0.332000
375	1	0.000000	0.000000	0.000000	-0.332000
376	1	0.000000	0.000000	0.000000	-0.332000
377	0	0.000000	0.100000	0.000000	-0.132000
378	0	0.000000	0.000000	0.000000	-0.132000
379	1	0.000000	0.000000	0.000000	-0.132000
380	0	0.000000	0.100000	0.000000	-0.132000
381	0	0.000000	0.000000	0.000000	-0.132000
382	1	0.000000	0.000000	0.000000	-0.132000
383	1	0.000000	0.100000	0.000000	-0.232000
384	1	0.000000	0.000000	0.000000	-0.232000
385	1	0.000000	0.000000	0.000000	-0.232000
386	1	0.000000	0.100000	0.000000	-0.332000
387	1	0.000000	0.000000	0.000000	-0.332000
388	1	0.000000	0.000000	0.000000	-0.332000
389	1	0.000000	0.100000	0.000000	-0.432000
390	1	0.000000	0.000000	0.000000	-0.432000
391	0	0.000000	0.000000	0.000000	-0.132000
392	1	0.000000	0.100000	0.000000	-0.232000
393	1	0.000000	0.000000	0.000000	-0.232000
394	0	0.000000	0.000000	0.000000	-0.132000
395	1	0.000000	0.100000	0.000000	-0.232000
396	0	0.000000	0.000000	0.000000	-0.132000
397	1	0.000000	0.000000	0.000000	-0.132000
398	1	0.000000	0.100000	0.000000	-0.232000
399	1	0.000000	0.000000	0.000000	-0.232000
400	1	0.000000	0.000000	0.000000	-0.232000
401	1	0.000000	0.000000	0.000000	-0.232000
402	1	0.000000	0.134000	0.000000	-0.366000
403	1	0.000000	0.000000	0.000000	-0.366000
404	1	0.000000	0.000000	0.000000	-0.366000
405	1	0.000000	0.000000	0.000000	-0.366000
406	1	0.000000	0.133000	0.000000	-0.499000
407	1	0.000000	0.000000	0.000000	-0.499000
408	1	0.000000	0.000000	0.000000	-0.499000
409	1	0.000000	0.000000	0.000000	-0.499000
410	1	0.000000	0.133000	0.000000	-0.632000
411	0	0.000000	0.000000	0.000000	-0.132000
412	1	0.000000	0.000000	0.000000	-0.132000
413	1	0.000000	0.000000	0.000000	-0.132000
414	1	0.000000	0.134000	0.000000	-0.266000
415	1	0.000000	0.000000	0.000000	-0.266000
416	0	0.000000	0.000000	0.000000	-0.132000
417	1	0.000000	0.000000	0.000000	-0.132000
418	0	0.000000	0.133000	0.000000	-0.132000
419	1	0.000000	0.000000	0.000000	-0.132000
420	1	0.000000	0.000000	0.000000	-0.132000
421	1	0.000000	0.000000	0.000000	-0.132000
422	0	0.000000	0.133000	0.000000	-0.132000
423	0	0.000000	0.000000	0.000000	-0.132000
424	1	0.000000	0.000000	0.000000	-0.132000
425	1	0.000000	0.000000	0.000000	-0.132000
426	1	0.000000	0.134000	0.000000	-0.266000
427	1	0.000000	0.000000	0.000000	-0.266000
428	0	0.000000	0.000000	0.000000	-0.132000
429	1	0.000000	0.000000	0.000000	-0.132000
430	1	0.000000	0.133000	0.000000	-0.265000
431	1	0.000000	0.000000	0.000000	-0.265000
432	1	0.000000	0.000000	0.000000	-0.265000
433	1	0.000000	0.000000	0.000000	-0.265000
434	0	0.000000	0.133000	0.000000	-0.132000
435	0	0.000000	0.000000	0.000000	-0.132000
436	1	0.000000	0.000000	0.000000	-0.132000
437	0	0.000000	0.000000	0.000000	-0.132000
438	1	0.000000	0.134000	0.000000	-0.266000
439	1	0.000000	0.000000	0.000000	-0.266000
440	1	0.000000	0.000000	0.000000	-0.266000
441	1	0.000000	0.000000	0.000000	-0.266000
442	0	0.000000	0.133000	0.000000	-0.132000
443	1	0.000000	0.000000	0.000000	-0.132000
444	1	0.000000	0.000000	0.000000	-0.132000
445	1	0.000000	0.000000	0.000000	-0.132000
446	0	0.000000	0.133000	0.000000	-0.132000
447	1	0.000000	0.000000	0.000000	-0.132000
448	1	0.000000	0.000000	0.000000	-0.132000
449	0	0.000000	0.000000	0.000000	-0.132000
450	1	0.000000	0.134000	0.000000	-0.266000
451	1	0.000000	0.000000	0.000000	-0.266000
452	0	0.000000	0.066000	0.000000	-0.132000
453	1	0.000000	0.000000	0.000000	-0.132000
454	1	0.000000	0.000000	0.000000	-0.132000
455	1	0.000000	0.000000	0.000000	-0.132000
456	1	0.000000	0.134000	0.000000	-0.266000
457	1	0.000000	0.000000	0.000000	-0.266000
458	1	0.000000	0.000000	0.000000	-0.266000
459	1	0.000000	0.000000	0.000000	-0.266000
460	1	0.000000	0.133000	0.000000	-0.399000
461	1	0.000000	0.000000	0.000000	-0.399000
462	0	0.000000	0.000000	0.000000	-0.132000
463	1	0.000000	0.000000	0.000000	-0.132000
464	1	0.000000	0.133000	0.000000	-0.265000
465	1	0.000000	0.000000	0.000000	-0.265000
466	1	0.000000	0.000000	0.000000	-0.265000
467	1	0.000000	0.000000	0.000000	-0.265000
468	1	0.000000	0.134000	0.000000	-0.399000
469	0	0.000000	0.000000	0.000000	-0.132000
470	1	0.000000	0.000000	0.000000	-0.132000
471	0	0.000000	0.000000	0.000000	-0.132000
472	1	0.000000	0.133000	0.000000	-0.265000
473	1	0.000000	0.000000	0.000000	-0.265000
474	1	0.000000	0.000000	0.000000	-0.265000
475	1	0.000000	0.000000	0.000000	-0.265000
476	0	0.000000	0.133000	0.000000	-0.132000
477	1	0.000000	0.000000	0.000000	-0.132000
478	0	0.000000	0.000000	0.000000	-0.132000
479	1	0.000000	0.000000	0.000000	-0.132000
480	1	0.000000	0.134000	0.000000	-0.266000
481	0	0.000000	0.000000	0.000000	-0.132000
482	0	0.000000	0.000000	0.000000	-0.132000
483	1	0.000000	0.000000	0.000000	-0.132000
484	1	0.000000	0.133000	0.000000	-0.265000
485	1	0.000000	0.000000	0.000000	-0.265000
486	1	0.000000	0.000000	0.000000	-0.265000
487	1	0.000000	0.000000	0.000000	-0.265000
488	1	0.000000	0.133000	0.000000	-0.398000
489	0	0.000000	0.000000	0.000000	-0.132000
490	1	0.000000	0.000000	0.000000	-0.132000
491	1	0.000000	0.000000	0.000000	-0.132000
492	1	0.000000	0.134000	0.000000	-0.266000
493	0	0.000000	0.000000	0.000000	-0.132000
494	1	0.000000	0.000000	0.000000	-0.132000
495	1	0.000000	0.000000	0.000000	-0.132000
496	1	0.000000	0.133000	0.000000	-0.265000
497	0	0.000000	0.000000	0.000000	-0.132000
498	1	0.000000	0.000000	0.000000	-0.132000
499	0	0.000000	0.000000	0.000000	-0.132000
500	1	0.000000	0.000000	0.000000	-0.132000
501	1	0.000000	0.167000	0.000000	-0.299000
502	1	0.000000	0.000000	0.000000	-0.299000
503	1	0.000000	0.000000	0.000000	-0.299000
504	1	0.000000	0.000000	0.000000	-0.299000
505	1	0.000000	0.000000	0.000000	-0.299000
506	1	0.000000	0.166000	0.000000	-0.465000
507	1	0.000000	0.000000	0.000000	-0.465000
508	1	0.000000	0.000000	0.000000	-0.465000
509	1	0.000000	0.000000	0.000000	-0.465000
510	1	0.000000	0.000000	0.000000	-0.465000
511	1	0.000000	0.167000	0.000000	-0.632000
512	1	0.000000	0.000000	0.000000	-0.632000
513	1	0.000000	0.000000	0.000000	-0.632000
514	1	0.000000	0.000000	0.000000	-0.632000
515	1	0.000000	0.000000	0.000000	-0.632000
516	1	0.000000	0.167000	0.000000	-0.799000
517	1	0.000000	0.000000	0.000000	-0.799000
518	1	0.000000	0.000000	0.000000	-0.799000
519	0	0.000000	0.000000	0.000000	-0.132000
520	1	0.000000	0.000000	0.000000	-0.132000
521	1	0.000000	0.166000	0.000000	-0.298000
522	1	0.000000	0.000000	0.000000	-0.298000
523	1	0.000000	0.000000	0.000000	-0.298000
524	1	0.000000	0.000000	0.000000	-0.298000
525	1	0.000000	0.000000	0.000000	-0.298000
526	1	0.000000	0.167000	0.000000	-0.465000
527	1	0.000000	0.000000	0.000000	-0.465000
528	0	0.000000	0.000000	0.000000	-0.132000
529	1	0.000000	0.000000	0.000000	-0.132000
530	1	0.000000	0.000000	0.000000	-0.132000
531	1	0.000000	0.167000	0.000000	-0.299000
532	1	0.000000	0.000000	0.000000	-0.299000
533	1	0.000000	0.000000	0.000000	-0.299000
534	0	0.000000	0.000000	0.000000	-0.132000
535	1	0.000000	0.000000	0.000000	-0.132000
536	1	0.000000	0.166000	0.000000	-0.298000
537	1	0.000000	0.000000	0.000000	-0.298000
538	1	0.000000	0.000000	0.000000	-0.298000
539	0	0.000000	0.000000	0.000000	-0.132000
540	1	0.000000	0.000000	0.000000	-0.132000
541	1	0.000000	0.167000	0.000000	-0.299000
542	1	0.000000	0.000000	0.000000	-0.299000
543	1	0.000000	0.000000	0.000000	-0.299000
544	0	0.000000	0.000000	0.000000	-0.132000
545	1	0.000000	0.000000	0.000000	-0.132000
546	0	0.000000	0.167000	0.000000	-0.132000
547	1	0.000000	0.000000	0.000000	-0.132000
548	1	0.000000	0.000000	0.000000	-0.132000
549	1	0.000000	0.000000	0.000000	-0.132000
550	1	0.000000	0.000000	0.000000	-0.132000
551	1	0.000000	0.166000	0.000000	-0.298000
552	1	0.000000	0.000000	0.000000	-0.298000
553	1	0.000000	0.000000	0.000000	-0.298000
554	1	0.000000	0.000000	0.000000	-0.298000
555	0	0.000000	0.000000	0.000000	-0.132000
556	1	0.000000	0.167000	0.000000	-0.299000
557	1	0.000000	0.000000	0.000000	-0.299000
558	1	0.000000	0.000000	0.000000	-0.299000
559	1	0.000000	0.000000	0.000000	-0.299000
560	1	0.000000	0.000000	0.000000	-0.299000
561	1	0.000000	0.167000	0.000000	-0.466000
562	1	0.000000	0.000000	0.000000	-0.466000
563	0	0.000000	0.000000	0.000000	-0.132000
564	1	0.000000	0.000000	0.000000	-0.132000
565	0	0.000000	0.000000	0.000000	-0.132000
566	1	0.000000	0.166000	0.000000	-0.298000
567	1	0.000000	0.000000	0.000000	-0.298000
568	0	0.000000	0.000000	0.000000	-0.132000
569	0	0.000000	0.000000	0.000000	-0.132000
570	1	0.000000	0.000000	0.000000	-0.132000
571	1	0.000000	0.167000	0.000000	-0.299000
572	1	0.000000	0.000000	0.000000	-0.299000
573	1	0.000000	0.000000	0.000000	-0.299000
574	1	0.000000	0.000000	0.000000	-0.299000
575	1	0.000000	0.000000	0.000000	-0.299000
576	0	0.000000	0.167000	0.000000	-0.132000
577	1	0.000000	0.000000	0.000000	-0.132000
578	1	0.000000	0.000000	0.000000	-0.132000
579	1	0.000000	0.000000	0.000000	-0.132000
580	0	0.000000	0.000000	0.000000	-0.132000
581	1	0.000000	0.166000	0.000000	-0.298000
582	1	0.000000	0.000000	0.000000	-0.298000
583	1	0.000000	0.000000	0.000000	-0.298000
584	1	0.000000	0.000000	0.000000	-0.298000
585	1	0.000000	0.000000	0.000000	-0.298000
586	1	0.000000	0.167000	0.000000	-0.465000
587	1	0.000000	0.000000	0.000000	-0.465000
588	1	0.000000	0.000000	0.000000	-0.465000
589	1	0.000000	0.000000	0.000000	-0.465000
590	1	0.000000	0.000000	0.000000	-0.465000
591	1	0.000000	0.167000	0.000000	-0.632000
592	1	0.000000	0.000000	0.000000	-0.632000
593	1	0.000000	0.000000	0.000000	-0.632000
594	1	0.000000	0.000000	0.000000	-0.632000
595	1	0.000000	0.000000	0.000000	-0.632000
596	1	0.000000	0.166000	0.000000	-0.798000
597	1	0.000000	0.000000	0.000000	-0.798000
598	0	0.000000	0.000000	0.000000	-0.132000
599	1	0.000000	0.000000	0.000000	-0.132000
600	1	0.000000	0.000000	0.000000	-0.132000
601	1	0.000000	0.000000	0.000000	-0.132000
602	1	0.000000	0.200000	0.000000	-0.332000
603	0	0.000000	0.000000	0.000000	-0.132000
604	0	0.000000	0.000000	0.000000	-0.132000
605	1	0.000000	0.000000	0.000000	-0.132000
606	1	0.000000	0.000000	0.000000	-0.132000
607	1	0.000000	0.000000	0.000000	-0.132000
608	0	0.000000	0.200000	0.000000	-0.132000
609	1	0.000000	0.000000	0.000000	-0.132000
610	1	0.000000	0.000000	0.000000	-0.132000
611	1	0.000000	0.000000	0.000000	-0.132000
612	1	0.000000	0.000000	0.000000	-0.132000
613	0	0.000000	0.000000	0.000000	-0.132000
614	1	0.000000	0.200000	0.000000	-0.332000
615	1	0.000000	0.000000	0.000000	-0.332000
616	0	0.000000	0.000000	0.000000	-0.132000
617	0	0.000000	0.000000	0.000000	-0.132000
618	0	0.000000	0.000000	0.000000	-0.132000
619	1	0.000000	0.000000	0.000000	-0.132000
620	0	0.000000	0.200000	0.000000	-0.132000
621	1	0.000000	0.000000	0.000000	-0.132000
622	0	0.000000	0.000000	0.000000	-0.132000
623	1	0.000000	0.000000	0.000000	-0.132000
624	1	0.000000	0.000000	0.000000	-0.132000
625	0	0.000000	0.000000	0.000000	-0.132000
626	1	0.000000	0.200000	0.000000	-0.332000
627	0	0.000000	0.000000	0.000000	-0.132000
628	1	0.000000	0.000000	0.000000	-0.132000
629	1	0.000000	0.000000	0.000000	-0.132000
630	1	0.000000	0.000000	0.000000	-0.132000
631	1	0.000000	0.000000	0.000000	-0.132000
632	1	0.000000	0.200000	0.000000	-0.332000
633	1	0.000000	0.000000	0.000000	-0.332000
634	1	0.000000	0.000000	0.000000	-0.332000
635	1	0.000000	0.000000	0.000000	-0.332000
636	1	0.000000	0.000000	0.000000	-0.332000
637	1	0.000000	0.000000	0.000000	-0.332000
638	1	0.000000	0.200000	0.000000	-0.532000
639	0	0.000000	0.000000	0.000000	-0.132000
640	1	0.000000	0.000000	0.000000	-0.132000
641	1	0.000000	0.000000	0.000000	-0.132000
642	1	0.000000	0.000000	0.000000	-0.132000
643	1	0.000000	0.000000	0.000000	-0.132000
644	1	0.000000	0.200000	0.000000	-0.332000
645	1	0.000000	0.000000	0.000000	-0.332000
646	0	0.000000	0.000000	0.000000	-0.132000
647	1	0.000000	0.000000	0.000000	-0.132000
648	0	0.000000	0.000000	0.000000	-0.132000
649	0	0.000000	0.000000	0.000000	-0.132000
650	1	0.000000	0.200000	0.000000	-0.332000
651	1	0.000000	0.000000	0.000000	-0.332000
652	1	0.000000	0.000000	0.000000	-0.332000
653	1	0.000000	0.000000	0.000000	-0.332000
654	0	0.000000	0.000000	0.000000	-0.132000
655	1	0.000000	0.000000	0.000000	-0.132000
656	1	0.000000	0.200000	0.000000	-0.332000
657	1	0.000000	0.000000	0.000000	-0.332000
658	1	0.000000	0.000000	0.000000	-0.332000
659	1	0.000000	0.000000	0.000000	-0.332000
660	1	0.000000	0.000000	0.000000	-0.332000
661	1	0.000000	0.000000	0.000000	-0.332000
662	1	0.000000	0.200000	0.000000	-0.532000
663	1	0.000000	0.000000	0.000000	-0.532000
664	1	0.000000	0.000000	0.000000	-0.532000
665	1	0.000000	0.000000	0.000000	-0.532000
666	0	0.000000	0.000000	0.000000	-0.132000
667	1	0.000000	0.000000	0.000000	-0.132000
668	1	0.000000	0.200000	0.000000	-0.332000
669	1	0.000000	0.000000	0.000000	-0.332000
670	1	0.000000	0.000000	0.000000	-0.332000
671	1	0.000000	0.000000	0.000000	-0.332000
672	1	0.000000	0.000000	0.000000	-0.332000
673	1	0.000000	0.000000	0.000000	-0.332000
674	1	0.000000	0.200000	0.000000	-0.532000
675	1	0.000000	0.000000	0.000000	-0.532000
676	1	0.000000	0.000000	0.000000	-0.532000
677	1	0.000000	0.000000	0.000000	-0.532000
678	1	0.000000	0.000000	0.000000	-0.532000
679	1	0.000000	0.000000	0.000000	-0.532000
680	0	0.000000	0.200000	0.000000	-0.132000
681	1	0.000000	0.000000	0.000000	-0.132000
682	1	0.000000	0.000000	0.000000	-0.132000
683	1	0.000000	0.000000	0.000000	-0.132000
684	0	0.000000	0.000000	0.000000	-0.132000
685	1	0.000000	0.000000	0.000000	-0.132000
686	0	0.000000	0.200000	0.000000	-0.132000
687	1	0.000000	0.000000	0.000000	-0.132000
688	0	0.000000	0.000000	0.000000	-0.132000
689	1	0.000000	0.000000	0.000000	-0.132000
690	1	0.000000	0.000000	0.000000	-0.132000
691	0	0.000000	0.000000	0.000000	-0.132000
692	1	0.000000	0.200000	0.000000	-0.332000
693	1	0.000000	0.000000	0.000000	-0.332000
694	0	0.000000	0.000000	0.000000	-0.132000
695	1	0.000000	0.000000	0.000000	-0.132000
696	1	0.000000	0.000000	0.000000	-0.132000
697	1	0.000000	0.000000	0.000000	-0.132000
698	0	0.000000	0.002000	0.000000	-0.132000
699	0	0.000000	0.232000	0.232000	-0.132000
700	1	0.000000	0.000000	0.000000	-0.132000
701	1	0.000000	0.000000	0.000000	-0.132000
702	1	0.000000	0.000000	0.000000	-0.132000
703	1	0.000000	0.000000	0.000000	-0.132000
704	1	0.000000	0.000000	0.000000	-0.132000
705	0	0.000000	0.000000	0.000000	-0.132000
706	1	0.000000	0.233000	0.000000	-0.365000
707	1	0.000000	0.000000	0.000000	-0.365000
708	1	0.000000	0.000000	0.000000	-0.365000
709	0	0.000000	0.000000	0.000000	-0.132000
710	1	0.000000	0.000000	0.000000	-0.132000
711	0	0.000000	0.000000	0.000000	-0.132000
712	1	0.000000	0.000000	0.000000	-0.132000
713	1	0.000000	0.233000	0.000000	-0.365000
714	0	0.000000	0.000000	0.000000	-0.132000
715	1	0.000000	0.000000	0.000000	-0.132000
716	0	0.000000	0.000000	0.000000	-0.132000
717	1	0.000000	0.000000	0.000000	-0.132000
718	1	0.000000	0.000000	0.000000	-0.132000
719	1	0.000000	0.000000	0.000000	-0.132000
720	1	0.000000	0.234000	0.000000	-0.366000
721	1	0.000000	0.000000	0.000000	-0.366000
722	1	0.000000	0.000000	0.000000	-0.366000
723	1	0.000000	0.000000	0.000000	-0.366000
724	0	0.000000	0.000000	0.000000	-0.132000
725	1	0.000000	0.000000	0.000000	-0.132000
726	1	0.000000	0.000000	0.000000	-0.132000
727	1	0.000000	0.233000	0.000000	-0.365000
728	1	0.000000	0.000000	0.000000	-0.365000
729	1	0.000000	0.000000	0.000000	-0.365000
730	1	0.000000	0.000000	0.000000	-0.365000
731	1	0.000000	0.000000	0.000000	-0.365000
732	1	0.000000	0.000000	0.000000	-0.365000
733	0	0.000000	0.000000	0.000000	-0.132000
734	1	0.000000	0.233000	0.000000	-0.365000
735	1	0.000000	0.000000	0.000000	-0.365000
736	1	0.000000	0.000000	0.000000	-0.365000
737	0	0.000000	0.000000	0.000000	-0.132000
738	1	0.000000	0.000000	0.000000	-0.132000
739	0	0.000000	0.000000	0.000000	-0.132000
740	0	0.000000	0.000000	0.000000	-0.132000
741	1	0.000000	0.234000	0.000000	-0.366000
742	0	0.000000	0.000000	0.000000	-0.132000
743	1	0.000000	0.000000	0.000000	-0.132000
744	0	0.000000	0.000000	0.000000	-0.132000
745	1	0.000000	0.000000	0.000000	-0.132000
746	1	0.000000	0.000000	0.000000	-0.132000
747	1	0.000000	0.000000	0.000000	-0.132000
748	1	0.000000	0.233000	0.000000	-0.365000
749	1	0.000000	0.000000	0.000000	-0.365000
750	1	0.000000	0.000000	0.000000	-0.365000
751	1	0.000000	0.000000	0.000000	-0.365000
752	1	0.000000	0.000000	0.000000	-0.365000
753	1	0.000000	0.000000	0.000000	-0.365000
754	1	0.000000	0.000000	0.000000	-0.365000
755	0	0.000000	0.233000	0.000000	-0.132000
756	1	0.000000	0.000000	0.000000	-0.132000
757	1	0.000000	0.000000	0.000000	-0.132000
758	1	0.000000	0.000000	0.000000	-0.132000
759	1	0.000000	0.000000	0.000000	-0.132000
760	1	0.000000	0.000000	0.000000	-0.132000
761	0	0.000000	0.000000	0.000000	-0.132000
762	1	0.000000	0.234000	0.000000	-0.366000
763	1	0.000000	0.000000	0.000000	-0.366000
764	1	0.000000	0.000000	0.000000	-0.366000
765	1	0.000000	0.000000	0.000000	-0.366000
766	1	0.000000	0.000000	0.000000	-0.366000
767	1	0.000000	0.000000	0.000000	-0.366000
768	1	0.000000	0.000000	0.000000	-0.366000
769	1	0.000000	0.233000	0.000000	-0.599000
770	1	0.000000	0.000000	0.000000	-0.599000
771	1	0.000000	0.000000	0.000000	-0.599000
772	0	0.000000	0.000000	0.000000	-0.132000
773	1	0.000000	0.000000	0.000000	-0.132000
774	1	0.000000	0.000000	0.000000	-0.132000
775	1	0.000000	0.000000	0.000000	-0.132000
776	1	0.000000	0.233000	0.000000	-0.365000
777	1	0.000000	0.000000	0.000000	-0.365000
778	1	0.000000	0.000000	0.000000	-0.365000
779	1	0.000000	0.000000	0.000000	-0.365000
780	1	0.000000	0.000000	0.000000	-0.365000
781	1	0.000000	0.000000	0.000000	-0.365000
782	1	0.000000	0.000000	0.000000	-0.365000
783	1	0.000000	0.234000	0.000000	-0.599000
784	1	0.000000	0.000000	0.000000	-0.599000
785	1	0.000000	0.000000	0.000000	-0.599000
786	1	0.000000	0.000000	0.000000	-0.599000
787	1	0.000000	0.000000	0.000000	-0.599000
788	1	0.000000	0.000000	0.000000	-0.599000
789	1	0.000000	0.000000	0.000000	-0.599000
790	1	0.000000	0.233000	0.000000	-0.832000
791	1	0.000000	0.000000	0.000000	-0.832000
792	1	0.000000	0.000000	0.000000	-0.832000
793	0	0.000000	0.000000	0.000000	-0.132000
794	1	0.000000	0.000000	0.000000	-0.132000
795	1	0.000000	0.000000	0.000000	-0.132000
796	1	0.000000	0.000000	0.000000	-0.132000
797	0	0.000000	0.233000	0.000000	-0.132000
798	1	0.000000	0.000000	0.000000	-0.132000
799	1	0.000000	0.000000	0.000000	-0.132000
800	1	0.000000	0.000000	0.000000	-0.132000
801	1	0.000000	0.000000	0.000000	-0.132000
802	1	0.000000	0.000000	0.000000	-0.132000
803	1	0.000000	0.000000	0.000000	-0.132000
804	0	0.000000	0.000000	0.000000	-0.132000
805	1	0.000000	0.267000	0.000000	-0.399000
806	1	0.000000	0.000000	0.000000	-0.399000
807	1	0.000000	0.000000	0.000000	-0.399000
808	1	0.000000	0.000000	0.000000	-0.399000
809	0	0.000000	0.000000	0.000000	-0.132000
810	1	0.000000	0.000000	0.000000	-0.132000
811	1	0.000000	0.000000	0.000000	-0.132000
812	1	0.000000	0.000000	0.000000	-0.132000
813	1	0.000000	0.267000	0.000000	-0.399000
814	0	0.000000	0.000000	0.000000	-0.132000
815	1	0.000000	0.000000	0.000000	-0.132000
816	1	0.000000	0.000000	0.000000	-0.132000
817	1	0.000000	0.000000	0.000000	-0.132000
818	1	0.000000	0.000000	0.000000	-0.132000
819	1	0.000000	0.000000	0.000000	-0.132000
820	1	0.000000	0.000000	0.000000	-0.132000
821	1	0.000000	0.266000	0.000000	-0.398000
822	1	0.000000	0.000000	0.000000	-0.398000
823	1	0.000000	0.000000	0.000000	-0.398000
824	1	0.000000	0.000000	0.000000	-0.398000
825	1	0.000000	0.000000	0.000000	-0.398000
826	1	0.000000	0.000000	0.000000	-0.398000
827	0	0.000000	0.000000	0.000000	-0.132000
828	1	0.000000	0.001000	0.000000	-0.133000
829	0	0.000000	0.266000	0.000000	-0.132000
830	1	0.000000	0.000000	0.000000	-0.132000
831	0	0.000000	0.000000	0.000000	-0.132000
832	1	0.000000	0.000000	0.000000	-0.132000
833	1	0.000000	0.000000	0.000000	-0.132000
834	1	0.000000	0.000000	0.000000	-0.132000
835	1	0.000000	0.000000	0.000000	-0.132000
836	1	0.000000	0.000000	0.000000	-0.132000
837	1	0.000000	0.267000	0.000000	-0.399000
838	1	0.000000	0.000000	0.000000	-0.399000
839	1	0.000000	0.000000	0.000000	-0.399000
840	1	0.000000	0.000000	0.000000	-0.399000
841	0	0.000000	0.000000	0.000000	-0.132000
842	0	0.000000	0.000000	0.000000	-0.132000
843	1	0.000000	0.000000	0.000000	-0.132000
844	1	0.000000	0.000000	0.000000	-0.132000
845	0	0.000000	0.266000	0.000000	-0.132000
846	1	0.000000	0.000000	0.000000	-0.132000
847	0	0.000000	0.000000	0.000000	-0.132000
848	0	0.000000	0.000000	0.000000	-0.132000
849	1	0.000000	0.000000	0.000000	-0.132000
850	1	0.000000	0.000000	0.000000	-0.132000
851	1	0.000000	0.000000	0.000000	-0.132000
852	0	0.000000	0.001000	0.000000	-0.132000
853	1	0.000000	0.266000	0.000000	-0.398000
854	1	0.000000	0.000000	0.000000	-0.398000
855	1	0.000000	0.000000	0.000000	-0.398000
856	0	0.000000	0.000000	0.000000	-0.132000
857	0	0.000000	0.000000	0.000000	-0.132000
858	1	0.000000	0.000000	0.000000	-0.132000
859	1	0.000000	0.000000	0.000000	-0.132000
860	1	0.000000	0.000000	0.000000	-0.132000
861	1	0.000000	0.267000	0.000000	-0.399000
862	1	0.000000	0.000000	0.000000	-0.399000
863	1	0.000000	0.000000	0.000000	-0.399000
864	1	0.000000	0.000000	0.000000	-0.399000
865	1	0.000000	0.000000	0.000000	-0.399000
866	1	0.000000	0.000000	0.000000	-0.399000
867	1	0.000000	0.000000	0.000000	-0.399000
868	1	0.000000	0.000000	0.000000	-0.399000
869	1	0.000000	0.266000	0.000000	-0.665000
870	1	0.000000	0.000000	0.000000	-0.665000
871	1	0.000000	0.000000	0.000000	-0.665000
872	1	0.000000	0.000000	0.000000	-0.665000
873	1	0.000000	0.000000	0.000000	-0.665000
874	1	0.000000	0.000000	0.000000	-0.665000
875	0	0.000000	0.001000	0.000000	-0.132000
876	0	0.000000	0.000000	0.000000	-0.132000
877	1	0.000000	0.266000	0.000000	-0.398000
878	1	0.000000	0.000000	0.000000	-0.398000
879	1	0.000000	0.000000	0.000000	-0.398000
880	1	0.000000	0.000000	0.000000	-0.398000
881	1	0.000000	0.000000	0.000000	-0.398000
882	1	0.000000	0.000000	0.000000	-0.398000
883	1	0.000000	0.000000	0.000000	-0.398000
884	1	0.000000	0.000000	0.000000	-0.398000
885	1	0.000000	0.267000	0.000000	-0.665000
886	0	0.000000	0.000000	0.000000	-0.132000
887	1	0.000000	0.000000	0.000000	-0.132000
888	0	0.000000	0.000000	0.000000	-0.132000
889	0	0.000000	0.000000	0.000000	-0.132000
890	0	0.000000	0.000000	0.000000	-0.132000
891	0	0.000000	0.000000	0.000000	-0.132000
892	1	0.000000	0.000000	0.000000	-0.132000
893	1	0.000000	0.266000	0.000000	-0.398000
894	1	0.000000	0.000000	0.000000	-0.398000
895	1	0.000000	0.000000	0.000000	-0.398000
896	1	0.000000	0.000000	0.000000	-0.398000
897	1	0.000000	0.000000	0.000000	-0.398000
898	1	0.000000	0.000000	0.000000	-0.398000
899	1	0.000000	0.000000	0.000000	-0.398000
900	0	0.000000	0.001000	0.000000	-0.132000
901	1	0.000000	0.000000	0.000000	-0.132000
902	0	0.000000	0.299000	0.000000	-0.132000
903	1	0.000000	0.000000	0.000000	-0.132000
904	1	0.000000	0.000000	0.000000	-0.132000
905	1	0.000000	0.000000	0.000000	-0.132000
906	1	0.000000	0.000000	0.000000	-0.132000
907	1	0.000000	0.000000	0.000000	-0.132000
908	1	0.000000	0.000000	0.000000	-0.132000
909	1	0.000000	0.000000	0.000000	-0.132000
910	1	0.000000	0.001000	0.000000	-0.133000
911	1	0.000000	0.299000	0.000000	-0.432000
912	1	0.000000	0.000000	0.000000	-0.432000
913	0	0.000000	0.000000	0.000000	-0.132000
914	1	0.000000	0.000000	0.000000	-0.132000
915	1	0.000000	0.000000	0.000000	-0.132000
916	1	0.000000	0.000000	0.000000	-0.132000
917	1	0.000000	0.000000	0.000000	-0.132000
918	0	0.000000	0.000000	0.000000	-0.132000
919	1	0.000000	0.001000	0.000000	-0.133000
920	1	0.000000	0.299000	0.000000	-0.432000
921	1	0.000000	0.000000	0.000000	-0.432000
922	1	0.000000	0.000000	0.000000	-0.432000
923	1	0.000000	0.000000	0.000000	-0.432000
924	0	0.000000	0.000000	0.000000	-0.132000
925	1	0.000000	0.001000	0.000000	-0.133000
926	1	0.000000	0.000000	0.000000	-0.133000
927	0	0.000000	0.000000	0.000000	-0.132000
928	0	0.000000	0.000000	0.000000	-0.132000
929	0	0.000000	0.299000	0.299000	-0.132000
930	1	0.000000	0.000000	0.000000	-0.132000
931	1	0.000000	0.000000	0.000000	-0.132000
932	0	0.000000	0.000000	0.000000	-0.132000
933	0	0.000000	0.000000	0.000000	-0.132000
934	1	0.000000	0.000000	0.000000	-0.132000
935	0	0.000000	0.001000	0.000000	-0.132000
936	1	0.000000	0.000000	0.000000	-0.132000
937	1	0.000000	0.000000	0.000000	-0.132000
938	1	0.000000	0.299000	0.000000	-0.431000
939	1	0.000000	0.000000	0.000000	-0.431000
940	0	0.000000	0.000000	0.000000	-0.132000
941	0	0.000000	0.000000	0.000000	-0.132000
942	1	0.000000	0.000000	0.000000	-0.132000
943	0	0.000000	0.000000	0.000000	-0.132000
944	1	0.000000	0.000000	0.000000	-0.132000
945	1	0.000000	0.000000	0.000000	-0.132000
946	0	0.000000	0.000000	0.000000	-0.132000
947	1	0.000000	0.300000	0.000000	-0.432000
948	0	0.000000	0.000000	0.000000	-0.132000
949	1	0.000000	0.000000	0.000000	-0.132000
950	1	0.000000	0.000000	0.000000	-0.132000
951	1	0.000000	0.000000	0.000000	-0.132000
952	1	0.000000	0.000000	0.000000	-0.132000
953	1	0.000000	0.000000	0.000000	-0.132000
954	1	0.000000	0.000000	0.000000	-0.132000
955	1	0.000000	0.001000	0.000000	-0.133000
956	1	0.000000	0.299000	0.000000	-0.432000
957	1	0.000000	0.000000	0.000000	-0.432000
958	0	0.000000	0.000000	0.000000	-0.132000
959	1	0.000000	0.000000	0.000000	-0.132000
960	0	0.000000	0.000000	0.000000	-0.132000
961	1	0.000000	0.000000	0.000000	-0.132000
962	0	0.000000	0.000000	0.000000	-0.132000
963	1	0.000000	0.001000	0.000000	-0.133000
964	1	0.000000	0.000000	0.000000	-0.133000
965	0	0.000000	0.299000	0.000000	-0.132000
966	1	0.000000	0.000000	0.000000	-0.132000
967	1	0.000000	0.000000	0.000000	-0.132000
968	1	0.000000	0.000000	0.000000	-0.132000
969	1	0.000000	0.000000	0.000000	-0.132000
970	1	0.000000	0.000000	0.000000	-0.132000
971	1	0.000000	0.000000	0.000000	-0.132000
972	1	0.000000	0.000000	0.000000	-0.132000
973	1	0.000000	0.001000	0.000000	-0.133000
974	1	0.000000	0.299000	0.000000	-0.432000
975	1	0.000000	0.000000	0.000000	-0.432000
976	1	0.000000	0.000000	0.000000	-0.432000
977	1	0.000000	0.000000	0.000000	-0.432000
978	1	0.000000	0.000000	0.000000	-0.432000
979	0	0.000000	0.000000	0.000000	-0.132000
980	1	0.000000	0.000000	0.000000	-0.132000
981	1	0.000000	0.000000	0.000000	-0.132000
982	1	0.000000	0.001000	0.000000	-0.133000
983	0	0.000000	0.299000	0.000000	-0.132000
984	0	0.000000	0.000000	0.000000	-0.132000
985	1	0.000000	0.000000	0.000000	-0.132000
986	1	0.000000	0.000000	0.000000	-0.132000
987	0	0.000000	0.000000	0.000000	-0.132000
988	1	0.000000	0.000000	0.000000	-0.132000
989	1	0.000000	0.000000	0.000000	-0.132000
990	1	0.000000	0.001000	0.000000	-0.133000
991	1	0.000000	0.000000	0.000000	-0.133000
992	1	0.000000	0.299000	0.000000	-0.432000
993	1	0.000000	0.000000	0.000000	-0.432000
994	1	0.000000	0.000000	0.000000	-0.432000
995	1	0.000000	0.000000	0.000000	-0.432000
996	1	0.000000	0.000000	0.000000	-0.432000
997	1	0.000000	0.000000	0.000000	-0.432000
998	0	0.000000	0.000000	0.000000	-0.132000
999	1	0.000000	0.001000	0.000000	-0.133000
1000	1	0.000000	0.000000	0.000000	-0.133000
1001	1	0.000000	0.000000	0.000000	-0.133000
1002	1	0.000000	0.333000	0.000000	-0.466000
1003	1	0.000000	0.000000	0.000000	-0.466000
1004	1	0.000000	0.000000	0.000000	-0.466000
1005	1	0.000000	0.000000	0.000000	-0.466000
1006	1	0.000000	0.000000	0.000000	-0.466000
1007	0	0.000000	0.000000	0.000000	-0.132000
1008	1	0.000000	0.000000	0.000000	-0.132000
1009	1	0.000000	0.000000	0.000000	-0.132000
1010	0	0.000000	0.000000	0.000000	-0.132000
1011	1	0.000000	0.000000	0.000000	-0.132000
1012	1	0.000000	0.333000	0.000000	-0.465000
1013	1	0.000000	0.000000	0.000000	-0.465000
1014	1	0.000000	0.000000	0.000000	-0.465000
1015	1	0.000000	0.000000	0.000000	-0.465000
1016	1	0.000000	0.000000	0.000000	-0.465000
1017	1	0.000000	0.000000	0.000000	-0.465000
1018	1	0.000000	0.000000	0.000000	-0.465000
1019	1	0.000000	0.000000	0.000000	-0.465000
1020	1	0.000000	0.000000	0.000000	-0.465000
1021	1	0.000000	0.000000	0.000000	-0.465000
1022	1	0.000000	0.333000	0.000000	-0.798000
1023	0	0.000000	0.000000	0.000000	-0.132000
1024	1	0.000000	0.000000	0.000000	-0.132000
1025	1	0.000000	0.000000	0.000000	-0.132000
1026	1	0.000000	0.000000	0.000000	-0.132000
1027	0	0.000000	0.000000	0.000000	-0.132000
1028	1	0.000000	0.000000	0.000000	-0.132000
1029	1	0.000000	0.001000	0.000000	-0.133000
1030	1	0.000000	0.000000	0.000000	-0.133000
1031	1	0.000000	0.000000	0.000000	-0.133000
1032	1	0.000000	0.333000	0.000000	-0.466000
1033	0	0.000000	0.000000	0.000000	-0.132000
1034	1	0.000000	0.000000	0.000000	-0.132000
1035	1	0.000000	0.000000	0.000000	-0.132000
1036	1	0.000000	0.000000	0.000000	-0.132000
1037	1	0.000000	0.000000	0.000000	-0.132000
1038	1	0.000000	0.000000	0.000000	-0.132000
1039	1	0.000000	0.000000	0.000000	-0.132000
1040	1	0.000000	0.000000	0.000000	-0.132000
1041	1	0.000000	0.000000	0.000000	-0.132000
1042	1	0.000000	0.333000	0.000000	-0.465000
1043	0	0.000000	0.000000	0.000000	-0.132000
1044	1	0.000000	0.000000	0.000000	-0.132000
1045	1	0.000000	0.000000	0.000000	-0.132000
1046	1	0.000000	0.000000	0.000000	-0.132000
1047	1	0.000000	0.000000	0.000000	-0.132000
1048	1	0.000000	0.000000	0.000000	-0.132000
1049	1	0.000000	0.000000	0.000000	-0.132000
1050	1	0.000000	0.000000	0.000000	-0.132000
1051	1	0.000000	0.000000	0.000000	-0.132000
1052	1	0.000000	0.333000	0.000000	-0.465000
1053	1	0.000000	0.000000	0.000000	-0.465000
1054	1	0.000000	0.000000	0.000000	-0.465000
1055	0	0.000000	0.000000	0.000000	-0.132000
1056	1	0.000000	0.000000	0.000000	-0.132000
1057	1	0.000000	0.000000	0.000000	-0.132000
1058	1	0.000000	0.000000	0.000000	-0.132000
1059	1	0.000000	0.000000	0.000000	-0.132000
1060	0	0.000000	0.001000	0.000000	-0.132000
1061	1	0.000000	0.000000	0.000000	-0.132000
1062	1	0.000000	0.333000	0.000000	-0.465000
1063	1	0.000000	0.000000	0.000000	-0.465000
1064	1	0.000000	0.000000	0.000000	-0.465000
1065	1	0.000000	0.000000	0.000000	-0.465000
1066	1	0.000000	0.000000	0.000000	-0.465000
1067	1	0.000000	0.000000	0.000000	-0.465000
1068	1	0.000000	0.000000	0.000000	-0.465000
1069	1	0.000000	0.000000	0.000000	-0.465000
1070	1	0.000000	0.000000	0.000000	-0.465000
1071	1	0.000000	0.000000	0.000000	-0.465000
1072	1	0.000000	0.333000	0.000000	-0.798000
1073	1	0.000000	0.000000	0.000000	-0.798000
1074	0	0.000000	0.000000	0.000000	-0.132000
1075	1	0.000000	0.000000	0.000000	-0.132000
1076	1	0.000000	0.000000	0.000000	-0.132000
1077	1	0.000000	0.000000	0.000000	-0.132000
1078	1	0.000000	0.000000	0.000000	-0.132000
1079	1	0.000000	0.000000	0.000000	-0.132000
1080	1	0.000000	0.000000	0.000000	-0.132000
1081	1	0.000000	0.000000	0.000000	-0.132000
1082	1	0.000000	0.333000	0.000000	-0.465000
1083	1	0.000000	0.000000	0.000000	-0.465000
1084	1	0.000000	0.000000	0.000000	-0.465000
1085	0	0.000000	0.000000	0.000000	-0.132000
1086	1	0.000000	0.000000	0.000000	-0.132000
1087	1	0.000000	0.000000	0.000000	-0.132000
1088	0	0.000000	0.000000	0.000000	-0.132000
1089	1	0.000000	0.000000	0.000000	-0.132000
1090	1	0.000000	0.001000	0.000000	-0.133000
1091	1	0.000000	0.000000	0.000000	-0.133000
1092	1	0.000000	0.333000	0.000000	-0.466000
1093	0	0.000000	0.000000	0.000000	-0.132000
1094	1	0.000000	0.000000	0.000000	-0.132000
1095	1	0.000000	0.000000	0.000000	-0.132000
1096	1	0.000000	0.000000	0.000000	-0.132000
1097	1	0.000000	0.000000	0.000000	-0.132000
1098	1	0.000000	0.000000	0.000000	-0.132000
1099	1	0.000000	0.000000	0.000000	-0.132000
1100	0	0.000000	0.000000	0.000000	-0.132000
1101	1	0.000000	0.000000	0.000000	-0.132000
1102	1	0.000000	0.000000	0.000000	-0.132000
1103	1	0.000000	0.366000	0.000000	-0.498000
1104	1	0.000000	0.000000	0.000000	-0.498000
1105	1	0.000000	0.000000	0.000000	-0.498000
1106	1	0.000000	0.000000	0.000000	-0.498000
1107	1	0.000000	0.000000	0.000000	-0.498000
1108	1	0.000000	0.000000	0.000000	-0.498000
1109	0	0.000000	0.001000	0.000000	-0.132000
1110	1	0.000000	0.000000	0.000000	-0.132000
1111	1	0.000000	0.000000	0.000000	-0.132000
1112	0	0.000000	0.000000	0.000000	-0.132000
1113	1	0.000000	0.000000	0.000000	-0.132000
1114	1	0.000000	0.366000	0.000000	-0.498000
1115	1	0.000000	0.000000	0.000000	-0.498000
1116	1	0.000000	0.000000	0.000000	-0.498000
1117	1	0.000000	0.000000	0.000000	-0.498000
1118	1	0.000000	0.000000	0.000000	-0.498000
1119	1	0.000000	0.000000	0.000000	-0.498000
1120	1	0.000000	0.000000	0.000000	-0.498000
1121	1	0.000000	0.000000	0.000000	-0.498000
1122	1	0.000000	0.000000	0.000000	-0.498000
1123	1	0.000000	0.000000	0.000000	-0.498000
1124	1	0.000000	0.000000	0.000000	-0.498000
1125	1	0.000000	0.367000	0.000000	-0.865000
1126	1	0.000000	0.000000	0.000000	-0.865000
1127	1	0.000000	0.000000	0.000000	-0.865000
1128	1	0.000000	0.000000	0.000000	-0.865000
1129	1	0.000000	0.000000	0.000000	-0.865000
1130	1	0.000000	0.000000	0.000000	-0.865000
1131	1	0.000000	0.000000	0.000000	-0.865000
1132	1	0.000000	0.000000	0.000000	-0.865000
1133	1	0.000000	0.000000	0.000000	-0.865000
1134	0	0.000000	0.000000	0.000000	-0.132000
1135	0	0.000000	0.000000	0.000000	-0.132000
1136	1	0.000000	0.366000	0.000000	-0.498000
1137	1	0.000000	0.000000	0.000000	-0.498000
1138	1	0.000000	0.000000	0.000000	-0.498000
1139	1	0.000000	0.000000	0.000000	-0.498000
1140	1	0.000000	0.000000	0.000000	-0.498000
1141	1	0.000000	0.000000	0.000000	-0.498000
1142	1	0.000000	0.001000	0.000000	-0.499000
1143	0	0.000000	0.000000	0.000000	-0.132000
1144	1	0.000000	0.000000	0.000000	-0.132000
1145	1	0.000000	0.000000	0.000000	-0.132000
1146	1	0.000000	0.000000	0.000000	-0.132000
1147	1	0.000000	0.366000	0.000000	-0.498000
1148	1	0.000000	0.000000	0.000000	-0.498000
1149	1	0.000000	0.000000	0.000000	-0.498000
1150	1	0.000000	0.000000	0.000000	-0.498000
1151	1	0.000000	0.000000	0.000000	-0.498000
1152	0	0.000000	0.000000	0.000000	-0.132000
1153	0	0.000000	0.000000	0.000000	-0.132000
1154	1	0.000000	0.000000	0.000000	-0.132000
1155	1	0.000000	0.000000	0.000000	-0.132000
1156	0	0.000000	0.000000	0.000000	-0.132000
1157	0	0.000000	0.000000	0.000000	-0.132000
1158	1	0.000000	0.367000	0.000000	-0.499000
1159	1	0.000000	0.000000	0.000000	-0.499000
1160	1	0.000000	0.000000	0.000000	-0.499000
1161	1	0.000000	0.000000	0.000000	-0.499000
1162	1	0.000000	0.000000	0.000000	-0.499000
1163	1	0.000000	0.000000	0.000000	-0.499000
1164	0	0.000000	0.000000	0.000000	-0.132000
1165	1	0.000000	0.000000	0.000000	-0.132000
1166	1	0.000000	0.000000	0.000000	-0.132000
1167	1	0.000000	0.000000	0.000000	-0.132000
1168	1	0.000000	0.000000	0.000000	-0.132000
1169	1	0.000000	0.366000	0.000000	-0.498000
1170	1	0.000000	0.000000	0.000000	-0.498000
1171	1	0.000000	0.000000	0.000000	-0.498000
1172	0	0.000000	0.000000	0.000000	-0.132000
1173	1	0.000000	0.000000	0.000000	-0.132000
1174	1	0.000000	0.000000	0.000000	-0.132000
1175	1	0.000000	0.001000	0.000000	-0.133000
1176	1	0.000000	0.000000	0.000000	-0.133000
1177	1	0.000000	0.000000	0.000000	-0.133000
1178	1	0.000000	0.000000	0.000000	-0.133000
1179	1	0.000000	0.000000	0.000000	-0.133000
1180	1	0.000000	0.366000	0.000000	-0.499000
1181	1	0.000000	0.000000	0.000000	-0.499000
1182	1	0.000000	0.000000	0.000000	-0.499000
1183	1	0.000000	0.000000	0.000000	-0.499000
1184	1	0.000000	0.000000	0.000000	-0.499000
1185	0	0.000000	0.000000	0.000000	-0.132000
1186	1	0.000000	0.000000	0.000000	-0.132000
1187	1	0.000000	0.000000	0.000000	-0.132000
1188	1	0.000000	0.000000	0.000000	-0.132000
1189	0	0.000000	0.000000	0.000000	-0.132000
1190	1	0.000000	0.000000	0.000000	-0.132000
1191	1	0.000000	0.367000	0.000000	-0.499000
1192	1	0.000000	0.000000	0.000000	-0.499000
1193	0	0.000000	0.000000	0.000000	-0.132000
1194	0	0.000000	0.000000	0.000000	-0.132000
1195	1	0.000000	0.000000	0.000000	-0.132000
1196	0	0.000000	0.000000	0.000000	-0.132000
1197	1	0.000000	0.000000	0.000000	-0.132000
1198	1	0.000000	0.000000	0.000000	-0.132000
1199	1	0.000000	0.000000	0.000000	-0.132000
1200	1	0.000000	0.000000	0.000000	-0.132000
1201	1	0.000000	0.000000	0.000000	-0.132000
1202	1	0.000000	0.000000	0.000000	-0.132000
1203	1	0.000000	0.400000	0.000000	-0.532000
1204	1	0.000000	0.000000	0.000000	-0.532000
1205	1	0.000000	0.000000	0.000000	-0.532000
1206	0	0.000000	0.000000	0.000000	-0.132000
1207	1	0.000000	0.000000	0.000000	-0.132000
1208	1	0.000000	0.000000	0.000000	-0.132000
1209	1	0.000000	0.000000	0.000000	-0.132000
1210	1	0.000000	0.000000	0.000000	-0.132000
1211	1	0.000000	0.000000	0.000000	-0.132000
1212	1	0.000000	0.000000	0.000000	-0.132000
1213	0	0.000000	0.000000	0.000000	-0.132000
1214	1	0.000000	0.000000	0.000000	-0.132000
1215	0	0.000000	0.400000	0.000000	-0.132000
1216	1	0.000000	0.000000	0.000000	-0.132000
1217	1	0.000000	0.000000	0.000000	-0.132000
1218	1	0.000000	0.000000	0.000000	-0.132000
1219	1	0.000000	0.000000	0.000000	-0.132000
1220	0	0.000000	0.000000	0.000000	-0.132000
1221	1	0.000000	0.000000	0.000000	-0.132000
1222	0	0.000000	0.000000	0.000000	-0.132000
1223	1	0.000000	0.000000	0.000000	-0.132000
1224	0	0.000000	0.000000	0.000000	-0.132000
1225	1	0.000000	0.000000	0.000000	-0.132000
1226	0	0.000000	0.000000	0.000000	-0.132000
1227	0	0.000000	0.400000	0.400000	-0.132000
1228	1	0.000000	0.000000	0.000000	-0.132000
1229	1	0.000000	0.000000	0.000000	-0.132000
1230	1	0.000000	0.000000	0.000000	-0.132000
1231	1	0.000000	0.000000	0.000000	-0.132000
1232	1	0.000000	0.000000	0.000000	-0.132000
1233	0	0.000000	0.000000	0.000000	-0.132000
1234	1	0.000000	0.000000	0.000000	-0.132000
1235	1	0.000000	0.000000	0.000000	-0.132000
1236	1	0.000000	0.000000	0.000000	-0.132000
1237	0	0.000000	0.000000	0.000000	-0.132000
1238	1	0.000000	0.000000	0.000000	-0.132000
1239	0	0.000000	0.400000	0.000000	-0.132000
1240	0	0.000000	0.000000	0.000000	-0.132000
1241	1	0.000000	0.000000	0.000000	-0.132000
1242	1	0.000000	0.000000	0.000000	-0.132000
1243	1	0.000000	0.000000	0.000000	-0.132000
1244	1	0.000000	0.000000	0.000000	-0.132000
1245	1	0.000000	0.000000	0.000000	-0.132000
1246	1	0.000000	0.000000	0.000000	-0.132000
1247	1	0.000000	0.000000	0.000000	-0.132000
1248	1	0.000000	0.000000	0.000000	-0.132000
1249	1	0.000000	0.000000	0.000000	-0.132000
1250	1	0.000000	0.000000	0.000000	-0.132000
1251	1	0.000000	0.400000	0.000000	-0.532000
1252	1	0.000000	0.000000	0.000000	-0.532000
1253	1	0.000000	0.000000	0.000000	-0.532000
1254	1	0.000000	0.000000	0.000000	-0.532000
1255	1	0.000000	0.000000	0.000000	-0.532000
1256	1	0.000000	0.000000	0.000000	-0.532000
1257	1	0.000000	0.000000	0.000000	-0.532000
1258	1	0.000000	0.000000	0.000000	-0.532000
1259	1	0.000000	0.000000	0.000000	-0.532000
1260	1	0.000000	0.000000	0.000000	-0.532000
1261	0	0.000000	0.000000	0.000000	-0.132000
1262	1	0.000000	0.000000	0.000000	-0.132000
1263	1	0.000000	0.400000	0.000000	-0.532000
1264	1	0.000000	0.000000	0.000000	-0.532000
1265	1	0.000000	0.000000	0.000000	-0.532000
1266	1	0.000000	0.000000	0.000000	-0.532000
1267	1	0.000000	0.000000	0.000000	-0.532000
1268	0	0.000000	0.000000	0.000000	-0.132000
1269	0	0.000000	0.000000	0.000000	-0.132000
1270	1	0.000000	0.000000	0.000000	-0.132000
1271	0	0.000000	0.000000	0.000000	-0.132000
1272	1	0.000000	0.000000	0.000000	-0.132000
1273	1	0.000000	0.000000	0.000000	-0.132000
1274	1	0.000000	0.000000	0.000000	-0.132000
1275	1	0.000000	0.400000	0.000000	-0.532000
1276	1	0.000000	0.000000	0.000000	-0.532000
1277	1	0.000000	0.000000	0.000000	-0.532000
1278	0	0.000000	0.000000	0.000000	-0.132000
1279	1	0.000000	0.000000	0.000000	-0.132000
1280	1	0.000000	0.000000	0.000000	-0.132000
1281	1	0.000000	0.000000	0.000000	-0.132000
1282	1	0.000000	0.000000	0.000000	-0.132000
1283	1	0.000000	0.000000	0.000000	-0.132000
1284	1	0.000000	0.000000	0.000000	-0.132000
1285	1	0.000000	0.000000	0.000000	-0.132000
1286	1	0.000000	0.000000	0.000000	-0.132000
1287	1	0.000000	0.400000	0.000000	-0.532000
1288	1	0.000000	0.000000	0.000000	-0.532000
1289	1	0.000000	0.000000	0.000000	-0.532000
1290	1	0.000000	0.000000	0.000000	-0.532000
1291	1	0.000000	0.000000	0.000000	-0.532000
1292	0	0.000000	0.000000	0.000000	-0.132000
1293	1	0.000000	0.000000	0.000000	-0.132000
1294	1	0.000000	0.000000	0.000000	-0.132000
1295	1	0.000000	0.000000	0.000000	-0.132000
1296	1	0.000000	0.000000	0.000000	-0.132000
1297	1	0.000000	0.000000	0.000000	-0.132000
1298	1	0.000000	0.000000	0.000000	-0.132000
1299	1	0.000000	0.400000	0.000000	-0.532000
1300	0	0.000000	0.000000	0.000000	-0.132000
1301	1	0.000000	0.000000	0.000000	-0.132000
1302	1	0.000000	0.000000	0.000000	-0.132000
1303	0	0.000000	0.000000	0.000000	-0.132000
1304	1	0.000000	0.000000	0.000000	-0.132000
1305	1	0.000000	0.000000	0.000000	-0.132000
1306	1	0.000000	0.000000	0.000000	-0.132000
1307	1	0.000000	0.000000	0.000000	-0.132000
1308	1	0.000000	0.000000	0.000000	-0.132000
1309	1	0.000000	0.000000	0.000000	-0.132000
1310	0	0.000000	0.000000	0.000000	-0.132000
1311	1	0.000000	0.000000	0.000000	-0.132000
1312	1	0.000000	0.433000	0.000000	-0.565000
1313	0	0.000000	0.000000	0.000000	-0.132000
1314	1	0.000000	0.000000	0.000000	-0.132000
1315	1	0.000000	0.000000	0.000000	-0.132000
1316	0	0.000000	0.000000	0.000000	-0.132000
1317	1	0.000000	0.000000	0.000000	-0.132000
1318	1	0.000000	0.000000	0.000000	-0.132000
1319	1	0.000000	0.000000	0.000000	-0.132000
1320	1	0.000000	0.000000	0.000000	-0.132000
1321	1	0.000000	0.000000	0.000000	-0.132000
1322	0	0.000000	0.000000	0.000000	-0.132000
1323	1	0.000000	0.000000	0.000000	-0.132000
1324	1	0.000000	0.000000	0.000000	-0.132000
1325	1	0.000000	0.433000	0.000000	-0.565000
1326	1	0.000000	0.000000	0.000000	-0.565000
1327	0	0.000000	0.000000	0.000000	-0.132000
1328	1	0.000000	0.000000	0.000000	-0.132000
1329	0	0.000000	0.000000	0.000000	-0.132000
1330	1	0.000000	0.000000	0.000000	-0.132000
1331	1	0.000000	0.000000	0.000000	-0.132000
1332	1	0.000000	0.000000	0.000000	-0.132000
1333	1	0.000000	0.000000	0.000000	-0.132000
1334	1	0.000000	0.000000	0.000000	-0.132000
1335	0	0.000000	0.001000	0.000000	-0.132000
1336	1	0.000000	0.000000	0.000000	-0.132000
1337	1	0.000000	0.000000	0.000000	-0.132000
1338	1	0.000000	0.433000	0.000000	-0.565000
1339	1	0.000000	0.000000	0.000000	-0.565000
1340	1	0.000000	0.000000	0.000000	-0.565000
1341	1	0.000000	0.000000	0.000000	-0.565000
1342	1	0.000000	0.000000	0.000000	-0.565000
1343	1	0.000000	0.000000	0.000000	-0.565000
1344	1	0.000000	0.000000	0.000000	-0.565000
1345	1	0.000000	0.000000	0.000000	-0.565000
1346	1	0.000000	0.000000	0.000000	-0.565000
1347	1	0.000000	0.000000	0.000000	-0.565000
1348	1	0.000000	0.000000	0.000000	-0.565000
1349	1	0.000000	0.000000	0.000000	-0.565000
1350	1	0.000000	0.000000	0.000000	-0.565000
1351	1	0.000000	0.433000	0.000000	-0.998000
1352	1	0.000000	0.000000	0.000000	-0.998000
1353	1	0.000000	0.000000	0.000000	-0.998000
1354	1	0.000000	0.000000	0.000000	-0.998000
1355	1	0.000000	0.000000	0.000000	-0.998000
1356	1	0.000000	0.000000	0.000000	-0.998000
1357	0	0.000000	0.000000	0.000000	-0.132000
1358	1	0.000000	0.000000	0.000000	-0.132000
1359	0	0.000000	0.000000	0.000000	-0.132000
1360	0	0.000000	0.000000	0.000000	-0.132000
1361	1	0.000000	0.000000	0.000000	-0.132000
1362	1	0.000000	0.000000	0.000000	-0.132000
1363	1	0.000000	0.000000	0.000000	-0.132000
1364	1	0.000000	0.433000	0.000000	-0.565000
1365	1	0.000000	0.000000	0.000000	-0.565000
1366	0	0.000000	0.000000	0.000000	-0.132000
1367	1	0.000000	0.000000	0.000000	-0.132000
1368	0	0.000000	0.000000	0.000000	-0.132000
1369	0	0.000000	0.000000	0.000000	-0.132000
1370	1	0.000000	0.000000	0.000000	-0.132000
1371	1	0.000000	0.001000	0.000000	-0.133000
1372	1	0.000000	0.000000	0.000000	-0.133000
1373	1	0.000000	0.000000	0.000000	-0.133000
1374	1	0.000000	0.000000	0.000000	-0.133000
1375	1	0.000000	0.000000	0.000000	-0.133000
1376	0	0.000000	0.000000	0.000000	-0.132000
1377	0	0.000000	0.433000	0.433000	-0.132000
1378	1	0.000000	0.000000	0.000000	-0.132000
1379	1	0.000000	0.000000	0.000000	-0.132000
1380	1	0.000000	0.000000	0.000000	-0.132000
1381	1	0.000000	0.000000	0.000000	-0.132000
1382	1	0.000000	0.000000	0.000000	-0.132000
1383	0	0.000000	0.000000	0.000000	-0.132000
1384	1	0.000000	0.000000	0.000000	-0.132000
1385	1	0.000000	0.000000	0.000000	-0.132000
1386	1	0.000000	0.000000	0.000000	-0.132000
1387	1	0.000000	0.000000	0.000000	-0.132000
1388	0	0.000000	0.000000	0.000000	-0.132000
1389	0	0.000000	0.000000	0.000000	-0.132000
1390	1	0.000000	0.433000	0.000000	-0.565000
1391	1	0.000000	0.000000	0.000000	-0.565000
1392	1	0.000000	0.000000	0.000000	-0.565000
1393	1	0.000000	0.000000	0.000000	-0.565000
1394	1	0.000000	0.000000	0.000000	-0.565000
1395	0	0.000000	0.000000	0.000000	-0.132000
1396	1	0.000000	0.000000	0.000000	-0.132000
1397	1	0.000000	0.000000	0.000000	-0.132000
1398	1	0.000000	0.000000	0.000000	-0.132000
1399	1	0.000000	0.000000	0.000000	-0.132000
1400	1	0.000000	0.000000	0.000000	-0.132000
1401	1	0.000000	0.000000	0.000000	-0.132000
1402	1	0.000000	0.000000	0.000000	-0.132000
1403	1	0.000000	0.000000	0.000000	-0.132000
1404	1	0.000000	0.467000	0.000000	-0.599000
1405	0	0.000000	0.000000	0.000000	-0.132000
1406	0	0.000000	0.000000	0.000000	-0.132000
1407	1	0.000000	0.000000	0.000000	-0.132000
1408	0	0.000000	0.000000	0.000000	-0.132000
1409	1	0.000000	0.000000	0.000000	-0.132000
1410	1	0.000000	0.000000	0.000000	-0.132000
1411	1	0.000000	0.000000	0.000000	-0.132000
1412	1	0.000000	0.000000	0.000000	-0.132000
1413	1	0.000000	0.000000	0.000000	-0.132000
1414	1	0.000000	0.000000	0.000000	-0.132000
1415	1	0.000000	0.000000	0.000000	-0.132000
1416	1	0.000000	0.000000	0.000000	-0.132000
1417	1	0.000000	0.000000	0.000000	-0.132000
1418	1	0.000000	0.466000	0.000000	-0.598000
1419	1	0.000000	0.000000	0.000000	-0.598000
1420	0	0.000000	0.000000	0.000000	-0.132000
1421	1	0.000000	0.000000	0.000000	-0.132000
1422	0	0.000000	0.000000	0.000000	-0.132000
1423	1	0.000000	0.000000	0.000000	-0.132000
1424	1	0.000000	0.000000	0.000000	-0.132000
1425	1	0.000000	0.000000	0.000000	-0.132000
1426	1	0.000000	0.000000	0.000000	-0.132000
1427	1	0.000000	0.001000	0.000000	-0.133000
1428	1	0.000000	0.000000	0.000000	-0.133000
1429	1	0.000000	0.000000	0.000000	-0.133000
1430	1	0.000000	0.000000	0.000000	-0.133000
1431	0	0.000000	0.000000	0.000000	-0.132000
1432	1	0.000000	0.466000	0.000000	-0.598000
1433	0	0.000000	0.000000	0.000000	-0.132000
1434	0	0.000000	0.000000	0.000000	-0.132000
1435	1	0.000000	0.000000	0.000000	-0.132000
1436	1	0.000000	0.000000	0.000000	-0.132000
1437	1	0.000000	0.000000	0.000000	-0.132000
1438	1	0.000000	0.000000	0.000000	-0.132000
1439	1	0.000000	0.000000	0.000000	-0.132000
1440	1	0.000000	0.000000	0.000000	-0.132000
1441	1	0.000000	0.000000	0.000000	-0.132000
1442	0	0.000000	0.000000	0.000000	-0.132000
1443	1	0.000000	0.000000	0.000000	-0.132000
1444	0	0.000000	0.000000	0.000000	-0.132000
1445	1	0.000000	0.000000	0.000000	-0.132000
1446	1	0.000000	0.467000	0.000000	-0.599000
1447	1	0.000000	0.000000	0.000000	-0.599000
1448	1	0.000000	0.000000	0.000000	-0.599000
1449	1	0.000000	0.000000	0.000000	-0.599000
1450	0	0.000000	0.000000	0.000000	-0.132000
1451	1	0.000000	0.000000	0.000000	-0.132000
1452	1	0.000000	0.000000	0.000000	-0.132000
1453	1	0.000000	0.000000	0.000000	-0.132000
1454	0	0.000000	0.000000	0.000000	-0.132000
1455	1	0.000000	0.000000	0.000000	-0.132000
1456	1	0.000000	0.000000	0.000000	-0.132000
1457	0	0.000000	0.000000	0.000000	-0.132000
1458	1	0.000000	0.000000	0.000000	-0.132000
1459	0	0.000000	0.000000	0.000000	-0.132000
1460	1	0.000000	0.469000	0.000000	-0.601000
1461	1	0.000000	0.000000	0.000000	-0.601000
1462	1	0.000000	0.000000	0.000000	-0.601000
1463	0	0.000000	0.000000	0.000000	-0.132000
1464	0	0.000000	0.000000	0.000000	-0.132000
1465	1	0.000000	0.000000	0.000000	-0.132000
1466	0	0.000000	0.000000	0.000000	-0.132000
1467	1	0.000000	0.000000	0.000000	-0.132000
1468	1	0.000000	0.000000	0.000000	-0.132000
1469	1	0.000000	0.000000	0.000000	-0.132000
1470	1	0.000000	0.000000	0.000000	-0.132000
1471	1	0.000000	0.000000	0.000000	-0.132000
1472	1	0.000000	0.000000	0.000000	-0.132000
1473	1	0.000000	0.000000	0.000000	-0.132000
1474	0	0.000000	0.464000	0.000000	-0.132000
1475	1	0.000000	0.000000	0.000000	-0.132000
1476	1	0.000000	0.000000	0.000000	-0.132000
1477	0	0.000000	0.000000	0.000000	-0.132000
1478	1	0.000000	0.000000	0.000000	-0.132000
1479	1	0.000000	0.000000	0.000000	-0.132000
1480	1	0.000000	0.000000	0.000000	-0.132000
1481	0	0.000000	0.000000	0.000000	-0.132000
1482	0	0.000000	0.000000	0.000000	-0.132000
1483	1	0.000000	0.000000	0.000000	-0.132000
1484	1	0.000000	0.000000	0.000000	-0.132000
1485	1	0.000000	0.000000	0.000000	-0.132000
1486	0	0.000000	0.000000	0.000000	-0.132000
1487	0	0.000000	0.000000	0.000000	-0.132000
1488	1	0.000000	0.467000	0.000000	-0.599000
1489	1	0.000000	0.000000	0.000000	-0.599000
1490	1	0.000000	0.000000	0.000000	-0.599000
1491	1	0.000000	0.000000	0.000000	-0.599000
1492	1	0.000000	0.000000	0.000000	-0.599000
1493	1	0.000000	0.000000	0.000000	-0.599000
1494	1	0.000000	0.000000	0.000000	-0.599000
1495	0	0.000000	0.000000	0.000000	-0.132000
1496	1	0.000000	0.000000	0.000000	-0.132000
1497	1	0.000000	0.000000	0.000000	-0.132000
1498	1	0.000000	0.000000	0.000000	-0.132000
1499	1	0.000000	0.000000	0.000000	-0.132000
1500	1	0.000000	0.000000	0.000000	-0.132000
1501	0	0.000000	0.000000	0.000000	-0.132000
1502	0	0.000000	0.000000	0.000000	-0.132000
1503	1	0.000000	0.500000	0.000000	-0.632000
1504	1	0.000000	0.000000	0.000000	-0.632000
1505	1	0.000000	0.000000	0.000000	-0.632000
1506	0	0.000000	0.000000	0.000000	-0.132000
1507	1	0.000000	0.000000	0.000000	-0.132000
1508	1	0.000000	0.000000	0.000000	-0.132000
1509	1	0.000000	0.000000	0.000000	-0.132000
1510	1	0.000000	0.000000	0.000000	-0.132000
1511	0	0.000000	0.000000	0.000000	-0.132000
1512	1	0.000000	0.000000	0.000000	-0.132000
1513	1	0.000000	0.000000	0.000000	-0.132000
1514	0	0.000000	0.000000	0.000000	-0.132000
1515	1	0.000000	0.000000	0.000000	-0.132000
1516	1	0.000000	0.000000	0.000000	-0.132000
1517	1	0.000000	0.000000	0.000000	-0.132000
1518	0	0.000000	0.500000	0.000000	-0.132000
1519	0	0.000000	0.000000	0.000000	-0.132000
1520	1	0.000000	0.000000	0.000000	-0.132000
1521	0	0.000000	0.000000	0.000000	-0.132000
1522	0	0.000000	0.000000	0.000000	-0.132000
1523	1	0.000000	0.000000	0.000000	-0.132000
1524	1	0.000000	0.000000	0.000000	-0.132000
1525	1	0.000000	0.000000	0.000000	-0.132000
1526	1	0.000000	0.000000	0.000000	-0.132000
1527	1	0.000000	0.000000	0.000000	-0.132000
1528	1	0.000000	0.000000	0.000000	-0.132000
1529	1	0.000000	0.000000	0.000000	-0.132000
1530	1	0.000000	0.000000	0.000000	-0.132000
1531	1	0.000000	0.000000	0.000000	-0.132000
1532	1	0.000000	0.000000	0.000000	-0.132000
1533	1	0.000000	0.500000	0.000000	-0.632000
1534	1	0.000000	0.000000	0.000000	-0.632000
1535	0	0.000000	0.000000	0.000000	-0.132000
1536	1	0.000000	0.000000	0.000000	-0.132000
1537	1	0.000000	0.000000	0.000000	-0.132000
1538	1	0.000000	0.000000	0.000000	-0.132000
1539	1	0.000000	0.000000	0.000000	-0.132000
1540	1	0.000000	0.000000	0.000000	-0.132000
1541	1	0.000000	0.000000	0.000000	-0.132000
1542	1	0.000000	0.000000	0.000000	-0.132000
1543	0	0.000000	0.000000	0.000000	-0.132000
1544	1	0.000000	0.000000	0.000000	-0.132000
1545	1	0.000000	0.000000	0.000000	-0.132000
1546	1	0.000000	0.000000	0.000000	-0.132000
1547	1	0.000000	0.000000	0.000000	-0.132000
1548	1	0.000000	0.500000	0.000000	-0.632000
1549	1	0.000000	0.000000	0.000000	-0.632000
1550	1	0.000000	0.000000	0.000000	-0.632000
1551	1	0.000000	0.000000	0.000000	-0.632000
1552	1	0.000000	0.000000	0.000000	-0.632000
1553	1	0.000000	0.000000	0.000000	-0.632000
1554	1	0.000000	0.000000	0.000000	-0.632000
1555	1	0.000000	0.000000	0.000000	-0.632000
1556	1	0.000000	0.000000	0.000000	-0.632000
1557	1	0.000000	0.000000	0.000000	-0.632000
1558	1	0.000000	0.000000	0.000000	-0.632000
1559	1	0.000000	0.000000	0.000000	-0.632000
1560	1	0.000000	0.000000	0.000000	-0.632000
1561	1	0.000000	0.000000	0.000000	-0.632000
1562	1	0.000000	0.000000	0.000000	-0.632000
1563	0	0.000000	0.500000	0.000000	-0.132000
1564	1	0.000000	0.000000	0.000000	-0.132000
1565	1	0.000000	0.000000	0.000000	-0.132000
1566	0	0.000000	0.000000	0.000000	-0.132000
1567	1	0.000000	0.000000	0.000000	-0.132000
1568	1	0.000000	0.000000	0.000000	-0.132000
1569	1	0.000000	0.000000	0.000000	-0.132000
1570	1	0.000000	0.000000	0.000000	-0.132000
1571	1	0.000000	0.000000	0.000000	-0.132000
1572	1	0.000000	0.000000	0.000000	-0.132000
1573	1	0.000000	0.000000	0.000000	-0.132000
1574	1	0.000000	0.000000	0.000000	-0.132000
1575	1	0.000000	0.000000	0.000000	-0.132000
1576	0	0.000000	0.000000	0.000000	-0.132000
1577	0	0.000000	0.000000	0.000000	-0.132000
1578	1	0.000000	0.500000	0.000000	-0.632000
1579	1	0.000000	0.000000	0.000000	-0.632000
1580	1	0.000000	0.000000	0.000000	-0.632000
1581	0	0.000000	0.000000	0.000000	-0.132000
1582	1	0.000000	0.000000	0.000000	-0.132000
1583	0	0.000000	0.000000	0.000000	-0.132000
1584	1	0.000000	0.000000	0.000000	-0.132000
1585	1	0.000000	0.000000	0.000000	-0.132000
1586	1	0.000000	0.000000	0.000000	-0.132000
1587	1	0.000000	0.000000	0.000000	-0.132000
1588	1	0.000000	0.000000	0.000000	-0.132000
1589	1	0.000000	0.000000	0.000000	-0.132000
1590	1	0.000000	0.000000	0.000000	-0.132000
1591	1	0.000000	0.000000	0.000000	-0.132000
1592	1	0.000000	0.000000	0.000000	-0.132000
1593	1	0.000000	0.500000	0.000000	-0.632000
1594	1	0.000000	0.000000	0.000000	-0.632000
1595	1	0.000000	0.000000	0.000000	-0.632000
1596	0	0.000000	0.000000	0.000000	-0.132000
1597	1	0.000000	0.000000	0.000000	-0.132000
1598	1	0.000000	0.000000	0.000000	-0.132000
1599	1	0.000000	0.000000	0.000000	-0.132000
1600	1	0.000000	0.000000	0.000000	-0.132000
1601	1	0.000000	0.000000	0.000000	-0.132000
1602	1	0.000000	0.000000	0.000000	-0.132000
1603	1	0.000000	0.000000	0.000000	-0.132000
1604	1	0.000000	0.000000	0.000000	-0.132000
1605	1	0.000000	0.000000	0.000000	-0.132000
1606	0	0.000000	0.000000	0.000000	-0.132000
1607	1	0.000000	0.000000	0.000000	-0.132000
1608	1	0.000000	0.000000	0.000000	-0.132000
1609	0	0.000000	0.533000	0.000000	-0.132000
1610	1	0.000000	0.000000	0.000000	-0.132000
1611	0	0.000000	0.000000	0.000000	-0.132000
1612	0	0.000000	0.000000	0.000000	-0.132000
1613	1	0.000000	0.000000	0.000000	-0.132000
1614	1	0.000000	0.000000	0.000000	-0.132000
1615	0	0.000000	0.000000	0.000000	-0.132000
1616	1	0.000000	0.000000	0.000000	-0.132000
1617	1	0.000000	0.000000	0.000000	-0.132000
1618	1	0.000000	0.000000	0.000000	-0.132000
1619	1	0.000000	0.000000	0.000000	-0.132000
1620	1	0.000000	0.000000	0.000000	-0.132000
1621	1	0.000000	0.000000	0.000000	-0.132000
1622	1	0.000000	0.000000	0.000000	-0.132000
1623	1	0.000000	0.000000	0.000000	-0.132000
1624	1	0.000000	0.000000	0.000000	-0.132000
1625	1	0.000000	0.533000	0.000000	-0.665000
1626	1	0.000000	0.000000	0.000000	-0.665000
1627	0	0.000000	0.000000	0.000000	-0.132000
1628	1	0.000000	0.001000	0.000000	-0.133000
1629	1	0.000000	0.000000	0.000000	-0.133000
1630	0	0.000000	0.000000	0.000000	-0.132000
1631	1	0.000000	0.000000	0.000000	-0.132000
1632	1	0.000000	0.000000	0.000000	-0.132000
1633	1	0.000000	0.000000	0.000000	-0.132000
1634	0	0.000000	0.000000	0.000000	-0.132000
1635	0	0.000000	0.000000	0.000000	-0.132000
1636	0	0.000000	0.000000	0.000000	-0.132000
1637	1	0.000000	0.000000	0.000000	-0.132000
1638	1	0.000000	0.000000	0.000000	-0.132000
1639	1	0.000000	0.000000	0.000000	-0.132000
1640	1	0.000000	0.000000	0.000000	-0.132000
1641	1	0.000000	0.533000	0.000000	-0.665000
1642	1	0.000000	0.000000	0.000000	-0.665000
1643	1	0.000000	0.000000	0.000000	-0.665000
1644	1	0.000000	0.000000	0.000000	-0.665000
1645	1	0.000000	0.000000	0.000000	-0.665000
1646	1	0.000000	0.000000	0.000000	-0.665000
1647	1	0.000000	0.000000	0.000000	-0.665000
1648	1	0.000000	0.000000	0.000000	-0.665000
1649	1	0.000000	0.000000	0.000000	-0.665000
1650	1	0.000000	0.000000	0.000000	-0.665000
1651	1	0.000000	0.000000	0.000000	-0.665000
1652	0	0.000000	0.000000	0.000000	-0.132000
1653	0	0.000000	0.000000	0.000000	-0.132000
1654	1	0.000000	0.000000	0.000000	-0.132000
1655	1	0.000000	0.000000	0.000000	-0.132000
1656	1	0.000000	0.000000	0.000000	-0.132000
1657	0	0.000000	0.533000	0.000000	-0.132000
1658	1	0.000000	0.000000	0.000000	-0.132000
1659	1	0.000000	0.000000	0.000000	-0.132000
1660	1	0.000000	0.000000	0.000000	-0.132000
1661	1	0.000000	0.000000	0.000000	-0.132000
1662	1	0.000000	0.000000	0.000000	-0.132000
1663	1	0.000000	0.000000	0.000000	-0.132000
1664	1	0.000000	0.000000	0.000000	-0.132000
1665	1	0.000000	0.000000	0.000000	-0.132000
1666	1	0.000000	0.000000	0.000000	-0.132000
1667	1	0.000000	0.000000	0.000000	-0.132000
1668	0	0.000000	0.000000	0.000000	-0.132000
1669	0	0.000000	0.000000	0.000000	-0.132000
1670	1	0.000000	0.000000	0.000000	-0.132000
1671	0	0.000000	0.000000	0.000000	-0.132000
1672	0	0.000000	0.000000	0.000000	-0.132000
1673	1	0.000000	0.533000	0.000000	-0.665000
1674	1	0.000000	0.000000	0.000000	-0.665000
1675	1	0.000000	0.000000	0.000000	-0.665000
1676	1	0.000000	0.000000	0.000000	-0.665000
1677	1	0.000000	0.000000	0.000000	-0.665000
1678	1	0.000000	0.000000	0.000000	-0.665000
1679	1	0.000000	0.000000	0.000000	-0.665000
1680	1	0.000000	0.001000	0.000000	-0.666000
1681	1	0.000000	0.000000	0.000000	-0.666000
1682	1	0.000000	0.000000	0.000000	-0.666000
1683	1	0.000000	0.000000	0.000000	-0.666000
1684	1	0.000000	0.000000	0.000000	-0.666000
1685	1	0.000000	0.000000	0.000000	-0.666000
1686	1	0.000000	0.000000	0.000000	-0.666000
1687	1	0.000000	0.000000	0.000000	-0.666000
1688	1	0.000000	0.000000	0.000000	-0.666000
1689	1	0.000000	0.533000	0.000000	-1.199000
1690	0	0.000000	0.000000	0.000000	-0.132000
1691	1	0.000000	0.000000	0.000000	-0.132000
1692	1	0.000000	0.000000	0.000000	-0.132000
1693	1	0.000000	0.000000	0.000000	-0.132000
1694	1	0.000000	0.000000	0.000000	-0.132000
1695	0	0.000000	0.000000	0.000000	-0.132000
1696	1	0.000000	0.000000	0.000000	-0.132000
1697	1	0.000000	0.000000	0.000000	-0.132000
1698	1	0.000000	0.000000	0.000000	-0.132000
1699	1	0.000000	0.000000	0.000000	-0.132000
1700	1	0.000000	0.000000	0.000000	-0.132000
1701	0	0.000000	0.000000	0.000000	-0.132000
1702	1	0.000000	0.000000	0.000000	-0.132000
1703	1	0.000000	0.000000	0.000000	-0.132000
1704	1	0.000000	0.000000	0.000000	-0.132000
1705	0	0.000000	0.000000	0.000000	-0.132000
1706	1	0.000000	0.566000	0.000000	-0.698000
1707	1	0.000000	0.000000	0.000000	-0.698000
1708	1	0.000000	0.000000	0.000000	-0.698000
1709	1	0.000000	0.000000	0.000000	-0.698000
1710	1	0.000000	0.000000	0.000000	-0.698000
1711	1	0.000000	0.001000	0.000000	-0.699000
1712	1	0.000000	0.000000	0.000000	-0.699000
1713	1	0.000000	0.000000	0.000000	-0.699000
1714	0	0.000000	0.000000	0.000000	-0.132000
1715	1	0.000000	0.000000	0.000000	-0.132000
1716	1	0.000000	0.000000	0.000000	-0.132000
1717	1	0.000000	0.000000	0.000000	-0.132000
1718	0	0.000000	0.000000	0.000000	-0.132000
1719	0	0.000000	0.000000	0.000000	-0.132000
1720	0	0.000000	0.000000	0.000000	-0.132000
1721	1	0.000000	0.000000	0.000000	-0.132000
1722	1	0.000000	0.000000	0.000000	-0.132000
1723	1	0.000000	0.566000	0.000000	-0.698000
1724	1	0.000000	0.000000	0.000000	-0.698000
1725	1	0.000000	0.000000	0.000000	-0.698000
1726	1	0.000000	0.000000	0.000000	-0.698000
1727	1	0.000000	0.000000	0.000000	-0.698000
1728	0	0.000000	0.000000	0.000000	-0.132000
1729	1	0.000000	0.000000	0.000000	-0.132000
1730	1	0.000000	0.000000	0.000000	-0.132000
1731	1	0.000000	0.000000	0.000000	-0.132000
1732	1	0.000000	0.000000	0.000000	-0.132000
1733	1	0.000000	0.000000	0.000000	-0.132000
1734	1	0.000000	0.000000	0.000000	-0.132000
1735	1	0.000000	0.000000	0.000000	-0.132000
1736	1	0.000000	0.000000	0.000000	-0.132000
1737	1	0.000000	0.000000	0.000000	-0.132000
1738	1	0.000000	0.000000	0.000000	-0.132000
1739	1	0.000000	0.000000	0.000000	-0.132000
1740	1	0.000000	0.567000	0.000000	-0.699000
1741	1	0.000000	0.000000	0.000000	-0.699000
1742	0	0.000000	0.000000	0.000000	-0.132000
1743	1	0.000000	0.000000	0.000000	-0.132000
1744	0	0.000000	0.000000	0.000000	-0.132000
1745	1	0.000000	0.000000	0.000000	-0.132000
1746	1	0.000000	0.000000	0.000000	-0.132000
1747	1	0.000000	0.000000	0.000000	-0.132000
1748	1	0.000000	0.000000	0.000000	-0.132000
1749	1	0.000000	0.000000	0.000000	-0.132000
1750	0	0.000000	0.000000	0.000000	-0.132000
1751	1	0.000000	0.000000	0.000000	-0.132000
1752	1	0.000000	0.000000	0.000000	-0.132000
1753	1	0.000000	0.000000	0.000000	-0.132000
1754	1	0.000000	0.000000	0.000000	-0.132000
1755	1	0.000000	0.000000	0.000000	-0.132000
1756	1	0.000000	0.000000	0.000000	-0.132000
1757	1	0.000000	0.566000	0.000000	-0.698000
1758	0	0.000000	0.000000	0.000000	-0.132000
1759	0	0.000000	0.000000	0.000000	-0.132000
1760	1	0.000000	0.000000	0.000000	-0.132000
1761	1	0.000000	0.000000	0.000000	-0.132000
1762	1	0.000000	0.000000	0.000000	-0.132000
1763	1	0.000000	0.000000	0.000000	-0.132000
1764	1	0.000000	0.001000	0.000000	-0.133000
1765	0	0.000000	0.000000	0.000000	-0.132000
1766	0	0.000000	0.000000	0.000000	-0.132000
1767	1	0.000000	0.000000	0.000000	-0.132000
1768	1	0.000000	0.000000	0.000000	-0.132000
1769	1	0.000000	0.000000	0.000000	-0.132000
1770	1	0.000000	0.000000	0.000000	-0.132000
1771	1	0.000000	0.000000	0.000000	-0.132000
1772	1	0.000000	0.000000	0.000000	-0.132000
1773	0	0.000000	0.000000	0.000000	-0.132000
1774	1	0.000000	0.566000	0.000000	-0.698000
1775	1	0.000000	0.000000	0.000000	-0.698000
1776	1	0.000000	0.000000	0.000000	-0.698000
1777	1	0.000000	0.000000	0.000000	-0.698000
1778	1	0.000000	0.000000	0.000000	-0.698000
1779	1	0.000000	0.000000	0.000000	-0.698000
1780	1	0.000000	0.000000	0.000000	-0.698000
1781	1	0.000000	0.000000	0.000000	-0.698000
1782	1	0.000000	0.000000	0.000000	-0.698000
1783	1	0.000000	0.000000	0.000000	-0.698000
1784	1	0.000000	0.000000	0.000000	-0.698000
1785	1	0.000000	0.000000	0.000000	-0.698000
1786	0	0.000000	0.000000	0.000000	-0.132000
1787	1	0.000000	0.000000	0.000000	-0.132000
1788	1	0.000000	0.000000	0.000000	-0.132000
1789	1	0.000000	0.000000	0.000000	-0.132000
1790	1	0.000000	0.000000	0.000000	-0.132000
1791	0	0.000000	0.567000	0.000000	-0.132000
1792	0	0.000000	0.000000	0.000000	-0.132000
1793	1	0.000000	0.000000	0.000000	-0.132000
1794	1	0.000000	0.000000	0.000000	-0.132000
1795	0	0.000000	0.000000	0.000000	-0.132000
1796	1	0.000000	0.000000	0.000000	-0.132000
1797	1	0.000000	0.000000	0.000000	-0.132000
1798	0	0.000000	0.000000	0.000000	-0.132000
1799	1	0.000000	0.000000	0.000000	-0.132000
1800	1	0.000000	0.000000	0.000000	-0.132000
1801	1	0.000000	0.000000	0.000000	-0.132000
1802	1	0.000000	0.000000	0.000000	-0.132000
1803	1	0.000000	0.000000	0.000000	-0.132000
1804	1	0.000000	0.000000	0.000000	-0.132000
1805	1	0.000000	0.000000	0.000000	-0.132000
1806	0	0.000000	0.000000	0.000000	-0.132000
1807	1	0.000000	0.000000	0.000000	-0.132000
1808	0	0.000000	0.000000	0.000000	-0.132000
1809	1	0.000000	0.600000	0.000000	-0.732000
1810	1	0.000000	0.000000	0.000000	-0.732000
1811	1	0.000000	0.000000	0.000000	-0.732000
1812	1	0.000000	0.000000	0.000000	-0.732000
1813	0	0.000000	0.000000	0.000000	-0.132000
1814	1	0.000000	0.000000	0.000000	-0.132000
1815	1	0.000000	0.000000	0.000000	-0.132000
1816	1	0.000000	0.000000	0.000000	-0.132000
1817	0	0.000000	0.000000	0.000000	-0.132000
1818	1	0.000000	0.000000	0.000000	-0.132000
1819	1	0.000000	0.000000	0.000000	-0.132000
1820	1	0.000000	0.000000	0.000000	-0.132000
1821	0	0.000000	0.000000	0.000000	-0.132000
1822	1	0.000000	0.000000	0.000000	-0.132000
1823	1	0.000000	0.000000	0.000000	-0.132000
1824	1	0.000000	0.000000	0.000000	-0.132000
1825	0	0.000000	0.000000	0.000000	-0.132000
1826	1	0.000000	0.000000	0.000000	-0.132000
1827	1	0.000000	0.600000	0.000000	-0.732000
1828	1	0.000000	0.000000	0.000000	-0.732000
1829	1	0.000000	0.000000	0.000000	-0.732000
1830	1	0.000000	0.000000	0.000000	-0.732000
1831	1	0.000000	0.000000	0.000000	-0.732000
1832	0	0.000000	0.000000	0.000000	-0.132000
1833	1	0.000000	0.000000	0.000000	-0.132000
1834	0	0.000000	0.000000	0.000000	-0.132000
1835	1	0.000000	0.000000	0.000000	-0.132000
1836	1	0.000000	0.000000	0.000000	-0.132000
1837	1	0.000000	0.000000	0.000000	-0.132000
1838	1	0.000000	0.000000	0.000000	-0.132000
1839	1	0.000000	0.000000	0.000000	-0.132000
1840	1	0.000000	0.000000	0.000000	-0.132000
1841	0	0.000000	0.000000	0.000000	-0.132000
1842	1	0.000000	0.000000	0.000000	-0.132000
1843	1	0.000000	0.000000	0.000000	-0.132000
1844	0	0.000000	0.000000	0.000000	-0.132000
1845	1	0.000000	0.600000	0.000000	-0.732000
1846	0	0.000000	0.000000	0.000000	-0.132000
1847	1	0.000000	0.000000	0.000000	-0.132000
1848	1	0.000000	0.000000	0.000000	-0.132000
1849	1	0.000000	0.000000	0.000000	-0.132000
1850	1	0.000000	0.000000	0.000000	-0.132000
1851	1	0.000000	0.000000	0.000000	-0.132000
1852	1	0.000000	0.000000	0.000000	-0.132000
1853	1	0.000000	0.000000	0.000000	-0.132000
1854	0	0.000000	0.000000	0.000000	-0.132000
1855	1	0.000000	0.000000	0.000000	-0.132000
1856	0	0.000000	0.000000	0.000000	-0.132000
1857	1	0.000000	0.000000	0.000000	-0.132000
1858	1	0.000000	0.000000	0.000000	-0.132000
1859	1	0.000000	0.000000	0.000000	-0.132000
1860	1	0.000000	0.000000	0.000000	-0.132000
1861	1	0.000000	0.000000	0.000000	-0.132000
1862	0	0.000000	0.000000	0.000000	-0.132000
1863	1	0.000000	0.600000	0.000000	-0.732000
1864	1	0.000000	0.000000	0.000000	-0.732000
1865	1	0.000000	0.000000	0.000000	-0.732000
1866	1	0.000000	0.000000	0.000000	-0.732000
1867	1	0.000000	0.000000	0.000000	-0.732000
1868	1	0.000000	0.000000	0.000000	-0.732000
1869	1	0.000000	0.000000	0.000000	-0.732000
1870	1	0.000000	0.000000	0.000000	-0.732000
1871	1	0.000000	0.000000	0.000000	-0.732000
1872	1	0.000000	0.000000	0.000000	-0.732000
1873	1	0.000000	0.000000	0.000000	-0.732000
1874	1	0.000000	0.000000	0.000000	-0.732000
1875	1	0.000000	0.000000	0.000000	-0.732000
1876	1	0.000000	0.000000	0.000000	-0.732000
1877	1	0.000000	0.000000	0.000000	-0.732000
1878	0	0.000000	0.000000	0.000000	-0.132000
1879	0	0.000000	0.000000	0.000000	-0.132000
1880	1	0.000000	0.000000	0.000000	-0.132000
1881	1	0.000000	0.600000	0.000000	-0.732000
1882	1	0.000000	0.000000	0.000000	-0.732000
1883	1	0.000000	0.000000	0.000000	-0.732000
1884	1	0.000000	0.000000	0.000000	-0.732000
1885	1	0.000000	0.000000	0.000000	-0.732000
1886	1	0.000000	0.000000	0.000000	-0.732000
1887	0	0.000000	0.000000	0.000000	-0.132000
1888	1	0.000000	0.000000	0.000000	-0.132000
1889	1	0.000000	0.000000	0.000000	-0.132000
1890	1	0.000000	0.000000	0.000000	-0.132000
1891	1	0.000000	0.000000	0.000000	-0.132000
1892	1	0.000000	0.000000	0.000000	-0.132000
1893	1	0.000000	0.000000	0.000000	-0.132000
1894	1	0.000000	0.000000	0.000000	-0.132000
1895	1	0.000000	0.000000	0.000000	-0.132000
1896	1	0.000000	0.000000	0.000000	-0.132000
1897	1	0.000000	0.000000	0.000000	-0.132000
1898	1	0.000000	0.000000	0.000000	-0.132000
1899	1	0.000000	0.600000	0.000000	-0.732000
1900	1	0.000000	0.000000	0.000000	-0.732000
1901	1	0.000000	0.000000	0.000000	-0.732000
1902	1	0.000000	0.000000	0.000000	-0.732000
1903	1	0.000000	0.000000	0.000000	-0.732000
1904	1	0.000000	0.000000	0.000000	-0.732000
1905	1	0.000000	0.000000	0.000000	-0.732000
1906	0	0.000000	0.000000	0.000000	-0.132000
1907	1	0.000000	0.000000	0.000000	-0.132000
1908	1	0.000000	0.000000	0.000000	-0.132000
1909	1	0.000000	0.000000	0.000000	-0.132000
1910	0	0.000000	0.000000	0.000000	-0.132000
1911	1	0.000000	0.000000	0.000000	-0.132000
1912	1	0.000000	0.000000	0.000000	-0.132000
1913	1	0.000000	0.000000	0.000000	-0.132000
1914	0	0.000000	0.000000	0.000000	-0.132000
1915	0	0.000000	0.000000	0.000000	-0.132000
1916	1	0.000000	0.000000	0.000000	-0.132000
1917	1	0.000000	0.000000	0.000000	-0.132000
1918	1	0.000000	0.633000	0.000000	-0.765000
1919	1	0.000000	0.000000	0.000000	-0.765000
1920	1	0.000000	0.000000	0.000000	-0.765000
1921	1	0.000000	0.000000	0.000000	-0.765000
1922	0	0.000000	0.000000	0.000000	-0.132000
1923	1	0.000000	0.000000	0.000000	-0.132000
1924	1	0.000000	0.000000	0.000000	-0.132000
1925	1	0.000000	0.000000	0.000000	-0.132000
1926	0	0.000000	0.000000	0.000000	-0.132000
1927	1	0.000000	0.000000	0.000000	-0.132000
1928	0	0.000000	0.000000	0.000000	-0.132000
1929	1	0.000000	0.000000	0.000000	-0.132000
1930	1	0.000000	0.000000	0.000000	-0.132000
1931	1	0.000000	0.000000	0.000000	-0.132000
1932	1	0.000000	0.000000	0.000000	-0.132000
1933	0	0.000000	0.000000	0.000000	-0.132000
1934	0	0.000000	0.000000	0.000000	-0.132000
1935	1	0.000000	0.000000	0.000000	-0.132000
1936	1	0.000000	0.000000	0.000000	-0.132000
1937	1	0.000000	0.633000	0.000000	-0.765000
1938	1	0.000000	0.000000	0.000000	-0.765000
1939	0	0.000000	0.000000	0.000000	-0.132000
1940	0	0.000000	0.000000	0.000000	-0.132000
1941	1	0.000000	0.001000	0.000000	-0.133000
1942	1	0.000000	0.000000	0.000000	-0.133000
1943	1	0.000000	0.000000	0.000000	-0.133000
1944	1	0.000000	0.000000	0.000000	-0.133000
1945	0	0.000000	0.000000	0.000000	-0.132000
1946	0	0.000000	0.000000	0.000000	-0.132000
1947	1	0.000000	0.000000	0.000000	-0.132000
1948	1	0.000000	0.000000	0.000000	-0.132000
1949	1	0.000000	0.000000	0.000000	-0.132000
1950	1	0.000000	0.000000	0.000000	-0.132000
1951	1	0.000000	0.000000	0.000000	-0.132000
1952	1	0.000000	0.000000	0.000000	-0.132000
1953	1	0.000000	0.000000	0.000000	-0.132000
1954	1	0.000000	0.000000	0.000000	-0.132000
1955	1	0.000000	0.000000	0.000000	-0.132000
1956	0	0.000000	0.633000	0.000000	-0.132000
1957	1	0.000000	0.000000	0.000000	-0.132000
1958	1	0.000000	0.000000	0.000000	-0.132000
1959	1	0.000000	0.000000	0.000000	-0.132000
1960	1	0.000000	0.000000	0.000000	-0.132000
1961	1	0.000000	0.000000	0.000000	-0.132000
1962	1	0.000000	0.000000	0.000000	-0.132000
1963	1	0.000000	0.000000	0.000000	-0.132000
1964	1	0.000000	0.000000	0.000000	-0.132000
1965	1	0.000000	0.000000	0.000000	-0.132000
1966	1	0.000000	0.000000	0.000000	-0.132000
1967	1	0.000000	0.000000	0.000000	-0.132000
1968	1	0.000000	0.000000	0.000000	-0.132000
1969	1	0.000000	0.000000	0.000000	-0.132000
1970	1	0.000000	0.000000	0.000000	-0.132000
1971	0	0.000000	0.000000	0.000000	-0.132000
1972	1	0.000000	0.000000	0.000000	-0.132000
1973	1	0.000000	0.000000	0.000000	-0.132000
1974	1	0.000000	0.000000	0.000000	-0.132000
1975	1	0.000000	0.633000	0.000000	-0.765000
1976	1	0.000000	0.000000	0.000000	-0.765000
1977	1	0.000000	0.000000	0.000000	-0.765000
1978	1	0.000000	0.000000	0.000000	-0.765000
1979	1	0.000000	0.000000	0.000000	-0.765000
1980	1	0.000000	0.000000	0.000000	-0.765000
1981	1	0.000000	0.000000	0.000000	-0.765000
1982	1	0.000000	0.000000	0.000000	-0.765000
1983	1	0.000000	0.000000	0.000000	-0.765000
1984	1	0.000000	0.000000	0.000000	-0.765000
1985	1	0.000000	0.000000	0.000000	-0.765000
1986	0	0.000000	0.000000	0.000000	-0.132000
1987	1	0.000000	0.000000	0.000000	-0.132000
1988	1	0.000000	0.000000	0.000000	-0.132000
1989	1	0.000000	0.000000	0.000000	-0.132000
1990	1	0.000000	0.000000	0.000000	-0.132000
1991	1	0.000000	0.000000	0.000000	-0.132000
1992	0	0.000000	0.000000	0.000000	-0.132000
1993	0	0.000000	0.000000	0.000000	-0.132000
1994	0	0.000000	0.633000	0.633000	-0.132000
1995	0	0.000000	0.000000	0.000000	-0.132000
1996	0	0.000000	0.000000	0.000000	-0.132000
1997	1	0.000000	0.000000	0.000000	-0.132000
1998	1	0.000000	0.000000	0.000000	-0.132000
1999	1	0.000000	0.000000	0.000000	-0.132000
