0	1	0.000000	0.000000	0.000000	0.000000
1	1	0.000000	0.034000	0.000000	-0.034000
2	1	0.000000	0.033000	0.000000	-0.067000
3	0	0.000000	0.032000	0.000000	-0.099000
4	0	0.000000	0.033000	0.033000	-0.099000
5	0	0.000000	0.034000	0.034000	-0.099000
6	0	0.000000	0.033000	0.033000	-0.099000
7	1	0.000000	0.033000	0.000000	-0.132000
8	0	0.000000	0.032000	0.000000	-0.099000
9	0	0.000000	0.034000	0.034000	-0.099000
10	0	0.000000	0.033000	0.033000	-0.099000
11	0	0.000000	0.032000	0.032000	-0.099000
12	0	0.000000	0.034000	0.034000	-0.099000
13	0	0.000000	0.033000	0.033000	-0.099000
14	1	0.000000	0.032000	0.000000	-0.131000
15	0	0.000000	0.033000	0.000000	-0.099000
16	1	0.000000	0.034000	0.000000	-0.133000
17	0	0.000000	0.032000	0.000000	-0.099000
18	0	0.000000	0.033000	0.033000	-0.099000
19	0	0.000000	0.033000	0.033000	-0.099000
20	1	0.000000	0.034000	0.000000	-0.133000
21	0	0.000000	0.033000	0.000000	-0.099000
22	1	0.000000	0.033000	0.000000	-0.132000
23	0	0.000000	0.032000	0.000000	-0.099000
24	0	0.000000	0.034000	0.034000	-0.099000
25	0	0.000000	0.032000	0.032000	-0.099000
26	0	0.000000	0.033000	0.033000	-0.099000
27	0	0.000000	0.034000	0.034000	-0.099000
28	0	0.000000	0.033000	0.033000	-0.099000
29	0	0.000000	0.032000	0.032000	-0.099000
30	0	0.000000	0.034000	0.034000	-0.099000
31	1	0.000000	0.033000	0.000000	-0.132000
32	1	0.000000	0.032000	0.000000	-0.164000
33	1	0.000000	0.033000	0.000000	-0.197000
34	0	0.000000	0.034000	0.000000	-0.099000
35	0	0.000000	0.032000	0.032000	-0.099000
36	1	0.000000	0.033000	0.000000	-0.132000
37	1	0.000000	0.034000	0.000000	-0.166000
38	0	0.000000	0.033000	0.000000	-0.099000
39	0	0.000000	0.032000	0.032000	-0.099000
40	0	0.000000	0.033000	0.033000	-0.099000
41	0	0.000000	0.034000	0.034000	-0.099000
42	0	0.000000	0.033000	0.033000	-0.099000
43	1	0.000000	0.033000	0.000000	-0.132000
44	1	0.000000	0.032000	0.000000	-0.164000
45	0	0.000000	0.033000	0.000000	-0.099000
46	0	0.000000	0.034000	0.034000	-0.099000
47	1	0.000000	0.033000	0.000000	-0.132000
48	0	0.000000	0.032000	0.000000	-0.099000
49	0	0.000000	0.033000	0.033000	-0.099000
50	0	0.000000	0.034000	0.034000	-0.099000
51	0	0.000000	0.033000	0.033000	-0.099000
52	0	0.000000	0.032000	0.032000	-0.099000
53	0	0.000000	0.033000	0.033000	-0.099000
54	0	0.000000	0.034000	0.034000	-0.099000
55	0	0.000000	0.032000	0.032000	-0.099000
56	1	0.000000	0.034000	0.000000	-0.133000
57	0	0.000000	0.032000	0.000000	-0.099000
58	0	0.000000	0.034000	0.034000	-0.099000
59	0	0.000000	0.032000	0.032000	-0.099000
60	1	0.000000	0.033000	0.000000	-0.132000
61	0	0.000000	0.033000	0.000000	-0.099000
62	0	0.000000	0.033000	0.033000	-0.099000
63	1	0.000000	0.034000	0.000000	-0.133000
64	0	0.000000	0.033000	0.000000	-0.099000
65	0	0.000000	0.033000	0.033000	-0.099000
66	0	0.000000	0.032000	0.032000	-0.099000
67	1	0.000000	0.033000	0.000000	-0.132000
68	0	0.000000	0.034000	0.000000	-0.099000
69	0	0.000000	0.032000	0.032000	-0.099000
70	0	0.000000	0.033000	0.033000	-0.099000
71	0	0.000000	0.033000	0.033000	-0.099000
72	0	0.000000	0.034000	0.034000	-0.099000
73	0	0.000000	0.033000	0.033000	-0.099000
74	0	0.000000	0.032000	0.032000	-0.099000
75	1	0.000000	0.033000	0.000000	-0.132000
76	0	0.000000	0.034000	0.000000	-0.099000
77	1	0.000000	0.033000	0.000000	-0.132000
78	0	0.000000	0.032000	0.000000	-0.099000
79	0	0.000000	0.034000	0.034000	-0.099000
80	0	0.000000	0.033000	0.033000	-0.099000
81	0	0.000000	0.033000	0.033000	-0.099000
82	1	0.000000	0.033000	0.000000	-0.132000
83	0	0.000000	0.033000	0.000000	-0.099000
84	0	0.000000	0.033000	0.033000	-0.099000
85	0	0.000000	0.033000	0.033000	-0.099000
86	1	0.000000	0.033000	0.000000	-0.132000
87	0	0.000000	0.033000	0.000000	-0.099000
88	1	0.000000	0.033000	0.000000	-0.132000
89	0	0.000000	0.033000	0.000000	-0.099000
90	1	0.000000	0.033000	0.000000	-0.132000
91	0	0.000000	0.032000	0.000000	-0.099000
92	0	0.000000	0.033000	0.033000	-0.099000
93	0	0.000000	0.034000	0.034000	-0.099000
94	0	0.000000	0.033000	0.033000	-0.099000
95	0	0.000000	0.033000	0.033000	-0.099000
96	1	0.000000	0.032000	0.000000	-0.131000
97	0	0.000000	0.033000	0.000000	-0.099000
98	1	0.000000	0.034000	0.000000	-0.133000
99	0	0.000000	0.032000	0.000000	-0.099000
100	1	0.000000	0.033000	0.000000	-0.132000
101	0	0.000000	0.034000	0.000000	-0.099000
102	0	0.000000	0.033000	0.033000	-0.099000
103	0	0.000000	0.033000	0.033000	-0.099000
104	0	0.000000	0.033000	0.033000	-0.099000
105	1	0.000000	0.034000	0.000000	-0.133000
106	1	0.000000	0.033000	0.000000	-0.166000
107	0	0.000000	0.033000	0.000000	-0.099000
108	1	0.000000	0.034000	0.000000	-0.133000
109	1	0.000000	0.033000	0.000000	-0.166000
110	0	0.000000	0.033000	0.000000	-0.099000
111	1	0.000000	0.034000	0.000000	-0.133000
112	0	0.000000	0.033000	0.000000	-0.099000
113	1	0.000000	0.033000	0.000000	-0.132000
114	0	0.000000	0.034000	0.000000	-0.099000
115	1	0.000000	0.033000	0.000000	-0.132000
116	0	0.000000	0.033000	0.000000	-0.099000
117	1	0.000000	0.034000	0.000000	-0.133000
118	0	0.000000	0.033000	0.000000	-0.099000
119	0	0.000000	0.033000	0.033000	-0.099000
120	0	0.000000	0.034000	0.034000	-0.099000
121	0	0.000000	0.033000	0.033000	-0.099000
122	0	0.000000	0.033000	0.033000	-0.099000
123	1	0.000000	0.034000	0.000000	-0.133000
124	0	0.000000	0.033000	0.000000	-0.099000
125	0	0.000000	0.033000	0.033000	-0.099000
126	0	0.000000	0.034000	0.034000	-0.099000
127	0	0.000000	0.033000	0.033000	-0.099000
128	0	0.000000	0.033000	0.033000	-0.099000
129	1	0.000000	0.034000	0.000000	-0.133000
130	0	0.000000	0.033000	0.000000	-0.099000
131	0	0.000000	0.033000	0.033000	-0.099000
132	0	0.000000	0.034000	0.034000	-0.099000
133	1	0.000000	0.033000	0.000000	-0.132000
134	0	0.000000	0.033000	0.000000	-0.099000
135	0	0.000000	0.034000	0.034000	-0.099000
136	0	0.000000	0.033000	0.033000	-0.099000
137	0	0.000000	0.033000	0.033000	-0.099000
138	0	0.000000	0.034000	0.034000	-0.099000
139	0	0.000000	0.033000	0.033000	-0.099000
140	0	0.000000	0.033000	0.033000	-0.099000
141	1	0.000000	0.034000	0.000000	-0.133000
142	0	0.000000	0.033000	0.000000	-0.099000
143	0	0.000000	0.033000	0.033000	-0.099000
144	0	0.000000	0.034000	0.034000	-0.099000
145	0	0.000000	0.033000	0.033000	-0.099000
146	0	0.000000	0.033000	0.033000	-0.099000
147	0	0.000000	0.034000	0.034000	-0.099000
148	1	0.000000	0.033000	0.000000	-0.132000
149	0	0.000000	0.033000	0.000000	-0.099000
150	1	0.000000	0.034000	0.000000	-0.133000
151	0	0.000000	0.033000	0.000000	-0.099000
152	1	0.000000	0.033000	0.000000	-0.132000
153	0	0.000000	0.034000	0.000000	-0.099000
154	1	0.000000	0.033000	0.000000	-0.132000
155	0	0.000000	0.033000	0.000000	-0.099000
156	1	0.000000	0.034000	0.000000	-0.133000
157	1	0.000000	0.033000	0.000000	-0.166000
158	0	0.000000	0.033000	0.000000	-0.099000
159	1	0.000000	0.034000	0.000000	-0.133000
160	1	0.000000	0.033000	0.000000	-0.166000
161	1	0.000000	0.033000	0.000000	-0.199000
162	0	0.000000	0.034000	0.000000	-0.099000
163	1	0.000000	0.033000	0.000000	-0.132000
164	1	0.000000	0.033000	0.000000	-0.165000
165	1	0.000000	0.034000	0.000000	-0.199000
166	1	0.000000	0.033000	0.000000	-0.232000
167	1	0.000000	0.033000	0.000000	-0.265000
168	0	0.000000	0.034000	0.000000	-0.099000
169	1	0.000000	0.033000	0.000000	-0.132000
170	0	0.000000	0.033000	0.000000	-0.099000
171	0	0.000000	0.034000	0.034000	-0.099000
172	1	0.000000	0.033000	0.000000	-0.132000
173	1	0.000000	0.033000	0.000000	-0.165000
174	0	0.000000	0.034000	0.000000	-0.099000
175	0	0.000000	0.033000	0.033000	-0.099000
176	0	0.000000	0.033000	0.033000	-0.099000
177	0	0.000000	0.034000	0.034000	-0.099000
178	0	0.000000	0.033000	0.033000	-0.099000
179	0	0.000000	0.033000	0.033000	-0.099000
180	0	0.000000	0.034000	0.034000	-0.099000
181	0	0.000000	0.033000	0.033000	-0.099000
182	0	0.000000	0.033000	0.033000	-0.099000
183	1	0.000000	0.034000	0.000000	-0.133000
184	0	0.000000	0.033000	0.000000	-0.099000
185	0	0.000000	0.033000	0.033000	-0.099000
186	0	0.000000	0.034000	0.034000	-0.099000
187	1	0.000000	0.033000	0.000000	-0.132000
188	0	0.000000	0.033000	0.000000	-0.099000
189	0	0.000000	0.034000	0.034000	-0.099000
190	0	0.000000	0.033000	0.033000	-0.099000
191	0	0.000000	0.033000	0.033000	-0.099000
192	0	0.000000	0.034000	0.034000	-0.099000
193	0	0.000000	0.033000	0.033000	-0.099000
194	0	0.000000	0.033000	0.033000	-0.099000
195	0	0.000000	0.034000	0.034000	-0.099000
196	0	0.000000	0.033000	0.033000	-0.099000
197	0	0.000000	0.033000	0.033000	-0.099000
198	1	0.000000	0.034000	0.000000	-0.133000
199	1	0.000000	0.033000	0.000000	-0.166000
200	1	0.000000	0.000000	0.000000	-0.166000
201	1	0.000000	0.067000	0.000000	-0.233000
202	0	0.000000	0.000000	0.000000	-0.099000
203	1	0.000000	0.066000	0.000000	-0.165000
204	0	0.000000	0.000000	0.000000	-0.099000
205	1	0.000000	0.067000	0.000000	-0.166000
206	0	0.000000	0.000000	0.000000	-0.099000
207	0	0.000000	0.067000	0.067000	-0.099000
208	0	0.000000	0.000000	0.000000	-0.099000
209	0	0.000000	0.066000	0.066000	-0.099000
210	1	0.000000	0.000000	0.000000	-0.099000
211	0	0.000000	0.067000	0.000000	-0.099000
212	0	0.000000	0.000000	0.000000	-0.099000
213	0	0.000000	0.067000	0.067000	-0.099000
214	0	0.000000	0.000000	0.000000	-0.099000
215	1	0.000000	0.066000	0.000000	-0.165000
216	0	0.000000	0.000000	0.000000	-0.099000
217	0	0.000000	0.067000	0.067000	-0.099000
218	0	0.000000	0.000000	0.000000	-0.099000
219	1	0.000000	0.067000	0.000000	-0.166000
220	0	0.000000	0.000000	0.000000	-0.099000
221	1	0.000000	0.066000	0.000000	-0.165000
222	0	0.000000	0.000000	0.000000	-0.099000
223	0	0.000000	0.067000	0.067000	-0.099000
224	1	0.000000	0.000000	0.000000	-0.099000
225	0	0.000000	0.067000	0.000000	-0.099000
226	1	0.000000	0.000000	0.000000	-0.099000
227	0	0.000000	0.066000	0.000000	-0.099000
228	0	0.000000	0.000000	0.000000	-0.099000
229	0	0.000000	0.067000	0.067000	-0.099000
230	1	0.000000	0.000000	0.000000	-0.099000
231	1	0.000000	0.067000	0.000000	-0.166000
232	1	0.000000	0.000000	0.000000	-0.166000
233	0	0.000000	0.066000	0.000000	-0.099000
234	1	0.000000	0.000000	0.000000	-0.099000
235	0	0.000000	0.067000	0.000000	-0.099000
236	0	0.000000	0.000000	0.000000	-0.099000
237	0	0.000000	0.067000	0.067000	-0.099000
238	0	0.000000	0.000000	0.000000	-0.099000
239	1	0.000000	0.066000	0.000000	-0.165000
240	1	0.000000	0.000000	0.000000	-0.165000
241	0	0.000000	0.067000	0.000000	-0.099000
242	0	0.000000	0.000000	0.000000	-0.099000
243	1	0.000000	0.067000	0.000000	-0.166000
244	1	0.000000	0.000000	0.000000	-0.166000
245	1	0.000000	0.066000	0.000000	-0.232000
246	0	0.000000	0.000000	0.000000	-0.099000
247	0	0.000000	0.067000	0.067000	-0.099000
248	0	0.000000	0.000000	0.000000	-0.099000
249	0	0.000000	0.067000	0.067000	-0.099000
250	0	0.000000	0.000000	0.000000	-0.099000
251	0	0.000000	0.066000	0.066000	-0.099000
252	1	0.000000	0.000000	0.000000	-0.099000
253	0	0.000000	0.067000	0.000000	-0.099000
254	0	0.000000	0.000000	0.000000	-0.099000
255	1	0.000000	0.067000	0.000000	-0.166000
256	0	0.000000	0.000000	0.000000	-0.099000
257	1	0.000000	0.066000	0.000000	-0.165000
258	0	0.000000	0.000000	0.000000	-0.099000
259	1	0.000000	0.067000	0.000000	-0.166000
260	0	0.000000	0.000000	0.000000	-0.099000
261	1	0.000000	0.067000	0.000000	-0.166000
262	0	0.000000	0.000000	0.000000	-0.099000
263	1	0.000000	0.066000	0.000000	-0.165000
264	0	0.000000	0.000000	0.000000	-0.099000
265	1	0.000000	0.067000	0.000000	-0.166000
266	1	0.000000	0.000000	0.000000	-0.166000
267	0	0.000000	0.067000	0.000000	-0.099000
268	0	0.000000	0.000000	0.000000	-0.099000
269	0	0.000000	0.066000	0.066000	-0.099000
270	0	0.000000	0.000000	0.000000	-0.099000
271	0	0.000000	0.067000	0.067000	-0.099000
272	0	0.000000	0.000000	0.000000	-0.099000
273	0	0.000000	0.067000	0.067000	-0.099000
274	0	0.000000	0.000000	0.000000	-0.099000
275	0	0.000000	0.066000	0.066000	-0.099000
276	0	0.000000	0.000000	0.000000	-0.099000
277	0	0.000000	0.067000	0.067000	-0.099000
278	1	0.000000	0.000000	0.000000	-0.099000
279	0	0.000000	0.067000	0.000000	-0.099000
280	0	0.000000	0.000000	0.000000	-0.099000
281	0	0.000000	0.066000	0.066000	-0.099000
282	1	0.000000	0.000000	0.000000	-0.099000
283	1	0.000000	0.067000	0.000000	-0.166000
284	0	0.000000	0.000000	0.000000	-0.099000
285	0	0.000000	0.067000	0.067000	-0.099000
286	1	0.000000	0.000000	0.000000	-0.099000
287	1	0.000000	0.066000	0.000000	-0.165000
288	0	0.000000	0.000000	0.000000	-0.099000
289	1	0.000000	0.067000	0.000000	-0.166000
290	0	0.000000	0.000000	0.000000	-0.099000
291	0	0.000000	0.067000	0.067000	-0.099000
292	0	0.000000	0.000000	0.000000	-0.099000
293	0	0.000000	0.066000	0.066000	-0.099000
294	0	0.000000	0.000000	0.000000	-0.099000
295	0	0.000000	0.067000	0.067000	-0.099000
296	1	0.000000	0.000000	0.000000	-0.099000
297	0	0.000000	0.067000	0.000000	-0.099000
298	1	0.000000	0.000000	0.000000	-0.099000
299	0	0.000000	0.066000	0.000000	-0.099000
300	1	0.000000	0.000000	0.000000	-0.099000
301	0	0.000000	0.000000	0.000000	-0.099000
302	1	0.000000	0.100000	0.000000	-0.199000
303	0	0.000000	0.000000	0.000000	-0.099000
304	1	0.000000	0.000000	0.000000	-0.099000
305	0	0.000000	0.100000	0.000000	-0.099000
306	0	0.000000	0.000000	0.000000	-0.099000
307	0	0.000000	0.000000	0.000000	-0.099000
308	0	0.000000	0.100000	0.100000	-0.099000
309	1	0.000000	0.000000	0.000000	-0.099000
310	0	0.000000	0.000000	0.000000	-0.099000
311	0	0.000000	0.100000	0.100000	-0.099000
312	0	0.000000	0.000000	0.000000	-0.099000
313	0	0.000000	0.000000	0.000000	-0.099000
314	1	0.000000	0.100000	0.000000	-0.199000
315	1	0.000000	0.000000	0.000000	-0.199000
316	0	0.000000	0.000000	0.000000	-0.099000
317	0	0.000000	0.100000	0.100000	-0.099000
318	0	0.000000	0.000000	0.000000	-0.099000
319	1	0.000000	0.000000	0.000000	-0.099000
320	1	0.000000	0.100000	0.000000	-0.199000
321	0	0.000000	0.000000	0.000000	-0.099000
322	0	0.000000	0.000000	0.000000	-0.099000
323	0	0.000000	0.100000	0.100000	-0.099000
324	0	0.000000	0.000000	0.000000	-0.099000
325	1	0.000000	0.000000	0.000000	-0.099000
326	0	0.000000	0.100000	0.000000	-0.099000
327	1	0.000000	0.000000	0.000000	-0.099000
328	0	0.000000	0.000000	0.000000	-0.099000
329	0	0.000000	0.100000	0.100000	-0.099000
330	1	0.000000	0.000000	0.000000	-0.099000
331	0	0.000000	0.000000	0.000000	-0.099000
332	0	0.000000	0.100000	0.100000	-0.099000
333	0	0.000000	0.000000	0.000000	-0.099000
334	0	0.000000	0.000000	0.000000	-0.099000
335	0	0.000000	0.100000	0.100000	-0.099000
336	0	0.000000	0.000000	0.000000	-0.099000
337	0	0.000000	0.000000	0.000000	-0.099000
338	0	0.000000	0.100000	0.100000	-0.099000
339	0	0.000000	0.000000	0.000000	-0.099000
340	0	0.000000	0.000000	0.000000	-0.099000
341	1	0.000000	0.100000	0.000000	-0.199000
342	1	0.000000	0.000000	0.000000	-0.199000
343	0	0.000000	0.000000	0.000000	-0.099000
344	0	0.000000	0.100000	0.100000	-0.099000
345	1	0.000000	0.000000	0.000000	-0.099000
346	0	0.000000	0.000000	0.000000	-0.099000
347	0	0.000000	0.100000	0.100000	-0.099000
348	0	0.000000	0.000000	0.000000	-0.099000
349	0	0.000000	0.000000	0.000000	-0.099000
350	0	0.000000	0.100000	0.100000	-0.099000
351	1	0.000000	0.000000	0.000000	-0.099000
352	0	0.000000	0.000000	0.000000	-0.099000
353	1	0.000000	0.100000	0.000000	-0.199000
354	0	0.000000	0.000000	0.000000	-0.099000
355	0	0.000000	0.000000	0.000000	-0.099000
356	1	0.000000	0.100000	0.000000	-0.199000
357	1	0.000000	0.000000	0.000000	-0.199000
358	1	0.000000	0.000000	0.000000	-0.199000
359	0	0.000000	0.100000	0.000000	-0.099000
360	1	0.000000	0.000000	0.000000	-0.099000
361	0	0.000000	0.000000	0.000000	-0.099000
362	1	0.000000	0.100000	0.000000	-0.199000
363	0	0.000000	0.000000	0.000000	-0.099000
364	0	0.000000	0.000000	0.000000	-0.099000
365	0	0.000000	0.100000	0.100000	-0.099000
366	1	0.000000	0.000000	0.000000	-0.099000
367	1	0.000000	0.000000	0.000000	-0.099000
368	0	0.000000	0.100000	0.000000	-0.099000
369	0	0.000000	0.000000	0.000000	-0.099000
370	1	0.000000	0.000000	0.000000	-0.099000
371	0	0.000000	0.100000	0.000000	-0.099000
372	0	0.000000	0.000000	0.000000	-0.099000
373	0	0.000000	0.000000	0.000000	-0.099000
374	1	0.000000	0.100000	0.000000	-0.199000
375	1	0.000000	0.000000	0.000000	-0.199000
376	1	0.000000	0.000000	0.000000	-0.199000
377	0	0.000000	0.100000	0.000000	-0.099000
378	0	0.000000	0.000000	0.000000	-0.099000
379	0	0.000000	0.000000	0.000000	-0.099000
380	0	0.000000	0.100000	0.100000	-0.099000
381	0	0.000000	0.000000	0.000000	-0.099000
382	1	0.000000	0.000000	0.000000	-0.099000
383	1	0.000000	0.100000	0.000000	-0.199000
384	1	0.000000	0.000000	0.000000	-0.199000
385	0	0.000000	0.000000	0.000000	-0.099000
386	0	0.000000	0.100000	0.100000	-0.099000
387	0	0.000000	0.000000	0.000000	-0.099000
388	1	0.000000	0.000000	0.000000	-0.099000
389	0	0.000000	0.100000	0.000000	-0.099000
390	1	0.000000	0.000000	0.000000	-0.099000
391	0	0.000000	0.000000	0.000000	-0.099000
392	0	0.000000	0.100000	0.100000	-0.099000
393	0	0.000000	0.000000	0.000000	-0.099000
394	0	0.000000	0.000000	0.000000	-0.099000
395	0	0.000000	0.100000	0.100000	-0.099000
396	0	0.000000	0.000000	0.000000	-0.099000
397	0	0.000000	0.000000	0.000000	-0.099000
398	0	0.000000	0.100000	0.100000	-0.099000
399	0	0.000000	0.000000	0.000000	-0.099000
400	0	0.000000	0.000000	0.000000	-0.099000
401	1	0.000000	0.000000	0.000000	-0.099000
402	0	0.000000	0.134000	0.000000	-0.099000
403	0	0.000000	0.000000	0.000000	-0.099000
404	0	0.000000	0.000000	0.000000	-0.099000
405	0	0.000000	0.000000	0.000000	-0.099000
406	0	0.000000	0.133000	0.133000	-0.099000
407	0	0.000000	0.000000	0.000000	-0.099000
408	1	0.000000	0.000000	0.000000	-0.099000
409	1	0.000000	0.000000	0.000000	-0.099000
410	0	0.000000	0.133000	0.000000	-0.099000
411	0	0.000000	0.000000	0.000000	-0.099000
412	0	0.000000	0.000000	0.000000	-0.099000
413	0	0.000000	0.000000	0.000000	-0.099000
414	1	0.000000	0.134000	0.000000	-0.233000
415	0	0.000000	0.000000	0.000000	-0.099000
416	0	0.000000	0.000000	0.000000	-0.099000
417	0	0.000000	0.000000	0.000000	-0.099000
418	0	0.000000	0.133000	0.133000	-0.099000
419	0	0.000000	0.000000	0.000000	-0.099000
420	0	0.000000	0.000000	0.000000	-0.099000
421	0	0.000000	0.000000	0.000000	-0.099000
422	1	0.000000	0.133000	0.000000	-0.232000
423	0	0.000000	0.000000	0.000000	-0.099000
424	1	0.000000	0.000000	0.000000	-0.099000
425	0	0.000000	0.000000	0.000000	-0.099000
426	1	0.000000	0.134000	0.000000	-0.233000
427	0	0.000000	0.000000	0.000000	-0.099000
428	0	0.000000	0.000000	0.000000	-0.099000
429	0	0.000000	0.000000	0.000000	-0.099000
430	0	0.000000	0.133000	0.133000	-0.099000
431	0	0.000000	0.000000	0.000000	-0.099000
432	0	0.000000	0.000000	0.000000	-0.099000
433	0	0.000000	0.000000	0.000000	-0.099000
434	1	0.000000	0.133000	0.000000	-0.232000
435	0	0.000000	0.000000	0.000000	-0.099000
436	0	0.000000	0.000000	0.000000	-0.099000
437	1	0.000000	0.000000	0.000000	-0.099000
438	1	0.000000	0.134000	0.000000	-0.233000
439	0	0.000000	0.000000	0.000000	-0.099000
440	1	0.000000	0.000000	0.000000	-0.099000
441	0	0.000000	0.000000	0.000000	-0.099000
442	0	0.000000	0.133000	0.133000	-0.099000
443	0	0.000000	0.000000	0.000000	-0.099000
444	1	0.000000	0.000000	0.000000	-0.099000
445	1	0.000000	0.000000	0.000000	-0.099000
446	0	0.000000	0.133000	0.000000	-0.099000
447	0	0.000000	0.000000	0.000000	-0.099000
448	0	0.000000	0.000000	0.000000	-0.099000
449	0	0.000000	0.000000	0.000000	-0.099000
450	0	0.000000	0.134000	0.134000	-0.099000
451	0	0.000000	0.000000	0.000000	-0.099000
452	1	0.000000	0.066000	0.000000	-0.165000
453	0	0.000000	0.000000	0.000000	-0.099000
454	0	0.000000	0.000000	0.000000	-0.099000
455	0	0.000000	0.000000	0.000000	-0.099000
456	1	0.000000	0.134000	0.000000	-0.233000
457	0	0.000000	0.000000	0.000000	-0.099000
458	0	0.000000	0.000000	0.000000	-0.099000
459	0	0.000000	0.000000	0.000000	-0.099000
460	1	0.000000	0.133000	0.000000	-0.232000
461	1	0.000000	0.000000	0.000000	-0.232000
462	1	0.000000	0.000000	0.000000	-0.232000
463	1	0.000000	0.000000	0.000000	-0.232000
464	0	0.000000	0.133000	0.000000	-0.099000
465	0	0.000000	0.000000	0.000000	-0.099000
466	1	0.000000	0.000000	0.000000	-0.099000
467	0	0.000000	0.000000	0.000000	-0.099000
468	0	0.000000	0.134000	0.134000	-0.099000
469	0	0.000000	0.000000	0.000000	-0.099000
470	0	0.000000	0.000000	0.000000	-0.099000
471	1	0.000000	0.000000	0.000000	-0.099000
472	0	0.000000	0.133000	0.000000	-0.099000
473	1	0.000000	0.000000	0.000000	-0.099000
474	0	0.000000	0.000000	0.000000	-0.099000
475	0	0.000000	0.000000	0.000000	-0.099000
476	0	0.000000	0.133000	0.133000	-0.099000
477	0	0.000000	0.000000	0.000000	-0.099000
478	0	0.000000	0.000000	0.000000	-0.099000
479	1	0.000000	0.000000	0.000000	-0.099000
480	1	0.000000	0.134000	0.000000	-0.233000
481	0	0.000000	0.000000	0.000000	-0.099000
482	1	0.000000	0.000000	0.000000	-0.099000
483	0	0.000000	0.000000	0.000000	-0.099000
484	0	0.000000	0.133000	0.133000	-0.099000
485	0	0.000000	0.000000	0.000000	-0.099000
486	0	0.000000	0.000000	0.000000	-0.099000
487	0	0.000000	0.000000	0.000000	-0.099000
488	0	0.000000	0.133000	0.133000	-0.099000
489	0	0.000000	0.000000	0.000000	-0.099000
490	0	0.000000	0.000000	0.000000	-0.099000
491	0	0.000000	0.000000	0.000000	-0.099000
492	0	0.000000	0.134000	0.134000	-0.099000
493	0	0.000000	0.000000	0.000000	-0.099000
494	0	0.000000	0.000000	0.000000	-0.099000
495	0	0.000000	0.000000	0.000000	-0.099000
496	1	0.000000	0.133000	0.000000	-0.232000
497	1	0.000000	0.000000	0.000000	-0.232000
498	0	0.000000	0.000000	0.000000	-0.099000
499	0	0.000000	0.000000	0.000000	-0.099000
500	0	0.000000	0.000000	0.000000	-0.099000
501	0	0.000000	0.167000	0.167000	-0.099000
502	0	0.000000	0.000000	0.000000	-0.099000
503	0	0.000000	0.000000	0.000000	-0.099000
504	1	0.000000	0.000000	0.000000	-0.099000
505	0	0.000000	0.000000	0.000000	-0.099000
506	0	0.000000	0.166000	0.166000	-0.099000
507	0	0.000000	0.000000	0.000000	-0.099000
508	0	0.000000	0.000000	0.000000	-0.099000
509	0	0.000000	0.000000	0.000000	-0.099000
510	1	0.000000	0.000000	0.000000	-0.099000
511	0	0.000000	0.167000	0.000000	-0.099000
512	0	0.000000	0.000000	0.000000	-0.099000
513	0	0.000000	0.000000	0.000000	-0.099000
514	0	0.000000	0.000000	0.000000	-0.099000
515	0	0.000000	0.000000	0.000000	-0.099000
516	0	0.000000	0.167000	0.167000	-0.099000
517	0	0.000000	0.000000	0.000000	-0.099000
518	0	0.000000	0.000000	0.000000	-0.099000
519	1	0.000000	0.000000	0.000000	-0.099000
520	0	0.000000	0.000000	0.000000	-0.099000
521	0	0.000000	0.166000	0.166000	-0.099000
522	0	0.000000	0.000000	0.000000	-0.099000
523	1	0.000000	0.000000	0.000000	-0.099000
524	0	0.000000	0.000000	0.000000	-0.099000
525	0	0.000000	0.000000	0.000000	-0.099000
526	0	0.000000	0.167000	0.167000	-0.099000
527	0	0.000000	0.000000	0.000000	-0.099000
528	0	0.000000	0.000000	0.000000	-0.099000
529	1	0.000000	0.000000	0.000000	-0.099000
530	1	0.000000	0.000000	0.000000	-0.099000
531	0	0.000000	0.167000	0.000000	-0.099000
532	0	0.000000	0.000000	0.000000	-0.099000
533	0	0.000000	0.000000	0.000000	-0.099000
534	1	0.000000	0.000000	0.000000	-0.099000
535	1	0.000000	0.000000	0.000000	-0.099000
536	0	0.000000	0.166000	0.000000	-0.099000
537	0	0.000000	0.000000	0.000000	-0.099000
538	0	0.000000	0.000000	0.000000	-0.099000
539	0	0.000000	0.000000	0.000000	-0.099000
540	0	0.000000	0.000000	0.000000	-0.099000
541	1	0.000000	0.167000	0.000000	-0.266000
542	0	0.000000	0.000000	0.000000	-0.099000
543	0	0.000000	0.000000	0.000000	-0.099000
544	1	0.000000	0.000000	0.000000	-0.099000
545	0	0.000000	0.000000	0.000000	-0.099000
546	0	0.000000	0.167000	0.167000	-0.099000
547	0	0.000000	0.000000	0.000000	-0.099000
548	0	0.000000	0.000000	0.000000	-0.099000
549	0	0.000000	0.000000	0.000000	-0.099000
550	1	0.000000	0.000000	0.000000	-0.099000
551	0	0.000000	0.166000	0.000000	-0.099000
552	0	0.000000	0.000000	0.000000	-0.099000
553	1	0.000000	0.000000	0.000000	-0.099000
554	0	0.000000	0.000000	0.000000	-0.099000
555	0	0.000000	0.000000	0.000000	-0.099000
556	0	0.000000	0.167000	0.167000	-0.099000
557	0	0.000000	0.000000	0.000000	-0.099000
558	0	0.000000	0.000000	0.000000	-0.099000
559	1	0.000000	0.000000	0.000000	-0.099000
560	1	0.000000	0.000000	0.000000	-0.099000
561	1	0.000000	0.167000	0.000000	-0.266000
562	1	0.000000	0.000000	0.000000	-0.266000
563	1	0.000000	0.000000	0.000000	-0.266000
564	0	0.000000	0.000000	0.000000	-0.099000
565	0	0.000000	0.000000	0.000000	-0.099000
566	0	0.000000	0.166000	0.166000	-0.099000
567	0	0.000000	0.000000	0.000000	-0.099000
568	0	0.000000	0.000000	0.000000	-0.099000
569	0	0.000000	0.000000	0.000000	-0.099000
570	0	0.000000	0.000000	0.000000	-0.099000
571	0	0.000000	0.167000	0.167000	-0.099000
572	1	0.000000	0.000000	0.000000	-0.099000
573	0	0.000000	0.000000	0.000000	-0.099000
574	0	0.000000	0.000000	0.000000	-0.099000
575	0	0.000000	0.000000	0.000000	-0.099000
576	0	0.000000	0.167000	0.167000	-0.099000
577	0	0.000000	0.000000	0.000000	-0.099000
578	0	0.000000	0.000000	0.000000	-0.099000
579	1	0.000000	0.000000	0.000000	-0.099000
580	1	0.000000	0.000000	0.000000	-0.099000
581	1	0.000000	0.166000	0.000000	-0.265000
582	0	0.000000	0.000000	0.000000	-0.099000
583	0	0.000000	0.000000	0.000000	-0.099000
584	0	0.000000	0.000000	0.000000	-0.099000
585	0	0.000000	0.000000	0.000000	-0.099000
586	0	0.000000	0.167000	0.167000	-0.099000
587	0	0.000000	0.000000	0.000000	-0.099000
588	0	0.000000	0.000000	0.000000	-0.099000
589	0	0.000000	0.000000	0.000000	-0.099000
590	0	0.000000	0.000000	0.000000	-0.099000
591	0	0.000000	0.167000	0.167000	-0.099000
592	0	0.000000	0.000000	0.000000	-0.099000
593	0	0.000000	0.000000	0.000000	-0.099000
594	0	0.000000	0.000000	0.000000	-0.099000
595	1	0.000000	0.000000	0.000000	-0.099000
596	0	0.000000	0.166000	0.000000	-0.099000
597	1	0.000000	0.000000	0.000000	-0.099000
598	0	0.000000	0.000000	0.000000	-0.099000
599	0	0.000000	0.000000	0.000000	-0.099000
600	0	0.000000	0.000000	0.000000	-0.099000
601	0	0.000000	0.000000	0.000000	-0.099000
602	0	0.000000	0.200000	0.200000	-0.099000
603	0	0.000000	0.000000	0.000000	-0.099000
604	0	0.000000	0.000000	0.000000	-0.099000
605	0	0.000000	0.000000	0.000000	-0.099000
606	0	0.000000	0.000000	0.000000	-0.099000
607	1	0.000000	0.000000	0.000000	-0.099000
608	1	0.000000	0.200000	0.000000	-0.299000
609	0	0.000000	0.000000	0.000000	-0.099000
610	1	0.000000	0.000000	0.000000	-0.099000
611	1	0.000000	0.000000	0.000000	-0.099000
612	1	0.000000	0.000000	0.000000	-0.099000
613	0	0.000000	0.000000	0.000000	-0.099000
614	0	0.000000	0.200000	0.200000	-0.099000
615	0	0.000000	0.000000	0.000000	-0.099000
616	0	0.000000	0.000000	0.000000	-0.099000
617	0	0.000000	0.000000	0.000000	-0.099000
618	0	0.000000	0.000000	0.000000	-0.099000
619	1	0.000000	0.000000	0.000000	-0.099000
620	0	0.000000	0.200000	0.000000	-0.099000
621	0	0.000000	0.000000	0.000000	-0.099000
622	0	0.000000	0.000000	0.000000	-0.099000
623	0	0.000000	0.000000	0.000000	-0.099000
624	0	0.000000	0.000000	0.000000	-0.099000
625	1	0.000000	0.000000	0.000000	-0.099000
626	0	0.000000	0.200000	0.000000	-0.099000
627	0	0.000000	0.000000	0.000000	-0.099000
628	0	0.000000	0.000000	0.000000	-0.099000
629	0	0.000000	0.000000	0.000000	-0.099000
630	0	0.000000	0.000000	0.000000	-0.099000
631	0	0.000000	0.000000	0.000000	-0.099000
632	0	0.000000	0.200000	0.200000	-0.099000
633	0	0.000000	0.000000	0.000000	-0.099000
634	0	0.000000	0.000000	0.000000	-0.099000
635	1	0.000000	0.000000	0.000000	-0.099000
636	1	0.000000	0.000000	0.000000	-0.099000
637	0	0.000000	0.000000	0.000000	-0.099000
638	0	0.000000	0.200000	0.200000	-0.099000
639	0	0.000000	0.000000	0.000000	-0.099000
640	0	0.000000	0.000000	0.000000	-0.099000
641	1	0.000000	0.000000	0.000000	-0.099000
642	1	0.000000	0.000000	0.000000	-0.099000
643	0	0.000000	0.000000	0.000000	-0.099000
644	0	0.000000	0.200000	0.200000	-0.099000
645	1	0.000000	0.000000	0.000000	-0.099000
646	1	0.000000	0.000000	0.000000	-0.099000
647	0	0.000000	0.000000	0.000000	-0.099000
648	0	0.000000	0.000000	0.000000	-0.099000
649	0	0.000000	0.000000	0.000000	-0.099000
650	1	0.000000	0.200000	0.000000	-0.299000
651	1	0.000000	0.000000	0.000000	-0.299000
652	0	0.000000	0.000000	0.000000	-0.099000
653	1	0.000000	0.000000	0.000000	-0.099000
654	0	0.000000	0.000000	0.000000	-0.099000
655	0	0.000000	0.000000	0.000000	-0.099000
656	0	0.000000	0.200000	0.200000	-0.099000
657	1	0.000000	0.000000	0.000000	-0.099000
658	0	0.000000	0.000000	0.000000	-0.099000
659	0	0.000000	0.000000	0.000000	-0.099000
660	1	0.000000	0.000000	0.000000	-0.099000
661	1	0.000000	0.000000	0.000000	-0.099000
662	1	0.000000	0.200000	0.000000	-0.299000
663	0	0.000000	0.000000	0.000000	-0.099000
664	0	0.000000	0.000000	0.000000	-0.099000
665	0	0.000000	0.000000	0.000000	-0.099000
666	0	0.000000	0.000000	0.000000	-0.099000
667	0	0.000000	0.000000	0.000000	-0.099000
668	0	0.000000	0.200000	0.200000	-0.099000
669	0	0.000000	0.000000	0.000000	-0.099000
670	1	0.000000	0.000000	0.000000	-0.099000
671	1	0.000000	0.000000	0.000000	-0.099000
672	0	0.000000	0.000000	0.000000	-0.099000
673	1	0.000000	0.000000	0.000000	-0.099000
674	1	0.000000	0.200000	0.000000	-0.299000
675	0	0.000000	0.000000	0.000000	-0.099000
676	1	0.000000	0.000000	0.000000	-0.099000
677	1	0.000000	0.000000	0.000000	-0.099000
678	1	0.000000	0.000000	0.000000	-0.099000
679	0	0.000000	0.000000	0.000000	-0.099000
680	0	0.000000	0.200000	0.200000	-0.099000
681	1	0.000000	0.000000	0.000000	-0.099000
682	0	0.000000	0.000000	0.000000	-0.099000
683	1	0.000000	0.000000	0.000000	-0.099000
684	0	0.000000	0.000000	0.000000	-0.099000
685	1	0.000000	0.000000	0.000000	-0.099000
686	0	0.000000	0.200000	0.000000	-0.099000
687	1	0.000000	0.000000	0.000000	-0.099000
688	0	0.000000	0.000000	0.000000	-0.099000
689	1	0.000000	0.000000	0.000000	-0.099000
690	1	0.000000	0.000000	0.000000	-0.099000
691	0	0.000000	0.000000	0.000000	-0.099000
692	0	0.000000	0.200000	0.200000	-0.099000
693	0	0.000000	0.000000	0.000000	-0.099000
694	1	0.000000	0.000000	0.000000	-0.099000
695	0	0.000000	0.000000	0.000000	-0.099000
696	1	0.000000	0.000000	0.000000	-0.099000
697	0	0.000000	0.000000	0.000000	-0.099000
698	1	0.000000	0.002000	0.000000	-0.101000
699	0	0.000000	0.232000	0.000000	-0.099000
700	1	0.000000	0.000000	0.000000	-0.099000
701	1	0.000000	0.000000	0.000000	-0.099000
702	0	0.000000	0.000000	0.000000	-0.099000
703	1	0.000000	0.000000	0.000000	-0.099000
704	0	0.000000	0.000000	0.000000	-0.099000
705	0	0.000000	0.000000	0.000000	-0.099000
706	0	0.000000	0.233000	0.233000	-0.099000
707	1	0.000000	0.000000	0.000000	-0.099000
708	0	0.000000	0.000000	0.000000	-0.099000
709	1	0.000000	0.000000	0.000000	-0.099000
710	0	0.000000	0.000000	0.000000	-0.099000
711	0	0.000000	0.000000	0.000000	-0.099000
712	0	0.000000	0.000000	0.000000	-0.099000
713	1	0.000000	0.233000	0.000000	-0.332000
714	0	0.000000	0.000000	0.000000	-0.099000
715	0	0.000000	0.000000	0.000000	-0.099000
716	1	0.000000	0.000000	0.000000	-0.099000
717	0	0.000000	0.000000	0.000000	-0.099000
718	0	0.000000	0.000000	0.000000	-0.099000
719	1	0.000000	0.000000	0.000000	-0.099000
720	0	0.000000	0.234000	0.000000	-0.099000
721	1	0.000000	0.000000	0.000000	-0.099000
722	0	0.000000	0.000000	0.000000	-0.099000
723	0	0.000000	0.000000	0.000000	-0.099000
724	1	0.000000	0.000000	0.000000	-0.099000
725	1	0.000000	0.000000	0.000000	-0.099000
726	0	0.000000	0.000000	0.000000	-0.099000
727	1	0.000000	0.233000	0.000000	-0.332000
728	1	0.000000	0.000000	0.000000	-0.332000
729	0	0.000000	0.000000	0.000000	-0.099000
730	0	0.000000	0.000000	0.000000	-0.099000
731	1	0.000000	0.000000	0.000000	-0.099000
732	0	0.000000	0.000000	0.000000	-0.099000
733	0	0.000000	0.000000	0.000000	-0.099000
734	0	0.000000	0.233000	0.233000	-0.099000
735	0	0.000000	0.000000	0.000000	-0.099000
736	0	0.000000	0.000000	0.000000	-0.099000
737	0	0.000000	0.000000	0.000000	-0.099000
738	0	0.000000	0.000000	0.000000	-0.099000
739	0	0.000000	0.000000	0.000000	-0.099000
740	0	0.000000	0.000000	0.000000	-0.099000
741	0	0.000000	0.234000	0.234000	-0.099000
742	1	0.000000	0.000000	0.000000	-0.099000
743	1	0.000000	0.000000	0.000000	-0.099000
744	1	0.000000	0.000000	0.000000	-0.099000
745	0	0.000000	0.000000	0.000000	-0.099000
746	0	0.000000	0.000000	0.000000	-0.099000
747	1	0.000000	0.000000	0.000000	-0.099000
748	0	0.000000	0.233000	0.000000	-0.099000
749	0	0.000000	0.000000	0.000000	-0.099000
750	0	0.000000	0.000000	0.000000	-0.099000
751	0	0.000000	0.000000	0.000000	-0.099000
752	1	0.000000	0.000000	0.000000	-0.099000
753	0	0.000000	0.000000	0.000000	-0.099000
754	0	0.000000	0.000000	0.000000	-0.099000
755	0	0.000000	0.233000	0.233000	-0.099000
756	0	0.000000	0.000000	0.000000	-0.099000
757	1	0.000000	0.000000	0.000000	-0.099000
758	0	0.000000	0.000000	0.000000	-0.099000
759	0	0.000000	0.000000	0.000000	-0.099000
760	0	0.000000	0.000000	0.000000	-0.099000
761	1	0.000000	0.000000	0.000000	-0.099000
762	0	0.000000	0.234000	0.000000	-0.099000
763	1	0.000000	0.000000	0.000000	-0.099000
764	1	0.000000	0.000000	0.000000	-0.099000
765	0	0.000000	0.000000	0.000000	-0.099000
766	1	0.000000	0.000000	0.000000	-0.099000
767	0	0.000000	0.000000	0.000000	-0.099000
768	0	0.000000	0.000000	0.000000	-0.099000
769	0	0.000000	0.233000	0.233000	-0.099000
770	1	0.000000	0.000000	0.000000	-0.099000
771	1	0.000000	0.000000	0.000000	-0.099000
772	1	0.000000	0.000000	0.000000	-0.099000
773	0	0.000000	0.000000	0.000000	-0.099000
774	1	0.000000	0.000000	0.000000	-0.099000
775	0	0.000000	0.000000	0.000000	-0.099000
776	0	0.000000	0.233000	0.233000	-0.099000
777	0	0.000000	0.000000	0.000000	-0.099000
778	0	0.000000	0.000000	0.000000	-0.099000
779	0	0.000000	0.000000	0.000000	-0.099000
780	0	0.000000	0.000000	0.000000	-0.099000
781	0	0.000000	0.000000	0.000000	-0.099000
782	0	0.000000	0.000000	0.000000	-0.099000
783	0	0.000000	0.234000	0.234000	-0.099000
784	0	0.000000	0.000000	0.000000	-0.099000
785	0	0.000000	0.000000	0.000000	-0.099000
786	0	0.000000	0.000000	0.000000	-0.099000
787	0	0.000000	0.000000	0.000000	-0.099000
788	0	0.000000	0.000000	0.000000	-0.099000
789	1	0.000000	0.000000	0.000000	-0.099000
790	1	0.000000	0.233000	0.000000	-0.332000
791	0	0.000000	0.000000	0.000000	-0.099000
792	0	0.000000	0.000000	0.000000	-0.099000
793	1	0.000000	0.000000	0.000000	-0.099000
794	0	0.000000	0.000000	0.000000	-0.099000
795	0	0.000000	0.000000	0.000000	-0.099000
796	1	0.000000	0.000000	0.000000	-0.099000
797	0	0.000000	0.233000	0.000000	-0.099000
798	0	0.000000	0.000000	0.000000	-0.099000
799	0	0.000000	0.000000	0.000000	-0.099000
800	0	0.000000	0.000000	0.000000	-0.099000
801	0	0.000000	0.000000	0.000000	-0.099000
802	0	0.000000	0.000000	0.000000	-0.099000
803	1	0.000000	0.000000	0.000000	-0.099000
804	0	0.000000	0.000000	0.000000	-0.099000
805	0	0.000000	0.267000	0.267000	-0.099000
806	0	0.000000	0.000000	0.000000	-0.099000
807	0	0.000000	0.000000	0.000000	-0.099000
808	1	0.000000	0.000000	0.000000	-0.099000
809	0	0.000000	0.000000	0.000000	-0.099000
810	0	0.000000	0.000000	0.000000	-0.099000
811	0	0.000000	0.000000	0.000000	-0.099000
812	1	0.000000	0.000000	0.000000	-0.099000
813	0	0.000000	0.267000	0.000000	-0.099000
814	0	0.000000	0.000000	0.000000	-0.099000
815	0	0.000000	0.000000	0.000000	-0.099000
816	1	0.000000	0.000000	0.000000	-0.099000
817	1	0.000000	0.000000	0.000000	-0.099000
818	0	0.000000	0.000000	0.000000	-0.099000
819	1	0.000000	0.000000	0.000000	-0.099000
820	0	0.000000	0.000000	0.000000	-0.099000
821	0	0.000000	0.266000	0.266000	-0.099000
822	0	0.000000	0.000000	0.000000	-0.099000
823	0	0.000000	0.000000	0.000000	-0.099000
824	0	0.000000	0.000000	0.000000	-0.099000
825	0	0.000000	0.000000	0.000000	-0.099000
826	1	0.000000	0.000000	0.000000	-0.099000
827	1	0.000000	0.000000	0.000000	-0.099000
828	1	0.000000	0.001000	0.000000	-0.100000
829	1	0.000000	0.266000	0.000000	-0.366000
830	1	0.000000	0.000000	0.000000	-0.366000
831	0	0.000000	0.000000	0.000000	-0.099000
832	1	0.000000	0.000000	0.000000	-0.099000
833	0	0.000000	0.000000	0.000000	-0.099000
834	0	0.000000	0.000000	0.000000	-0.099000
835	0	0.000000	0.000000	0.000000	-0.099000
836	0	0.000000	0.000000	0.000000	-0.099000
837	0	0.000000	0.267000	0.267000	-0.099000
838	1	0.000000	0.000000	0.000000	-0.099000
839	1	0.000000	0.000000	0.000000	-0.099000
840	1	0.000000	0.000000	0.000000	-0.099000
841	0	0.000000	0.000000	0.000000	-0.099000
842	0	0.000000	0.000000	0.000000	-0.099000
843	1	0.000000	0.000000	0.000000	-0.099000
844	0	0.000000	0.000000	0.000000	-0.099000
845	1	0.000000	0.266000	0.000000	-0.365000
846	1	0.000000	0.000000	0.000000	-0.365000
847	0	0.000000	0.000000	0.000000	-0.099000
848	0	0.000000	0.000000	0.000000	-0.099000
849	0	0.000000	0.000000	0.000000	-0.099000
850	1	0.000000	0.000000	0.000000	-0.099000
851	1	0.000000	0.000000	0.000000	-0.099000
852	0	0.000000	0.001000	0.000000	-0.099000
853	0	0.000000	0.266000	0.266000	-0.099000
854	1	0.000000	0.000000	0.000000	-0.099000
855	0	0.000000	0.000000	0.000000	-0.099000
856	0	0.000000	0.000000	0.000000	-0.099000
857	1	0.000000	0.000000	0.000000	-0.099000
858	1	0.000000	0.000000	0.000000	-0.099000
859	0	0.000000	0.000000	0.000000	-0.099000
860	0	0.000000	0.000000	0.000000	-0.099000
861	1	0.000000	0.267000	0.000000	-0.366000
862	0	0.000000	0.000000	0.000000	-0.099000
863	1	0.000000	0.000000	0.000000	-0.099000
864	1	0.000000	0.000000	0.000000	-0.099000
865	0	0.000000	0.000000	0.000000	-0.099000
866	0	0.000000	0.000000	0.000000	-0.099000
867	0	0.000000	0.000000	0.000000	-0.099000
868	0	0.000000	0.000000	0.000000	-0.099000
869	0	0.000000	0.266000	0.266000	-0.099000
870	1	0.000000	0.000000	0.000000	-0.099000
871	0	0.000000	0.000000	0.000000	-0.099000
872	1	0.000000	0.000000	0.000000	-0.099000
873	0	0.000000	0.000000	0.000000	-0.099000
874	1	0.000000	0.000000	0.000000	-0.099000
875	1	0.000000	0.001000	0.000000	-0.100000
876	0	0.000000	0.000000	0.000000	-0.099000
877	1	0.000000	0.266000	0.000000	-0.365000
878	0	0.000000	0.000000	0.000000	-0.099000
879	1	0.000000	0.000000	0.000000	-0.099000
880	0	0.000000	0.000000	0.000000	-0.099000
881	0	0.000000	0.000000	0.000000	-0.099000
882	0	0.000000	0.000000	0.000000	-0.099000
883	0	0.000000	0.000000	0.000000	-0.099000
884	0	0.000000	0.000000	0.000000	-0.099000
885	0	0.000000	0.267000	0.267000	-0.099000
886	0	0.000000	0.000000	0.000000	-0.099000
887	0	0.000000	0.000000	0.000000	-0.099000
888	0	0.000000	0.000000	0.000000	-0.099000
889	0	0.000000	0.000000	0.000000	-0.099000
890	1	0.000000	0.000000	0.000000	-0.099000
891	0	0.000000	0.000000	0.000000	-0.099000
892	0	0.000000	0.000000	0.000000	-0.099000
893	1	0.000000	0.266000	0.000000	-0.365000
894	0	0.000000	0.000000	0.000000	-0.099000
895	1	0.000000	0.000000	0.000000	-0.099000
896	0	0.000000	0.000000	0.000000	-0.099000
897	0	0.000000	0.000000	0.000000	-0.099000
898	0	0.000000	0.000000	0.000000	-0.099000
899	1	0.000000	0.000000	0.000000	-0.099000
900	1	0.000000	0.001000	0.000000	-0.100000
901	0	0.000000	0.000000	0.000000	-0.099000
902	0	0.000000	0.299000	0.299000	-0.099000
903	0	0.000000	0.000000	0.000000	-0.099000
904	0	0.000000	0.000000	0.000000	-0.099000
905	0	0.000000	0.000000	0.000000	-0.099000
906	1	0.000000	0.000000	0.000000	-0.099000
907	0	0.000000	0.000000	0.000000	-0.099000
908	0	0.000000	0.000000	0.000000	-0.099000
909	1	0.000000	0.000000	0.000000	-0.099000
910	1	0.000000	0.001000	0.000000	-0.100000
911	0	0.000000	0.299000	0.000000	-0.099000
912	0	0.000000	0.000000	0.000000	-0.099000
913	0	0.000000	0.000000	0.000000	-0.099000
914	0	0.000000	0.000000	0.000000	-0.099000
915	0	0.000000	0.000000	0.000000	-0.099000
916	1	0.000000	0.000000	0.000000	-0.099000
917	0	0.000000	0.000000	0.000000	-0.099000
918	0	0.000000	0.000000	0.000000	-0.099000
919	0	0.000000	0.001000	0.001000	-0.099000
920	0	0.000000	0.299000	0.299000	-0.099000
921	0	0.000000	0.000000	0.000000	-0.099000
922	0	0.000000	0.000000	0.000000	-0.099000
923	0	0.000000	0.000000	0.000000	-0.099000
924	0	0.000000	0.000000	0.000000	-0.099000
925	1	0.000000	0.001000	0.000000	-0.100000
926	0	0.000000	0.000000	0.000000	-0.099000
927	0	0.000000	0.000000	0.000000	-0.099000
928	0	0.000000	0.000000	0.000000	-0.099000
929	0	0.000000	0.299000	0.299000	-0.099000
930	0	0.000000	0.000000	0.000000	-0.099000
931	0	0.000000	0.000000	0.000000	-0.099000
932	1	0.000000	0.000000	0.000000	-0.099000
933	0	0.000000	0.000000	0.000000	-0.099000
934	0	0.000000	0.000000	0.000000	-0.099000
935	0	0.000000	0.001000	0.001000	-0.099000
936	0	0.000000	0.000000	0.000000	-0.099000
937	0	0.000000	0.000000	0.000000	-0.099000
938	1	0.000000	0.299000	0.000000	-0.398000
939	0	0.000000	0.000000	0.000000	-0.099000
940	1	0.000000	0.000000	0.000000	-0.099000
941	1	0.000000	0.000000	0.000000	-0.099000
942	1	0.000000	0.000000	0.000000	-0.099000
943	0	0.000000	0.000000	0.000000	-0.099000
944	0	0.000000	0.000000	0.000000	-0.099000
945	0	0.000000	0.000000	0.000000	-0.099000
946	0	0.000000	0.000000	0.000000	-0.099000
947	0	0.000000	0.300000	0.300000	-0.099000
948	1	0.000000	0.000000	0.000000	-0.099000
949	1	0.000000	0.000000	0.000000	-0.099000
950	1	0.000000	0.000000	0.000000	-0.099000
951	0	0.000000	0.000000	0.000000	-0.099000
952	1	0.000000	0.000000	0.000000	-0.099000
953	0	0.000000	0.000000	0.000000	-0.099000
954	1	0.000000	0.000000	0.000000	-0.099000
955	0	0.000000	0.001000	0.000000	-0.099000
956	1	0.000000	0.299000	0.000000	-0.398000
957	1	0.000000	0.000000	0.000000	-0.398000
958	0	0.000000	0.000000	0.000000	-0.099000
959	0	0.000000	0.000000	0.000000	-0.099000
960	0	0.000000	0.000000	0.000000	-0.099000
961	0	0.000000	0.000000	0.000000	-0.099000
962	0	0.000000	0.000000	0.000000	-0.099000
963	1	0.000000	0.001000	0.000000	-0.100000
964	0	0.000000	0.000000	0.000000	-0.099000
965	1	0.000000	0.299000	0.000000	-0.398000
966	0	0.000000	0.000000	0.000000	-0.099000
967	0	0.000000	0.000000	0.000000	-0.099000
968	0	0.000000	0.000000	0.000000	-0.099000
969	0	0.000000	0.000000	0.000000	-0.099000
970	0	0.000000	0.000000	0.000000	-0.099000
971	1	0.000000	0.000000	0.000000	-0.099000
972	0	0.000000	0.000000	0.000000	-0.099000
973	0	0.000000	0.001000	0.001000	-0.099000
974	0	0.000000	0.299000	0.299000	-0.099000
975	0	0.000000	0.000000	0.000000	-0.099000
976	0	0.000000	0.000000	0.000000	-0.099000
977	1	0.000000	0.000000	0.000000	-0.099000
978	0	0.000000	0.000000	0.000000	-0.099000
979	1	0.000000	0.000000	0.000000	-0.099000
980	0	0.000000	0.000000	0.000000	-0.099000
981	0	0.000000	0.000000	0.000000	-0.099000
982	0	0.000000	0.001000	0.001000	-0.099000
983	1	0.000000	0.299000	0.000000	-0.398000
984	0	0.000000	0.000000	0.000000	-0.099000
985	1	0.000000	0.000000	0.000000	-0.099000
986	1	0.000000	0.000000	0.000000	-0.099000
987	1	0.000000	0.000000	0.000000	-0.099000
988	0	0.000000	0.000000	0.000000	-0.099000
989	0	0.000000	0.000000	0.000000	-0.099000
990	1	0.000000	0.001000	0.000000	-0.100000
991	0	0.000000	0.000000	0.000000	-0.099000
992	1	0.000000	0.299000	0.000000	-0.398000
993	1	0.000000	0.000000	0.000000	-0.398000
994	0	0.000000	0.000000	0.000000	-0.099000
995	0	0.000000	0.000000	0.000000	-0.099000
996	0	0.000000	0.000000	0.000000	-0.099000
997	0	0.000000	0.000000	0.000000	-0.099000
998	0	0.000000	0.000000	0.000000	-0.099000
999	0	0.000000	0.001000	0.001000	-0.099000
1000	0	0.000000	0.000000	0.000000	-0.099000
1001	0	0.000000	0.000000	0.000000	-0.099000
1002	1	0.000000	0.333000	0.000000	-0.432000
1003	0	0.000000	0.000000	0.000000	-0.099000
1004	1	0.000000	0.000000	0.000000	-0.099000
1005	0	0.000000	0.000000	0.000000	-0.099000
1006	0	0.000000	0.000000	0.000000	-0.099000
1007	1	0.000000	0.000000	0.000000	-0.099000
1008	1	0.000000	0.000000	0.000000	-0.099000
1009	1	0.000000	0.000000	0.000000	-0.099000
1010	0	0.000000	0.000000	0.000000	-0.099000
1011	0	0.000000	0.000000	0.000000	-0.099000
1012	0	0.000000	0.333000	0.333000	-0.099000
1013	0	0.000000	0.000000	0.000000	-0.099000
1014	0	0.000000	0.000000	0.000000	-0.099000
1015	0	0.000000	0.000000	0.000000	-0.099000
1016	1	0.000000	0.000000	0.000000	-0.099000
1017	0	0.000000	0.000000	0.000000	-0.099000
1018	0	0.000000	0.000000	0.000000	-0.099000
1019	0	0.000000	0.000000	0.000000	-0.099000
1020	1	0.000000	0.000000	0.000000	-0.099000
1021	0	0.000000	0.000000	0.000000	-0.099000
1022	1	0.000000	0.333000	0.000000	-0.432000
1023	0	0.000000	0.000000	0.000000	-0.099000
1024	1	0.000000	0.000000	0.000000	-0.099000
1025	0	0.000000	0.000000	0.000000	-0.099000
1026	0	0.000000	0.000000	0.000000	-0.099000
1027	0	0.000000	0.000000	0.000000	-0.099000
1028	0	0.000000	0.000000	0.000000	-0.099000
1029	0	0.000000	0.001000	0.001000	-0.099000
1030	0	0.000000	0.000000	0.000000	-0.099000
1031	0	0.000000	0.000000	0.000000	-0.099000
1032	0	0.000000	0.333000	0.333000	-0.099000
1033	1	0.000000	0.000000	0.000000	-0.099000
1034	0	0.000000	0.000000	0.000000	-0.099000
1035	0	0.000000	0.000000	0.000000	-0.099000
1036	0	0.000000	0.000000	0.000000	-0.099000
1037	0	0.000000	0.000000	0.000000	-0.099000
1038	0	0.000000	0.000000	0.000000	-0.099000
1039	0	0.000000	0.000000	0.000000	-0.099000
1040	0	0.000000	0.000000	0.000000	-0.099000
1041	0	0.000000	0.000000	0.000000	-0.099000
1042	0	0.000000	0.333000	0.333000	-0.099000
1043	1	0.000000	0.000000	0.000000	-0.099000
1044	1	0.000000	0.000000	0.000000	-0.099000
1045	1	0.000000	0.000000	0.000000	-0.099000
1046	0	0.000000	0.000000	0.000000	-0.099000
1047	1	0.000000	0.000000	0.000000	-0.099000
1048	1	0.000000	0.000000	0.000000	-0.099000
1049	1	0.000000	0.000000	0.000000	-0.099000
1050	0	0.000000	0.000000	0.000000	-0.099000
1051	0	0.000000	0.000000	0.000000	-0.099000
1052	0	0.000000	0.333000	0.333000	-0.099000
1053	0	0.000000	0.000000	0.000000	-0.099000
1054	0	0.000000	0.000000	0.000000	-0.099000
1055	0	0.000000	0.000000	0.000000	-0.099000
1056	0	0.000000	0.000000	0.000000	-0.099000
1057	1	0.000000	0.000000	0.000000	-0.099000
1058	0	0.000000	0.000000	0.000000	-0.099000
1059	1	0.000000	0.000000	0.000000	-0.099000
1060	0	0.000000	0.001000	0.000000	-0.099000
1061	0	0.000000	0.000000	0.000000	-0.099000
1062	0	0.000000	0.333000	0.333000	-0.099000
1063	0	0.000000	0.000000	0.000000	-0.099000
1064	1	0.000000	0.000000	0.000000	-0.099000
1065	1	0.000000	0.000000	0.000000	-0.099000
1066	0	0.000000	0.000000	0.000000	-0.099000
1067	0	0.000000	0.000000	0.000000	-0.099000
1068	1	0.000000	0.000000	0.000000	-0.099000
1069	0	0.000000	0.000000	0.000000	-0.099000
1070	0	0.000000	0.000000	0.000000	-0.099000
1071	0	0.000000	0.000000	0.000000	-0.099000
1072	0	0.000000	0.333000	0.333000	-0.099000
1073	1	0.000000	0.000000	0.000000	-0.099000
1074	0	0.000000	0.000000	0.000000	-0.099000
1075	0	0.000000	0.000000	0.000000	-0.099000
1076	1	0.000000	0.000000	0.000000	-0.099000
1077	0	0.000000	0.000000	0.000000	-0.099000
1078	1	0.000000	0.000000	0.000000	-0.099000
1079	1	0.000000	0.000000	0.000000	-0.099000
1080	1	0.000000	0.000000	0.000000	-0.099000
1081	0	0.000000	0.000000	0.000000	-0.099000
1082	0	0.000000	0.333000	0.333000	-0.099000
1083	1	0.000000	0.000000	0.000000	-0.099000
1084	1	0.000000	0.000000	0.000000	-0.099000
1085	0	0.000000	0.000000	0.000000	-0.099000
1086	1	0.000000	0.000000	0.000000	-0.099000
1087	0	0.000000	0.000000	0.000000	-0.099000
1088	0	0.000000	0.000000	0.000000	-0.099000
1089	1	0.000000	0.000000	0.000000	-0.099000
1090	1	0.000000	0.001000	0.000000	-0.100000
1091	0	0.000000	0.000000	0.000000	-0.099000
1092	0	0.000000	0.333000	0.333000	-0.099000
1093	0	0.000000	0.000000	0.000000	-0.099000
1094	0	0.000000	0.000000	0.000000	-0.099000
1095	0	0.000000	0.000000	0.000000	-0.099000
1096	0	0.000000	0.000000	0.000000	-0.099000
1097	1	0.000000	0.000000	0.000000	-0.099000
1098	0	0.000000	0.000000	0.000000	-0.099000
1099	1	0.000000	0.000000	0.000000	-0.099000
1100	1	0.000000	0.000000	0.000000	-0.099000
1101	1	0.000000	0.000000	0.000000	-0.099000
1102	0	0.000000	0.000000	0.000000	-0.099000
1103	0	0.000000	0.366000	0.366000	-0.099000
1104	0	0.000000	0.000000	0.000000	-0.099000
1105	1	0.000000	0.000000	0.000000	-0.099000
1106	1	0.000000	0.000000	0.000000	-0.099000
1107	0	0.000000	0.000000	0.000000	-0.099000
1108	0	0.000000	0.000000	0.000000	-0.099000
1109	0	0.000000	0.001000	0.001000	-0.099000
1110	0	0.000000	0.000000	0.000000	-0.099000
1111	0	0.000000	0.000000	0.000000	-0.099000
1112	0	0.000000	0.000000	0.000000	-0.099000
1113	0	0.000000	0.000000	0.000000	-0.099000
1114	0	0.000000	0.366000	0.366000	-0.099000
1115	1	0.000000	0.000000	0.000000	-0.099000
1116	0	0.000000	0.000000	0.000000	-0.099000
1117	0	0.000000	0.000000	0.000000	-0.099000
1118	0	0.000000	0.000000	0.000000	-0.099000
1119	0	0.000000	0.000000	0.000000	-0.099000
1120	0	0.000000	0.000000	0.000000	-0.099000
1121	1	0.000000	0.000000	0.000000	-0.099000
1122	1	0.000000	0.000000	0.000000	-0.099000
1123	1	0.000000	0.000000	0.000000	-0.099000
1124	1	0.000000	0.000000	0.000000	-0.099000
1125	1	0.000000	0.367000	0.000000	-0.466000
1126	0	0.000000	0.000000	0.000000	-0.099000
1127	0	0.000000	0.000000	0.000000	-0.099000
1128	1	0.000000	0.000000	0.000000	-0.099000
1129	1	0.000000	0.000000	0.000000	-0.099000
1130	1	0.000000	0.000000	0.000000	-0.099000
1131	1	0.000000	0.000000	0.000000	-0.099000
1132	1	0.000000	0.000000	0.000000	-0.099000
1133	1	0.000000	0.000000	0.000000	-0.099000
1134	0	0.000000	0.000000	0.000000	-0.099000
1135	0	0.000000	0.000000	0.000000	-0.099000
1136	0	0.000000	0.366000	0.366000	-0.099000
1137	0	0.000000	0.000000	0.000000	-0.099000
1138	1	0.000000	0.000000	0.000000	-0.099000
1139	0	0.000000	0.000000	0.000000	-0.099000
1140	0	0.000000	0.000000	0.000000	-0.099000
1141	1	0.000000	0.000000	0.000000	-0.099000
1142	1	0.000000	0.001000	0.000000	-0.100000
1143	1	0.000000	0.000000	0.000000	-0.100000
1144	0	0.000000	0.000000	0.000000	-0.099000
1145	0	0.000000	0.000000	0.000000	-0.099000
1146	1	0.000000	0.000000	0.000000	-0.099000
1147	1	0.000000	0.366000	0.000000	-0.465000
1148	0	0.000000	0.000000	0.000000	-0.099000
1149	1	0.000000	0.000000	0.000000	-0.099000
1150	0	0.000000	0.000000	0.000000	-0.099000
1151	0	0.000000	0.000000	0.000000	-0.099000
1152	0	0.000000	0.000000	0.000000	-0.099000
1153	0	0.000000	0.000000	0.000000	-0.099000
1154	0	0.000000	0.000000	0.000000	-0.099000
1155	0	0.000000	0.000000	0.000000	-0.099000
1156	0	0.000000	0.000000	0.000000	-0.099000
1157	0	0.000000	0.000000	0.000000	-0.099000
1158	0	0.000000	0.367000	0.367000	-0.099000
1159	0	0.000000	0.000000	0.000000	-0.099000
1160	0	0.000000	0.000000	0.000000	-0.099000
1161	0	0.000000	0.000000	0.000000	-0.099000
1162	0	0.000000	0.000000	0.000000	-0.099000
1163	1	0.000000	0.000000	0.000000	-0.099000
1164	1	0.000000	0.000000	0.000000	-0.099000
1165	0	0.000000	0.000000	0.000000	-0.099000
1166	0	0.000000	0.000000	0.000000	-0.099000
1167	1	0.000000	0.000000	0.000000	-0.099000
1168	1	0.000000	0.000000	0.000000	-0.099000
1169	0	0.000000	0.366000	0.000000	-0.099000
1170	1	0.000000	0.000000	0.000000	-0.099000
1171	0	0.000000	0.000000	0.000000	-0.099000
1172	0	0.000000	0.000000	0.000000	-0.099000
1173	0	0.000000	0.000000	0.000000	-0.099000
1174	0	0.000000	0.000000	0.000000	-0.099000
1175	0	0.000000	0.001000	0.001000	-0.099000
1176	1	0.000000	0.000000	0.000000	-0.099000
1177	1	0.000000	0.000000	0.000000	-0.099000
1178	1	0.000000	0.000000	0.000000	-0.099000
1179	0	0.000000	0.000000	0.000000	-0.099000
1180	0	0.000000	0.366000	0.366000	-0.099000
1181	0	0.000000	0.000000	0.000000	-0.099000
1182	0	0.000000	0.000000	0.000000	-0.099000
1183	0	0.000000	0.000000	0.000000	-0.099000
1184	0	0.000000	0.000000	0.000000	-0.099000
1185	1	0.000000	0.000000	0.000000	-0.099000
1186	1	0.000000	0.000000	0.000000	-0.099000
1187	0	0.000000	0.000000	0.000000	-0.099000
1188	0	0.000000	0.000000	0.000000	-0.099000
1189	0	0.000000	0.000000	0.000000	-0.099000
1190	0	0.000000	0.000000	0.000000	-0.099000
1191	0	0.000000	0.367000	0.367000	-0.099000
1192	0	0.000000	0.000000	0.000000	-0.099000
1193	0	0.000000	0.000000	0.000000	-0.099000
1194	0	0.000000	0.000000	0.000000	-0.099000
1195	1	0.000000	0.000000	0.000000	-0.099000
1196	1	0.000000	0.000000	0.000000	-0.099000
1197	0	0.000000	0.000000	0.000000	-0.099000
1198	0	0.000000	0.000000	0.000000	-0.099000
1199	1	0.000000	0.000000	0.000000	-0.099000
1200	0	0.000000	0.000000	0.000000	-0.099000
1201	0	0.000000	0.000000	0.000000	-0.099000
1202	0	0.000000	0.000000	0.000000	-0.099000
1203	0	0.000000	0.400000	0.400000	-0.099000
1204	0	0.000000	0.000000	0.000000	-0.099000
1205	1	0.000000	0.000000	0.000000	-0.099000
1206	1	0.000000	0.000000	0.000000	-0.099000
1207	0	0.000000	0.000000	0.000000	-0.099000
1208	0	0.000000	0.000000	0.000000	-0.099000
1209	0	0.000000	0.000000	0.000000	-0.099000
1210	1	0.000000	0.000000	0.000000	-0.099000
1211	1	0.000000	0.000000	0.000000	-0.099000
1212	1	0.000000	0.000000	0.000000	-0.099000
1213	1	0.000000	0.000000	0.000000	-0.099000
1214	1	0.000000	0.000000	0.000000	-0.099000
1215	1	0.000000	0.400000	0.000000	-0.499000
1216	1	0.000000	0.000000	0.000000	-0.499000
1217	0	0.000000	0.000000	0.000000	-0.099000
1218	0	0.000000	0.000000	0.000000	-0.099000
1219	0	0.000000	0.000000	0.000000	-0.099000
1220	0	0.000000	0.000000	0.000000	-0.099000
1221	0	0.000000	0.000000	0.000000	-0.099000
1222	1	0.000000	0.000000	0.000000	-0.099000
1223	0	0.000000	0.000000	0.000000	-0.099000
1224	1	0.000000	0.000000	0.000000	-0.099000
1225	0	0.000000	0.000000	0.000000	-0.099000
1226	0	0.000000	0.000000	0.000000	-0.099000
1227	1	0.000000	0.400000	0.000000	-0.499000
1228	1	0.000000	0.000000	0.000000	-0.499000
1229	0	0.000000	0.000000	0.000000	-0.099000
1230	1	0.000000	0.000000	0.000000	-0.099000
1231	0	0.000000	0.000000	0.000000	-0.099000
1232	0	0.000000	0.000000	0.000000	-0.099000
1233	0	0.000000	0.000000	0.000000	-0.099000
1234	0	0.000000	0.000000	0.000000	-0.099000
1235	0	0.000000	0.000000	0.000000	-0.099000
1236	0	0.000000	0.000000	0.000000	-0.099000
1237	0	0.000000	0.000000	0.000000	-0.099000
1238	0	0.000000	0.000000	0.000000	-0.099000
1239	1	0.000000	0.400000	0.000000	-0.499000
1240	0	0.000000	0.000000	0.000000	-0.099000
1241	1	0.000000	0.000000	0.000000	-0.099000
1242	1	0.000000	0.000000	0.000000	-0.099000
1243	0	0.000000	0.000000	0.000000	-0.099000
1244	0	0.000000	0.000000	0.000000	-0.099000
1245	0	0.000000	0.000000	0.000000	-0.099000
1246	0	0.000000	0.000000	0.000000	-0.099000
1247	0	0.000000	0.000000	0.000000	-0.099000
1248	0	0.000000	0.000000	0.000000	-0.099000
1249	0	0.000000	0.000000	0.000000	-0.099000
1250	0	0.000000	0.000000	0.000000	-0.099000
1251	0	0.000000	0.400000	0.400000	-0.099000
1252	0	0.000000	0.000000	0.000000	-0.099000
1253	1	0.000000	0.000000	0.000000	-0.099000
1254	1	0.000000	0.000000	0.000000	-0.099000
1255	0	0.000000	0.000000	0.000000	-0.099000
1256	1	0.000000	0.000000	0.000000	-0.099000
1257	1	0.000000	0.000000	0.000000	-0.099000
1258	0	0.000000	0.000000	0.000000	-0.099000
1259	0	0.000000	0.000000	0.000000	-0.099000
1260	1	0.000000	0.000000	0.000000	-0.099000
1261	1	0.000000	0.000000	0.000000	-0.099000
1262	0	0.000000	0.000000	0.000000	-0.099000
1263	0	0.000000	0.400000	0.400000	-0.099000
1264	1	0.000000	0.000000	0.000000	-0.099000
1265	0	0.000000	0.000000	0.000000	-0.099000
1266	1	0.000000	0.000000	0.000000	-0.099000
1267	0	0.000000	0.000000	0.000000	-0.099000
1268	0	0.000000	0.000000	0.000000	-0.099000
1269	1	0.000000	0.000000	0.000000	-0.099000
1270	0	0.000000	0.000000	0.000000	-0.099000
1271	1	0.000000	0.000000	0.000000	-0.099000
1272	0	0.000000	0.000000	0.000000	-0.099000
1273	0	0.000000	0.000000	0.000000	-0.099000
1274	0	0.000000	0.000000	0.000000	-0.099000
1275	0	0.000000	0.400000	0.400000	-0.099000
1276	1	0.000000	0.000000	0.000000	-0.099000
1277	0	0.000000	0.000000	0.000000	-0.099000
1278	1	0.000000	0.000000	0.000000	-0.099000
1279	0	0.000000	0.000000	0.000000	-0.099000
1280	0	0.000000	0.000000	0.000000	-0.099000
1281	0	0.000000	0.000000	0.000000	-0.099000
1282	1	0.000000	0.000000	0.000000	-0.099000
1283	1	0.000000	0.000000	0.000000	-0.099000
1284	0	0.000000	0.000000	0.000000	-0.099000
1285	0	0.000000	0.000000	0.000000	-0.099000
1286	0	0.000000	0.000000	0.000000	-0.099000
1287	0	0.000000	0.400000	0.400000	-0.099000
1288	1	0.000000	0.000000	0.000000	-0.099000
1289	1	0.000000	0.000000	0.000000	-0.099000
1290	1	0.000000	0.000000	0.000000	-0.099000
1291	0	0.000000	0.000000	0.000000	-0.099000
1292	0	0.000000	0.000000	0.000000	-0.099000
1293	0	0.000000	0.000000	0.000000	-0.099000
1294	0	0.000000	0.000000	0.000000	-0.099000
1295	0	0.000000	0.000000	0.000000	-0.099000
1296	0	0.000000	0.000000	0.000000	-0.099000
1297	0	0.000000	0.000000	0.000000	-0.099000
1298	0	0.000000	0.000000	0.000000	-0.099000
1299	0	0.000000	0.400000	0.400000	-0.099000
1300	0	0.000000	0.000000	0.000000	-0.099000
1301	0	0.000000	0.000000	0.000000	-0.099000
1302	0	0.000000	0.000000	0.000000	-0.099000
1303	0	0.000000	0.000000	0.000000	-0.099000
1304	0	0.000000	0.000000	0.000000	-0.099000
1305	1	0.000000	0.000000	0.000000	-0.099000
1306	1	0.000000	0.000000	0.000000	-0.099000
1307	0	0.000000	0.000000	0.000000	-0.099000
1308	1	0.000000	0.000000	0.000000	-0.099000
1309	1	0.000000	0.000000	0.000000	-0.099000
1310	0	0.000000	0.000000	0.000000	-0.099000
1311	0	0.000000	0.000000	0.000000	-0.099000
1312	0	0.000000	0.433000	0.433000	-0.099000
1313	0	0.000000	0.000000	0.000000	-0.099000
1314	0	0.000000	0.000000	0.000000	-0.099000
1315	1	0.000000	0.000000	0.000000	-0.099000
1316	0	0.000000	0.000000	0.000000	-0.099000
1317	0	0.000000	0.000000	0.000000	-0.099000
1318	0	0.000000	0.000000	0.000000	-0.099000
1319	0	0.000000	0.000000	0.000000	-0.099000
1320	0	0.000000	0.000000	0.000000	-0.099000
1321	0	0.000000	0.000000	0.000000	-0.099000
1322	0	0.000000	0.000000	0.000000	-0.099000
1323	1	0.000000	0.000000	0.000000	-0.099000
1324	0	0.000000	0.000000	0.000000	-0.099000
1325	1	0.000000	0.433000	0.000000	-0.532000
1326	1	0.000000	0.000000	0.000000	-0.532000
1327	1	0.000000	0.000000	0.000000	-0.532000
1328	1	0.000000	0.000000	0.000000	-0.532000
1329	1	0.000000	0.000000	0.000000	-0.532000
1330	0	0.000000	0.000000	0.000000	-0.099000
1331	0	0.000000	0.000000	0.000000	-0.099000
1332	0	0.000000	0.000000	0.000000	-0.099000
1333	0	0.000000	0.000000	0.000000	-0.099000
1334	1	0.000000	0.000000	0.000000	-0.099000
1335	0	0.000000	0.001000	0.000000	-0.099000
1336	1	0.000000	0.000000	0.000000	-0.099000
1337	1	0.000000	0.000000	0.000000	-0.099000
1338	0	0.000000	0.433000	0.000000	-0.099000
1339	0	0.000000	0.000000	0.000000	-0.099000
1340	1	0.000000	0.000000	0.000000	-0.099000
1341	0	0.000000	0.000000	0.000000	-0.099000
1342	1	0.000000	0.000000	0.000000	-0.099000
1343	0	0.000000	0.000000	0.000000	-0.099000
1344	0	0.000000	0.000000	0.000000	-0.099000
1345	0	0.000000	0.000000	0.000000	-0.099000
1346	1	0.000000	0.000000	0.000000	-0.099000
1347	1	0.000000	0.000000	0.000000	-0.099000
1348	0	0.000000	0.000000	0.000000	-0.099000
1349	1	0.000000	0.000000	0.000000	-0.099000
1350	0	0.000000	0.000000	0.000000	-0.099000
1351	0	0.000000	0.433000	0.433000	-0.099000
1352	1	0.000000	0.000000	0.000000	-0.099000
1353	0	0.000000	0.000000	0.000000	-0.099000
1354	0	0.000000	0.000000	0.000000	-0.099000
1355	0	0.000000	0.000000	0.000000	-0.099000
1356	0	0.000000	0.000000	0.000000	-0.099000
1357	0	0.000000	0.000000	0.000000	-0.099000
1358	0	0.000000	0.000000	0.000000	-0.099000
1359	0	0.000000	0.000000	0.000000	-0.099000
1360	0	0.000000	0.000000	0.000000	-0.099000
1361	1	0.000000	0.000000	0.000000	-0.099000
1362	0	0.000000	0.000000	0.000000	-0.099000
1363	0	0.000000	0.000000	0.000000	-0.099000
1364	0	0.000000	0.433000	0.433000	-0.099000
1365	0	0.000000	0.000000	0.000000	-0.099000
1366	0	0.000000	0.000000	0.000000	-0.099000
1367	0	0.000000	0.000000	0.000000	-0.099000
1368	0	0.000000	0.000000	0.000000	-0.099000
1369	0	0.000000	0.000000	0.000000	-0.099000
1370	0	0.000000	0.000000	0.000000	-0.099000
1371	0	0.000000	0.001000	0.001000	-0.099000
1372	0	0.000000	0.000000	0.000000	-0.099000
1373	0	0.000000	0.000000	0.000000	-0.099000
1374	1	0.000000	0.000000	0.000000	-0.099000
1375	0	0.000000	0.000000	0.000000	-0.099000
1376	0	0.000000	0.000000	0.000000	-0.099000
1377	0	0.000000	0.433000	0.433000	-0.099000
1378	0	0.000000	0.000000	0.000000	-0.099000
1379	0	0.000000	0.000000	0.000000	-0.099000
1380	0	0.000000	0.000000	0.000000	-0.099000
1381	0	0.000000	0.000000	0.000000	-0.099000
1382	1	0.000000	0.000000	0.000000	-0.099000
1383	0	0.000000	0.000000	0.000000	-0.099000
1384	0	0.000000	0.000000	0.000000	-0.099000
1385	0	0.000000	0.000000	0.000000	-0.099000
1386	0	0.000000	0.000000	0.000000	-0.099000
1387	0	0.000000	0.000000	0.000000	-0.099000
1388	1	0.000000	0.000000	0.000000	-0.099000
1389	0	0.000000	0.000000	0.000000	-0.099000
1390	0	0.000000	0.433000	0.433000	-0.099000
1391	0	0.000000	0.000000	0.000000	-0.099000
1392	0	0.000000	0.000000	0.000000	-0.099000
1393	0	0.000000	0.000000	0.000000	-0.099000
1394	0	0.000000	0.000000	0.000000	-0.099000
1395	0	0.000000	0.000000	0.000000	-0.099000
1396	0	0.000000	0.000000	0.000000	-0.099000
1397	0	0.000000	0.000000	0.000000	-0.099000
1398	0	0.000000	0.000000	0.000000	-0.099000
1399	1	0.000000	0.000000	0.000000	-0.099000
1400	0	0.000000	0.000000	0.000000	-0.099000
1401	1	0.000000	0.000000	0.000000	-0.099000
1402	0	0.000000	0.000000	0.000000	-0.099000
1403	1	0.000000	0.000000	0.000000	-0.099000
1404	0	0.000000	0.467000	0.000000	-0.099000
1405	0	0.000000	0.000000	0.000000	-0.099000
1406	0	0.000000	0.000000	0.000000	-0.099000
1407	0	0.000000	0.000000	0.000000	-0.099000
1408	0	0.000000	0.000000	0.000000	-0.099000
1409	0	0.000000	0.000000	0.000000	-0.099000
1410	0	0.000000	0.000000	0.000000	-0.099000
1411	0	0.000000	0.000000	0.000000	-0.099000
1412	0	0.000000	0.000000	0.000000	-0.099000
1413	1	0.000000	0.000000	0.000000	-0.099000
1414	0	0.000000	0.000000	0.000000	-0.099000
1415	1	0.000000	0.000000	0.000000	-0.099000
1416	1	0.000000	0.000000	0.000000	-0.099000
1417	1	0.000000	0.000000	0.000000	-0.099000
1418	0	0.000000	0.466000	0.000000	-0.099000
1419	1	0.000000	0.000000	0.000000	-0.099000
1420	0	0.000000	0.000000	0.000000	-0.099000
1421	0	0.000000	0.000000	0.000000	-0.099000
1422	0	0.000000	0.000000	0.000000	-0.099000
1423	0	0.000000	0.000000	0.000000	-0.099000
1424	1	0.000000	0.000000	0.000000	-0.099000
1425	1	0.000000	0.000000	0.000000	-0.099000
1426	1	0.000000	0.000000	0.000000	-0.099000
1427	1	0.000000	0.001000	0.000000	-0.100000
1428	0	0.000000	0.000000	0.000000	-0.099000
1429	0	0.000000	0.000000	0.000000	-0.099000
1430	0	0.000000	0.000000	0.000000	-0.099000
1431	0	0.000000	0.000000	0.000000	-0.099000
1432	0	0.000000	0.466000	0.466000	-0.099000
1433	0	0.000000	0.000000	0.000000	-0.099000
1434	1	0.000000	0.000000	0.000000	-0.099000
1435	0	0.000000	0.000000	0.000000	-0.099000
1436	0	0.000000	0.000000	0.000000	-0.099000
1437	1	0.000000	0.000000	0.000000	-0.099000
1438	1	0.000000	0.000000	0.000000	-0.099000
1439	1	0.000000	0.000000	0.000000	-0.099000
1440	1	0.000000	0.000000	0.000000	-0.099000
1441	0	0.000000	0.000000	0.000000	-0.099000
1442	0	0.000000	0.000000	0.000000	-0.099000
1443	0	0.000000	0.000000	0.000000	-0.099000
1444	0	0.000000	0.000000	0.000000	-0.099000
1445	1	0.000000	0.000000	0.000000	-0.099000
1446	0	0.000000	0.467000	0.000000	-0.099000
1447	0	0.000000	0.000000	0.000000	-0.099000
1448	0	0.000000	0.000000	0.000000	-0.099000
1449	1	0.000000	0.000000	0.000000	-0.099000
1450	0	0.000000	0.000000	0.000000	-0.099000
1451	0	0.000000	0.000000	0.000000	-0.099000
1452	0	0.000000	0.000000	0.000000	-0.099000
1453	0	0.000000	0.000000	0.000000	-0.099000
1454	0	0.000000	0.000000	0.000000	-0.099000
1455	0	0.000000	0.000000	0.000000	-0.099000
1456	0	0.000000	0.000000	0.000000	-0.099000
1457	0	0.000000	0.000000	0.000000	-0.099000
1458	1	0.000000	0.000000	0.000000	-0.099000
1459	0	0.000000	0.000000	0.000000	-0.099000
1460	0	0.000000	0.469000	0.469000	-0.099000
1461	0	0.000000	0.000000	0.000000	-0.099000
1462	1	0.000000	0.000000	0.000000	-0.099000
1463	0	0.000000	0.000000	0.000000	-0.099000
1464	1	0.000000	0.000000	0.000000	-0.099000
1465	0	0.000000	0.000000	0.000000	-0.099000
1466	0	0.000000	0.000000	0.000000	-0.099000
1467	0	0.000000	0.000000	0.000000	-0.099000
1468	0	0.000000	0.000000	0.000000	-0.099000
1469	1	0.000000	0.000000	0.000000	-0.099000
1470	0	0.000000	0.000000	0.000000	-0.099000
1471	0	0.000000	0.000000	0.000000	-0.099000
1472	1	0.000000	0.000000	0.000000	-0.099000
1473	0	0.000000	0.000000	0.000000	-0.099000
1474	0	0.000000	0.464000	0.464000	-0.099000
1475	0	0.000000	0.000000	0.000000	-0.099000
1476	1	0.000000	0.000000	0.000000	-0.099000
1477	1	0.000000	0.000000	0.000000	-0.099000
1478	0	0.000000	0.000000	0.000000	-0.099000
1479	0	0.000000	0.000000	0.000000	-0.099000
1480	0	0.000000	0.000000	0.000000	-0.099000
1481	0	0.000000	0.000000	0.000000	-0.099000
1482	1	0.000000	0.000000	0.000000	-0.099000
1483	0	0.000000	0.000000	0.000000	-0.099000
1484	0	0.000000	0.000000	0.000000	-0.099000
1485	0	0.000000	0.000000	0.000000	-0.099000
1486	1	0.000000	0.000000	0.000000	-0.099000
1487	1	0.000000	0.000000	0.000000	-0.099000
1488	0	0.000000	0.467000	0.000000	-0.099000
1489	0	0.000000	0.000000	0.000000	-0.099000
1490	0	0.000000	0.000000	0.000000	-0.099000
1491	0	0.000000	0.000000	0.000000	-0.099000
1492	0	0.000000	0.000000	0.000000	-0.099000
1493	0	0.000000	0.000000	0.000000	-0.099000
1494	1	0.000000	0.000000	0.000000	-0.099000
1495	1	0.000000	0.000000	0.000000	-0.099000
1496	0	0.000000	0.000000	0.000000	-0.099000
1497	1	0.000000	0.000000	0.000000	-0.099000
1498	0	0.000000	0.000000	0.000000	-0.099000
1499	1	0.000000	0.000000	0.000000	-0.099000
1500	1	0.000000	0.000000	0.000000	-0.099000
1501	1	0.000000	0.000000	0.000000	-0.099000
1502	0	0.000000	0.000000	0.000000	-0.099000
1503	1	0.000000	0.500000	0.000000	-0.599000
1504	0	0.000000	0.000000	0.000000	-0.099000
1505	0	0.000000	0.000000	0.000000	-0.099000
1506	1	0.000000	0.000000	0.000000	-0.099000
1507	0	0.000000	0.000000	0.000000	-0.099000
1508	0	0.000000	0.000000	0.000000	-0.099000
1509	0	0.000000	0.000000	0.000000	-0.099000
1510	0	0.000000	0.000000	0.000000	-0.099000
1511	0	0.000000	0.000000	0.000000	-0.099000
1512	0	0.000000	0.000000	0.000000	-0.099000
1513	0	0.000000	0.000000	0.000000	-0.099000
1514	1	0.000000	0.000000	0.000000	-0.099000
1515	0	0.000000	0.000000	0.000000	-0.099000
1516	0	0.000000	0.000000	0.000000	-0.099000
1517	0	0.000000	0.000000	0.000000	-0.099000
1518	1	0.000000	0.500000	0.000000	-0.599000
1519	1	0.000000	0.000000	0.000000	-0.599000
1520	1	0.000000	0.000000	0.000000	-0.599000
1521	0	0.000000	0.000000	0.000000	-0.099000
1522	1	0.000000	0.000000	0.000000	-0.099000
1523	0	0.000000	0.000000	0.000000	-0.099000
1524	0	0.000000	0.000000	0.000000	-0.099000
1525	0	0.000000	0.000000	0.000000	-0.099000
1526	0	0.000000	0.000000	0.000000	-0.099000
1527	1	0.000000	0.000000	0.000000	-0.099000
1528	0	0.000000	0.000000	0.000000	-0.099000
1529	0	0.000000	0.000000	0.000000	-0.099000
1530	1	0.000000	0.000000	0.000000	-0.099000
1531	0	0.000000	0.000000	0.000000	-0.099000
1532	1	0.000000	0.000000	0.000000	-0.099000
1533	1	0.000000	0.500000	0.000000	-0.599000
1534	0	0.000000	0.000000	0.000000	-0.099000
1535	0	0.000000	0.000000	0.000000	-0.099000
1536	0	0.000000	0.000000	0.000000	-0.099000
1537	0	0.000000	0.000000	0.000000	-0.099000
1538	0	0.000000	0.000000	0.000000	-0.099000
1539	0	0.000000	0.000000	0.000000	-0.099000
1540	0	0.000000	0.000000	0.000000	-0.099000
1541	0	0.000000	0.000000	0.000000	-0.099000
1542	0	0.000000	0.000000	0.000000	-0.099000
1543	0	0.000000	0.000000	0.000000	-0.099000
1544	0	0.000000	0.000000	0.000000	-0.099000
1545	0	0.000000	0.000000	0.000000	-0.099000
1546	0	0.000000	0.000000	0.000000	-0.099000
1547	0	0.000000	0.000000	0.000000	-0.099000
1548	0	0.000000	0.500000	0.500000	-0.099000
1549	0	0.000000	0.000000	0.000000	-0.099000
1550	0	0.000000	0.000000	0.000000	-0.099000
1551	1	0.000000	0.000000	0.000000	-0.099000
1552	1	0.000000	0.000000	0.000000	-0.099000
1553	0	0.000000	0.000000	0.000000	-0.099000
1554	0	0.000000	0.000000	0.000000	-0.099000
1555	1	0.000000	0.000000	0.000000	-0.099000
1556	1	0.000000	0.000000	0.000000	-0.099000
1557	0	0.000000	0.000000	0.000000	-0.099000
1558	1	0.000000	0.000000	0.000000	-0.099000
1559	0	0.000000	0.000000	0.000000	-0.099000
1560	0	0.000000	0.000000	0.000000	-0.099000
1561	0	0.000000	0.000000	0.000000	-0.099000
1562	1	0.000000	0.000000	0.000000	-0.099000
1563	0	0.000000	0.500000	0.000000	-0.099000
1564	1	0.000000	0.000000	0.000000	-0.099000
1565	0	0.000000	0.000000	0.000000	-0.099000
1566	1	0.000000	0.000000	0.000000	-0.099000
1567	0	0.000000	0.000000	0.000000	-0.099000
1568	1	0.000000	0.000000	0.000000	-0.099000
1569	0	0.000000	0.000000	0.000000	-0.099000
1570	0	0.000000	0.000000	0.000000	-0.099000
1571	0	0.000000	0.000000	0.000000	-0.099000
1572	0	0.000000	0.000000	0.000000	-0.099000
1573	0	0.000000	0.000000	0.000000	-0.099000
1574	1	0.000000	0.000000	0.000000	-0.099000
1575	0	0.000000	0.000000	0.000000	-0.099000
1576	0	0.000000	0.000000	0.000000	-0.099000
1577	1	0.000000	0.000000	0.000000	-0.099000
1578	0	0.000000	0.500000	0.000000	-0.099000
1579	0	0.000000	0.000000	0.000000	-0.099000
1580	0	0.000000	0.000000	0.000000	-0.099000
1581	0	0.000000	0.000000	0.000000	-0.099000
1582	0	0.000000	0.000000	0.000000	-0.099000
1583	1	0.000000	0.000000	0.000000	-0.099000
1584	0	0.000000	0.000000	0.000000	-0.099000
1585	0	0.000000	0.000000	0.000000	-0.099000
1586	0	0.000000	0.000000	0.000000	-0.099000
1587	0	0.000000	0.000000	0.000000	-0.099000
1588	0	0.000000	0.000000	0.000000	-0.099000
1589	0	0.000000	0.000000	0.000000	-0.099000
1590	0	0.000000	0.000000	0.000000	-0.099000
1591	0	0.000000	0.000000	0.000000	-0.099000
1592	0	0.000000	0.000000	0.000000	-0.099000
1593	1	0.000000	0.500000	0.000000	-0.599000
1594	0	0.000000	0.000000	0.000000	-0.099000
1595	1	0.000000	0.000000	0.000000	-0.099000
1596	0	0.000000	0.000000	0.000000	-0.099000
1597	0	0.000000	0.000000	0.000000	-0.099000
1598	0	0.000000	0.000000	0.000000	-0.099000
1599	1	0.000000	0.000000	0.000000	-0.099000
1600	1	0.000000	0.000000	0.000000	-0.099000
1601	0	0.000000	0.000000	0.000000	-0.099000
1602	0	0.000000	0.000000	0.000000	-0.099000
1603	0	0.000000	0.000000	0.000000	-0.099000
1604	0	0.000000	0.000000	0.000000	-0.099000
1605	1	0.000000	0.000000	0.000000	-0.099000
1606	0	0.000000	0.000000	0.000000	-0.099000
1607	0	0.000000	0.000000	0.000000	-0.099000
1608	0	0.000000	0.000000	0.000000	-0.099000
1609	0	0.000000	0.533000	0.533000	-0.099000
1610	1	0.000000	0.000000	0.000000	-0.099000
1611	0	0.000000	0.000000	0.000000	-0.099000
1612	0	0.000000	0.000000	0.000000	-0.099000
1613	1	0.000000	0.000000	0.000000	-0.099000
1614	0	0.000000	0.000000	0.000000	-0.099000
1615	0	0.000000	0.000000	0.000000	-0.099000
1616	0	0.000000	0.000000	0.000000	-0.099000
1617	1	0.000000	0.000000	0.000000	-0.099000
1618	1	0.000000	0.000000	0.000000	-0.099000
1619	0	0.000000	0.000000	0.000000	-0.099000
1620	0	0.000000	0.000000	0.000000	-0.099000
1621	0	0.000000	0.000000	0.000000	-0.099000
1622	0	0.000000	0.000000	0.000000	-0.099000
1623	0	0.000000	0.000000	0.000000	-0.099000
1624	0	0.000000	0.000000	0.000000	-0.099000
1625	0	0.000000	0.533000	0.533000	-0.099000
1626	0	0.000000	0.000000	0.000000	-0.099000
1627	0	0.000000	0.000000	0.000000	-0.099000
1628	0	0.000000	0.001000	0.001000	-0.099000
1629	1	0.000000	0.000000	0.000000	-0.099000
1630	0	0.000000	0.000000	0.000000	-0.099000
1631	0	0.000000	0.000000	0.000000	-0.099000
1632	0	0.000000	0.000000	0.000000	-0.099000
1633	0	0.000000	0.000000	0.000000	-0.099000
1634	0	0.000000	0.000000	0.000000	-0.099000
1635	0	0.000000	0.000000	0.000000	-0.099000
1636	0	0.000000	0.000000	0.000000	-0.099000
1637	1	0.000000	0.000000	0.000000	-0.099000
1638	0	0.000000	0.000000	0.000000	-0.099000
1639	1	0.000000	0.000000	0.000000	-0.099000
1640	0	0.000000	0.000000	0.000000	-0.099000
1641	0	0.000000	0.533000	0.533000	-0.099000
1642	0	0.000000	0.000000	0.000000	-0.099000
1643	0	0.000000	0.000000	0.000000	-0.099000
1644	0	0.000000	0.000000	0.000000	-0.099000
1645	0	0.000000	0.000000	0.000000	-0.099000
1646	0	0.000000	0.000000	0.000000	-0.099000
1647	1	0.000000	0.000000	0.000000	-0.099000
1648	0	0.000000	0.000000	0.000000	-0.099000
1649	0	0.000000	0.000000	0.000000	-0.099000
1650	1	0.000000	0.000000	0.000000	-0.099000
1651	1	0.000000	0.000000	0.000000	-0.099000
1652	0	0.000000	0.000000	0.000000	-0.099000
1653	0	0.000000	0.000000	0.000000	-0.099000
1654	0	0.000000	0.000000	0.000000	-0.099000
1655	0	0.000000	0.000000	0.000000	-0.099000
1656	0	0.000000	0.000000	0.000000	-0.099000
1657	0	0.000000	0.533000	0.533000	-0.099000
1658	0	0.000000	0.000000	0.000000	-0.099000
1659	0	0.000000	0.000000	0.000000	-0.099000
1660	0	0.000000	0.000000	0.000000	-0.099000
1661	1	0.000000	0.000000	0.000000	-0.099000
1662	1	0.000000	0.000000	0.000000	-0.099000
1663	0	0.000000	0.000000	0.000000	-0.099000
1664	1	0.000000	0.000000	0.000000	-0.099000
1665	1	0.000000	0.000000	0.000000	-0.099000
1666	0	0.000000	0.000000	0.000000	-0.099000
1667	0	0.000000	0.000000	0.000000	-0.099000
1668	0	0.000000	0.000000	0.000000	-0.099000
1669	0	0.000000	0.000000	0.000000	-0.099000
1670	1	0.000000	0.000000	0.000000	-0.099000
1671	1	0.000000	0.000000	0.000000	-0.099000
1672	0	0.000000	0.000000	0.000000	-0.099000
1673	0	0.000000	0.533000	0.533000	-0.099000
1674	0	0.000000	0.000000	0.000000	-0.099000
1675	0	0.000000	0.000000	0.000000	-0.099000
1676	0	0.000000	0.000000	0.000000	-0.099000
1677	0	0.000000	0.000000	0.000000	-0.099000
1678	1	0.000000	0.000000	0.000000	-0.099000
1679	1	0.000000	0.000000	0.000000	-0.099000
1680	0	0.000000	0.001000	0.000000	-0.099000
1681	0	0.000000	0.000000	0.000000	-0.099000
1682	0	0.000000	0.000000	0.000000	-0.099000
1683	0	0.000000	0.000000	0.000000	-0.099000
1684	0	0.000000	0.000000	0.000000	-0.099000
1685	0	0.000000	0.000000	0.000000	-0.099000
1686	1	0.000000	0.000000	0.000000	-0.099000
1687	0	0.000000	0.000000	0.000000	-0.099000
1688	1	0.000000	0.000000	0.000000	-0.099000
1689	0	0.000000	0.533000	0.000000	-0.099000
1690	0	0.000000	0.000000	0.000000	-0.099000
1691	1	0.000000	0.000000	0.000000	-0.099000
1692	0	0.000000	0.000000	0.000000	-0.099000
1693	0	0.000000	0.000000	0.000000	-0.099000
1694	0	0.000000	0.000000	0.000000	-0.099000
1695	0	0.000000	0.000000	0.000000	-0.099000
1696	0	0.000000	0.000000	0.000000	-0.099000
1697	0	0.000000	0.000000	0.000000	-0.099000
1698	1	0.000000	0.000000	0.000000	-0.099000
1699	1	0.000000	0.000000	0.000000	-0.099000
1700	0	0.000000	0.000000	0.000000	-0.099000
1701	1	0.000000	0.000000	0.000000	-0.099000
1702	0	0.000000	0.000000	0.000000	-0.099000
1703	0	0.000000	0.000000	0.000000	-0.099000
1704	1	0.000000	0.000000	0.000000	-0.099000
1705	1	0.000000	0.000000	0.000000	-0.099000
1706	0	0.000000	0.566000	0.000000	-0.099000
1707	0	0.000000	0.000000	0.000000	-0.099000
1708	0	0.000000	0.000000	0.000000	-0.099000
1709	0	0.000000	0.000000	0.000000	-0.099000
1710	1	0.000000	0.000000	0.000000	-0.099000
1711	0	0.000000	0.001000	0.000000	-0.099000
1712	0	0.000000	0.000000	0.000000	-0.099000
1713	1	0.000000	0.000000	0.000000	-0.099000
1714	0	0.000000	0.000000	0.000000	-0.099000
1715	1	0.000000	0.000000	0.000000	-0.099000
1716	1	0.000000	0.000000	0.000000	-0.099000
1717	1	0.000000	0.000000	0.000000	-0.099000
1718	0	0.000000	0.000000	0.000000	-0.099000
1719	0	0.000000	0.000000	0.000000	-0.099000
1720	0	0.000000	0.000000	0.000000	-0.099000
1721	0	0.000000	0.000000	0.000000	-0.099000
1722	0	0.000000	0.000000	0.000000	-0.099000
1723	0	0.000000	0.566000	0.566000	-0.099000
1724	0	0.000000	0.000000	0.000000	-0.099000
1725	0	0.000000	0.000000	0.000000	-0.099000
1726	1	0.000000	0.000000	0.000000	-0.099000
1727	0	0.000000	0.000000	0.000000	-0.099000
1728	0	0.000000	0.000000	0.000000	-0.099000
1729	0	0.000000	0.000000	0.000000	-0.099000
1730	0	0.000000	0.000000	0.000000	-0.099000
1731	0	0.000000	0.000000	0.000000	-0.099000
1732	0	0.000000	0.000000	0.000000	-0.099000
1733	0	0.000000	0.000000	0.000000	-0.099000
1734	1	0.000000	0.000000	0.000000	-0.099000
1735	0	0.000000	0.000000	0.000000	-0.099000
1736	1	0.000000	0.000000	0.000000	-0.099000
1737	1	0.000000	0.000000	0.000000	-0.099000
1738	0	0.000000	0.000000	0.000000	-0.099000
1739	1	0.000000	0.000000	0.000000	-0.099000
1740	1	0.000000	0.567000	0.000000	-0.666000
1741	0	0.000000	0.000000	0.000000	-0.099000
1742	1	0.000000	0.000000	0.000000	-0.099000
1743	1	0.000000	0.000000	0.000000	-0.099000
1744	0	0.000000	0.000000	0.000000	-0.099000
1745	1	0.000000	0.000000	0.000000	-0.099000
1746	1	0.000000	0.000000	0.000000	-0.099000
1747	0	0.000000	0.000000	0.000000	-0.099000
1748	0	0.000000	0.000000	0.000000	-0.099000
1749	1	0.000000	0.000000	0.000000	-0.099000
1750	1	0.000000	0.000000	0.000000	-0.099000
1751	0	0.000000	0.000000	0.000000	-0.099000
1752	1	0.000000	0.000000	0.000000	-0.099000
1753	0	0.000000	0.000000	0.000000	-0.099000
1754	0	0.000000	0.000000	0.000000	-0.099000
1755	1	0.000000	0.000000	0.000000	-0.099000
1756	0	0.000000	0.000000	0.000000	-0.099000
1757	0	0.000000	0.566000	0.566000	-0.099000
1758	0	0.000000	0.000000	0.000000	-0.099000
1759	1	0.000000	0.000000	0.000000	-0.099000
1760	0	0.000000	0.000000	0.000000	-0.099000
1761	1	0.000000	0.000000	0.000000	-0.099000
1762	1	0.000000	0.000000	0.000000	-0.099000
1763	0	0.000000	0.000000	0.000000	-0.099000
1764	0	0.000000	0.001000	0.001000	-0.099000
1765	0	0.000000	0.000000	0.000000	-0.099000
1766	0	0.000000	0.000000	0.000000	-0.099000
1767	1	0.000000	0.000000	0.000000	-0.099000
1768	0	0.000000	0.000000	0.000000	-0.099000
1769	0	0.000000	0.000000	0.000000	-0.099000
1770	1	0.000000	0.000000	0.000000	-0.099000
1771	1	0.000000	0.000000	0.000000	-0.099000
1772	0	0.000000	0.000000	0.000000	-0.099000
1773	0	0.000000	0.000000	0.000000	-0.099000
1774	0	0.000000	0.566000	0.566000	-0.099000
1775	0	0.000000	0.000000	0.000000	-0.099000
1776	0	0.000000	0.000000	0.000000	-0.099000
1777	0	0.000000	0.000000	0.000000	-0.099000
1778	0	0.000000	0.000000	0.000000	-0.099000
1779	0	0.000000	0.000000	0.000000	-0.099000
1780	0	0.000000	0.000000	0.000000	-0.099000
1781	0	0.000000	0.000000	0.000000	-0.099000
1782	0	0.000000	0.000000	0.000000	-0.099000
1783	0	0.000000	0.000000	0.000000	-0.099000
1784	0	0.000000	0.000000	0.000000	-0.099000
1785	0	0.000000	0.000000	0.000000	-0.099000
1786	0	0.000000	0.000000	0.000000	-0.099000
1787	1	0.000000	0.000000	0.000000	-0.099000
1788	0	0.000000	0.000000	0.000000	-0.099000
1789	0	0.000000	0.000000	0.000000	-0.099000
1790	0	0.000000	0.000000	0.000000	-0.099000
1791	0	0.000000	0.567000	0.567000	-0.099000
1792	0	0.000000	0.000000	0.000000	-0.099000
1793	0	0.000000	0.000000	0.000000	-0.099000
1794	0	0.000000	0.000000	0.000000	-0.099000
1795	1	0.000000	0.000000	0.000000	-0.099000
1796	0	0.000000	0.000000	0.000000	-0.099000
1797	0	0.000000	0.000000	0.000000	-0.099000
1798	0	0.000000	0.000000	0.000000	-0.099000
1799	1	0.000000	0.000000	0.000000	-0.099000
1800	1	0.000000	0.000000	0.000000	-0.099000
1801	0	0.000000	0.000000	0.000000	-0.099000
1802	0	0.000000	0.000000	0.000000	-0.099000
1803	1	0.000000	0.000000	0.000000	-0.099000
1804	0	0.000000	0.000000	0.000000	-0.099000
1805	0	0.000000	0.000000	0.000000	-0.099000
1806	0	0.000000	0.000000	0.000000	-0.099000
1807	0	0.000000	0.000000	0.000000	-0.099000
1808	0	0.000000	0.000000	0.000000	-0.099000
1809	1	0.000000	0.600000	0.000000	-0.699000
1810	0	0.000000	0.000000	0.000000	-0.099000
1811	0	0.000000	0.000000	0.000000	-0.099000
1812	1	0.000000	0.000000	0.000000	-0.099000
1813	0	0.000000	0.000000	0.000000	-0.099000
1814	0	0.000000	0.000000	0.000000	-0.099000
1815	0	0.000000	0.000000	0.000000	-0.099000
1816	0	0.000000	0.000000	0.000000	-0.099000
1817	0	0.000000	0.000000	0.000000	-0.099000
1818	1	0.000000	0.000000	0.000000	-0.099000
1819	0	0.000000	0.000000	0.000000	-0.099000
1820	0	0.000000	0.000000	0.000000	-0.099000
1821	0	0.000000	0.000000	0.000000	-0.099000
1822	0	0.000000	0.000000	0.000000	-0.099000
1823	1	0.000000	0.000000	0.000000	-0.099000
1824	1	0.000000	0.000000	0.000000	-0.099000
1825	0	0.000000	0.000000	0.000000	-0.099000
1826	0	0.000000	0.000000	0.000000	-0.099000
1827	0	0.000000	0.600000	0.600000	-0.099000
1828	0	0.000000	0.000000	0.000000	-0.099000
1829	0	0.000000	0.000000	0.000000	-0.099000
1830	0	0.000000	0.000000	0.000000	-0.099000
1831	1	0.000000	0.000000	0.000000	-0.099000
1832	0	0.000000	0.000000	0.000000	-0.099000
1833	0	0.000000	0.000000	0.000000	-0.099000
1834	0	0.000000	0.000000	0.000000	-0.099000
1835	1	0.000000	0.000000	0.000000	-0.099000
1836	0	0.000000	0.000000	0.000000	-0.099000
1837	1	0.000000	0.000000	0.000000	-0.099000
1838	1	0.000000	0.000000	0.000000	-0.099000
1839	1	0.000000	0.000000	0.000000	-0.099000
1840	1	0.000000	0.000000	0.000000	-0.099000
1841	0	0.000000	0.000000	0.000000	-0.099000
1842	0	0.000000	0.000000	0.000000	-0.099000
1843	1	0.000000	0.000000	0.000000	-0.099000
1844	0	0.000000	0.000000	0.000000	-0.099000
1845	0	0.000000	0.600000	0.600000	-0.099000
1846	0	0.000000	0.000000	0.000000	-0.099000
1847	1	0.000000	0.000000	0.000000	-0.099000
1848	0	0.000000	0.000000	0.000000	-0.099000
1849	0	0.000000	0.000000	0.000000	-0.099000
1850	0	0.000000	0.000000	0.000000	-0.099000
1851	0	0.000000	0.000000	0.000000	-0.099000
1852	1	0.000000	0.000000	0.000000	-0.099000
1853	1	0.000000	0.000000	0.000000	-0.099000
1854	0	0.000000	0.000000	0.000000	-0.099000
1855	0	0.000000	0.000000	0.000000	-0.099000
1856	0	0.000000	0.000000	0.000000	-0.099000
1857	0	0.000000	0.000000	0.000000	-0.099000
1858	1	0.000000	0.000000	0.000000	-0.099000
1859	0	0.000000	0.000000	0.000000	-0.099000
1860	0	0.000000	0.000000	0.000000	-0.099000
1861	0	0.000000	0.000000	0.000000	-0.099000
1862	0	0.000000	0.000000	0.000000	-0.099000
1863	0	0.000000	0.600000	0.600000	-0.099000
1864	0	0.000000	0.000000	0.000000	-0.099000
1865	0	0.000000	0.000000	0.000000	-0.099000
1866	0	0.000000	0.000000	0.000000	-0.099000
1867	1	0.000000	0.000000	0.000000	-0.099000
1868	0	0.000000	0.000000	0.000000	-0.099000
1869	0	0.000000	0.000000	0.000000	-0.099000
1870	1	0.000000	0.000000	0.000000	-0.099000
1871	1	0.000000	0.000000	0.000000	-0.099000
1872	1	0.000000	0.000000	0.000000	-0.099000
1873	0	0.000000	0.000000	0.000000	-0.099000
1874	0	0.000000	0.000000	0.000000	-0.099000
1875	0	0.000000	0.000000	0.000000	-0.099000
1876	1	0.000000	0.000000	0.000000	-0.099000
1877	0	0.000000	0.000000	0.000000	-0.099000
1878	0	0.000000	0.000000	0.000000	-0.099000
1879	1	0.000000	0.000000	0.000000	-0.099000
1880	0	0.000000	0.000000	0.000000	-0.099000
1881	1	0.000000	0.600000	0.000000	-0.699000
1882	1	0.000000	0.000000	0.000000	-0.699000
1883	1	0.000000	0.000000	0.000000	-0.699000
1884	1	0.000000	0.000000	0.000000	-0.699000
1885	0	0.000000	0.000000	0.000000	-0.099000
1886	1	0.000000	0.000000	0.000000	-0.099000
1887	1	0.000000	0.000000	0.000000	-0.099000
1888	0	0.000000	0.000000	0.000000	-0.099000
1889	0	0.000000	0.000000	0.000000	-0.099000
1890	1	0.000000	0.000000	0.000000	-0.099000
1891	1	0.000000	0.000000	0.000000	-0.099000
1892	1	0.000000	0.000000	0.000000	-0.099000
1893	0	0.000000	0.000000	0.000000	-0.099000
1894	0	0.000000	0.000000	0.000000	-0.099000
1895	0	0.000000	0.000000	0.000000	-0.099000
1896	0	0.000000	0.000000	0.000000	-0.099000
1897	0	0.000000	0.000000	0.000000	-0.099000
1898	0	0.000000	0.000000	0.000000	-0.099000
1899	0	0.000000	0.600000	0.600000	-0.099000
1900	1	0.000000	0.000000	0.000000	-0.099000
1901	1	0.000000	0.000000	0.000000	-0.099000
1902	0	0.000000	0.000000	0.000000	-0.099000
1903	0	0.000000	0.000000	0.000000	-0.099000
1904	0	0.000000	0.000000	0.000000	-0.099000
1905	1	0.000000	0.000000	0.000000	-0.099000
1906	0	0.000000	0.000000	0.000000	-0.099000
1907	0	0.000000	0.000000	0.000000	-0.099000
1908	0	0.000000	0.000000	0.000000	-0.099000
1909	0	0.000000	0.000000	0.000000	-0.099000
1910	0	0.000000	0.000000	0.000000	-0.099000
1911	0	0.000000	0.000000	0.000000	-0.099000
1912	0	0.000000	0.000000	0.000000	-0.099000
1913	0	0.000000	0.000000	0.000000	-0.099000
1914	0	0.000000	0.000000	0.000000	-0.099000
1915	0	0.000000	0.000000	0.000000	-0.099000
1916	0	0.000000	0.000000	0.000000	-0.099000
1917	0	0.000000	0.000000	0.000000	-0.099000
1918	0	0.000000	0.633000	0.633000	-0.099000
1919	0	0.000000	0.000000	0.000000	-0.099000
1920	0	0.000000	0.000000	0.000000	-0.099000
1921	1	0.000000	0.000000	0.000000	-0.099000
1922	0	0.000000	0.000000	0.000000	-0.099000
1923	0	0.000000	0.000000	0.000000	-0.099000
1924	1	0.000000	0.000000	0.000000	-0.099000
1925	1	0.000000	0.000000	0.000000	-0.099000
1926	0	0.000000	0.000000	0.000000	-0.099000
1927	0	0.000000	0.000000	0.000000	-0.099000
1928	1	0.000000	0.000000	0.000000	-0.099000
1929	1	0.000000	0.000000	0.000000	-0.099000
1930	0	0.000000	0.000000	0.000000	-0.099000
1931	0	0.000000	0.000000	0.000000	-0.099000
1932	0	0.000000	0.000000	0.000000	-0.099000
1933	1	0.000000	0.000000	0.000000	-0.099000
1934	0	0.000000	0.000000	0.000000	-0.099000
1935	1	0.000000	0.000000	0.000000	-0.099000
1936	1	0.000000	0.000000	0.000000	-0.099000
1937	1	0.000000	0.633000	0.000000	-0.732000
1938	1	0.000000	0.000000	0.000000	-0.732000
1939	1	0.000000	0.000000	0.000000	-0.732000
1940	0	0.000000	0.000000	0.000000	-0.099000
1941	0	0.000000	0.001000	0.001000	-0.099000
1942	0	0.000000	0.000000	0.000000	-0.099000
1943	0	0.000000	0.000000	0.000000	-0.099000
1944	0	0.000000	0.000000	0.000000	-0.099000
1945	0	0.000000	0.000000	0.000000	-0.099000
1946	0	0.000000	0.000000	0.000000	-0.099000
1947	1	0.000000	0.000000	0.000000	-0.099000
1948	1	0.000000	0.000000	0.000000	-0.099000
1949	0	0.000000	0.000000	0.000000	-0.099000
1950	1	0.000000	0.000000	0.000000	-0.099000
1951	0	0.000000	0.000000	0.000000	-0.099000
1952	1	0.000000	0.000000	0.000000	-0.099000
1953	1	0.000000	0.000000	0.000000	-0.099000
1954	0	0.000000	0.000000	0.000000	-0.099000
1955	1	0.000000	0.000000	0.000000	-0.099000
1956	1	0.000000	0.633000	0.000000	-0.732000
1957	0	0.000000	0.000000	0.000000	-0.099000
1958	0	0.000000	0.000000	0.000000	-0.099000
1959	0	0.000000	0.000000	0.000000	-0.099000
1960	0	0.000000	0.000000	0.000000	-0.099000
1961	0	0.000000	0.000000	0.000000	-0.099000
1962	0	0.000000	0.000000	0.000000	-0.099000
1963	0	0.000000	0.000000	0.000000	-0.099000
1964	0	0.000000	0.000000	0.000000	-0.099000
1965	0	0.000000	0.000000	0.000000	-0.099000
1966	0	0.000000	0.000000	0.000000	-0.099000
1967	0	0.000000	0.000000	0.000000	-0.099000
1968	0	0.000000	0.000000	0.000000	-0.099000
1969	0	0.000000	0.000000	0.000000	-0.099000
1970	0	0.000000	0.000000	0.000000	-0.099000
1971	1	0.000000	0.000000	0.000000	-0.099000
1972	0	0.000000	0.000000	0.000000	-0.099000
1973	0	0.000000	0.000000	0.000000	-0.099000
1974	0	0.000000	0.000000	0.000000	-0.099000
1975	0	0.000000	0.633000	0.633000	-0.099000
1976	0	0.000000	0.000000	0.000000	-0.099000
1977	0	0.000000	0.000000	0.000000	-0.099000
1978	0	0.000000	0.000000	0.000000	-0.099000
1979	0	0.000000	0.000000	0.000000	-0.099000
1980	0	0.000000	0.000000	0.000000	-0.099000
1981	0	0.000000	0.000000	0.000000	-0.099000
1982	0	0.000000	0.000000	0.000000	-0.099000
1983	0	0.000000	0.000000	0.000000	-0.099000
1984	0	0.000000	0.000000	0.000000	-0.099000
1985	1	0.000000	0.000000	0.000000	-0.099000
1986	1	0.000000	0.000000	0.000000	-0.099000
1987	0	0.000000	0.000000	0.000000	-0.099000
1988	0	0.000000	0.000000	0.000000	-0.099000
1989	0	0.000000	0.000000	0.000000	-0.099000
1990	0	0.000000	0.000000	0.000000	-0.099000
1991	0	0.000000	0.000000	0.000000	-0.099000
1992	0	0.000000	0.000000	0.000000	-0.099000
1993	1	0.000000	0.000000	0.000000	-0.099000
1994	0	0.000000	0.633000	0.000000	-0.099000
1995	0	0.000000	0.000000	0.000000	-0.099000
1996	1	0.000000	0.000000	0.000000	-0.099000
1997	0	0.000000	0.000000	0.000000	-0.099000
1998	1	0.000000	0.000000	0.000000	-0.099000
1999	0	0.000000	0.000000	0.000000	-0.099000
