0	1	0.000000	0.000000	0.000000	0.000000
1	0	0.000000	0.034000	0.000000	-0.034000
2	0	0.000000	0.033000	0.033000	-0.034000
3	1	0.000000	0.032000	0.000000	-0.066000
4	1	0.000000	0.033000	0.000000	-0.099000
5	0	0.000000	0.034000	0.000000	-0.034000
6	0	0.000000	0.033000	0.033000	-0.034000
7	0	0.000000	0.033000	0.033000	-0.034000
8	0	0.000000	0.032000	0.032000	-0.034000
9	0	0.000000	0.034000	0.034000	-0.034000
10	1	0.000000	0.033000	0.000000	-0.067000
11	0	0.000000	0.032000	0.000000	-0.034000
12	1	0.000000	0.034000	0.000000	-0.068000
13	1	0.000000	0.033000	0.000000	-0.101000
14	0	0.000000	0.032000	0.000000	-0.034000
15	0	0.000000	0.033000	0.033000	-0.034000
16	1	0.000000	0.034000	0.000000	-0.068000
17	0	0.000000	0.032000	0.000000	-0.034000
18	1	0.000000	0.033000	0.000000	-0.067000
19	0	0.000000	0.033000	0.000000	-0.034000
20	1	0.000000	0.034000	0.000000	-0.068000
21	0	0.000000	0.033000	0.000000	-0.034000
22	0	0.000000	0.033000	0.033000	-0.034000
23	1	0.000000	0.032000	0.000000	-0.066000
24	1	0.000000	0.034000	0.000000	-0.100000
25	0	0.000000	0.032000	0.000000	-0.034000
26	1	0.000000	0.033000	0.000000	-0.067000
27	1	0.000000	0.034000	0.000000	-0.101000
28	1	0.000000	0.033000	0.000000	-0.134000
29	1	0.000000	0.032000	0.000000	-0.166000
30	1	0.000000	0.034000	0.000000	-0.200000
31	1	0.000000	0.033000	0.000000	-0.233000
32	1	0.000000	0.032000	0.000000	-0.265000
33	1	0.000000	0.033000	0.000000	-0.298000
34	1	0.000000	0.034000	0.000000	-0.332000
35	1	0.000000	0.032000	0.000000	-0.364000
36	0	0.000000	0.033000	0.000000	-0.034000
37	0	0.000000	0.034000	0.034000	-0.034000
38	0	0.000000	0.033000	0.033000	-0.034000
39	0	0.000000	0.032000	0.032000	-0.034000
40	1	0.000000	0.033000	0.000000	-0.067000
41	1	0.000000	0.034000	0.000000	-0.101000
42	1	0.000000	0.033000	0.000000	-0.134000
43	0	0.000000	0.033000	0.000000	-0.034000
44	1	0.000000	0.032000	0.000000	-0.066000
45	1	0.000000	0.033000	0.000000	-0.099000
46	0	0.000000	0.034000	0.000000	-0.034000
47	0	0.000000	0.033000	0.033000	-0.034000
48	1	0.000000	0.032000	0.000000	-0.066000
49	0	0.000000	0.033000	0.000000	-0.034000
50	0	0.000000	0.034000	0.034000	-0.034000
51	0	0.000000	0.033000	0.033000	-0.034000
52	0	0.000000	0.032000	0.032000	-0.034000
53	1	0.000000	0.033000	0.000000	-0.067000
54	1	0.000000	0.034000	0.000000	-0.101000
55	0	0.000000	0.032000	0.000000	-0.034000
56	1	0.000000	0.034000	0.000000	-0.068000
57	0	0.000000	0.032000	0.000000	-0.034000
58	1	0.000000	0.034000	0.000000	-0.068000
59	1	0.000000	0.032000	0.000000	-0.100000
60	1	0.000000	0.033000	0.000000	-0.133000
61	1	0.000000	0.033000	0.000000	-0.166000
62	1	0.000000	0.033000	0.000000	-0.199000
63	0	0.000000	0.034000	0.000000	-0.034000
64	1	0.000000	0.033000	0.000000	-0.067000
65	1	0.000000	0.033000	0.000000	-0.100000
66	0	0.000000	0.032000	0.000000	-0.034000
67	1	0.000000	0.033000	0.000000	-0.067000
68	0	0.000000	0.034000	0.000000	-0.034000
69	1	0.000000	0.032000	0.000000	-0.066000
70	1	0.000000	0.033000	0.000000	-0.099000
71	1	0.000000	0.033000	0.000000	-0.132000
72	1	0.000000	0.034000	0.000000	-0.166000
73	0	0.000000	0.033000	0.000000	-0.034000
74	1	0.000000	0.032000	0.000000	-0.066000
75	1	0.000000	0.033000	0.000000	-0.099000
76	0	0.000000	0.034000	0.000000	-0.034000
77	0	0.000000	0.033000	0.033000	-0.034000
78	1	0.000000	0.032000	0.000000	-0.066000
79	1	0.000000	0.034000	0.000000	-0.100000
80	0	0.000000	0.033000	0.000000	-0.034000
81	1	0.000000	0.033000	0.000000	-0.067000
82	1	0.000000	0.033000	0.000000	-0.100000
83	0	0.000000	0.033000	0.000000	-0.034000
84	0	0.000000	0.033000	0.033000	-0.034000
85	0	0.000000	0.033000	0.033000	-0.034000
86	1	0.000000	0.033000	0.000000	-0.067000
87	1	0.000000	0.033000	0.000000	-0.100000
88	0	0.000000	0.033000	0.000000	-0.034000
89	0	0.000000	0.033000	0.033000	-0.034000
90	1	0.000000	0.033000	0.000000	-0.067000
91	1	0.000000	0.032000	0.000000	-0.099000
92	1	0.000000	0.033000	0.000000	-0.132000
93	1	0.000000	0.034000	0.000000	-0.166000
94	1	0.000000	0.033000	0.000000	-0.199000
95	1	0.000000	0.033000	0.000000	-0.232000
96	1	0.000000	0.032000	0.000000	-0.264000
97	1	0.000000	0.033000	0.000000	-0.297000
98	0	0.000000	0.034000	0.000000	-0.034000
99	1	0.000000	0.032000	0.000000	-0.066000
100	1	0.000000	0.033000	0.000000	-0.099000
101	1	0.000000	0.034000	0.000000	-0.133000
102	1	0.000000	0.033000	0.000000	-0.166000
103	1	0.000000	0.033000	0.000000	-0.199000
104	0	0.000000	0.033000	0.000000	-0.034000
105	0	0.000000	0.034000	0.034000	-0.034000
106	0	0.000000	0.033000	0.033000	-0.034000
107	0	0.000000	0.033000	0.033000	-0.034000
108	1	0.000000	0.034000	0.000000	-0.068000
109	1	0.000000	0.033000	0.000000	-0.101000
110	1	0.000000	0.033000	0.000000	-0.134000
111	1	0.000000	0.034000	0.000000	-0.168000
112	1	0.000000	0.033000	0.000000	-0.201000
113	1	0.000000	0.033000	0.000000	-0.234000
114	0	0.000000	0.034000	0.000000	-0.034000
115	0	0.000000	0.033000	0.033000	-0.034000
116	1	0.000000	0.033000	0.000000	-0.067000
117	1	0.000000	0.034000	0.000000	-0.101000
118	0	0.000000	0.033000	0.000000	-0.034000
119	0	0.000000	0.033000	0.033000	-0.034000
120	1	0.000000	0.034000	0.000000	-0.068000
121	1	0.000000	0.033000	0.000000	-0.101000
122	0	0.000000	0.033000	0.000000	-0.034000
123	1	0.000000	0.034000	0.000000	-0.068000
124	0	0.000000	0.033000	0.000000	-0.034000
125	0	0.000000	0.033000	0.033000	-0.034000
126	1	0.000000	0.034000	0.000000	-0.068000
127	1	0.000000	0.033000	0.000000	-0.101000
128	1	0.000000	0.033000	0.000000	-0.134000
129	1	0.000000	0.034000	0.000000	-0.168000
130	1	0.000000	0.033000	0.000000	-0.201000
131	1	0.000000	0.033000	0.000000	-0.234000
132	1	0.000000	0.034000	0.000000	-0.268000
133	1	0.000000	0.033000	0.000000	-0.301000
134	1	0.000000	0.033000	0.000000	-0.334000
135	1	0.000000	0.034000	0.000000	-0.368000
136	0	0.000000	0.033000	0.000000	-0.034000
137	0	0.000000	0.033000	0.033000	-0.034000
138	1	0.000000	0.034000	0.000000	-0.068000
139	1	0.000000	0.033000	0.000000	-0.101000
140	0	0.000000	0.033000	0.000000	-0.034000
141	0	0.000000	0.034000	0.034000	-0.034000
142	0	0.000000	0.033000	0.033000	-0.034000
143	0	0.000000	0.033000	0.033000	-0.034000
144	1	0.000000	0.034000	0.000000	-0.068000
145	0	0.000000	0.033000	0.000000	-0.034000
146	0	0.000000	0.033000	0.033000	-0.034000
147	1	0.000000	0.034000	0.000000	-0.068000
148	0	0.000000	0.033000	0.000000	-0.034000
149	1	0.000000	0.033000	0.000000	-0.067000
150	1	0.000000	0.034000	0.000000	-0.101000
151	1	0.000000	0.033000	0.000000	-0.134000
152	0	0.000000	0.033000	0.000000	-0.034000
153	0	0.000000	0.034000	0.034000	-0.034000
154	1	0.000000	0.033000	0.000000	-0.067000
155	1	0.000000	0.033000	0.000000	-0.100000
156	1	0.000000	0.034000	0.000000	-0.134000
157	0	0.000000	0.033000	0.000000	-0.034000
158	0	0.000000	0.033000	0.033000	-0.034000
159	0	0.000000	0.034000	0.034000	-0.034000
160	0	0.000000	0.033000	0.033000	-0.034000
161	1	0.000000	0.033000	0.000000	-0.067000
162	1	0.000000	0.034000	0.000000	-0.101000
163	0	0.000000	0.033000	0.000000	-0.034000
164	1	0.000000	0.033000	0.000000	-0.067000
165	1	0.000000	0.034000	0.000000	-0.101000
166	0	0.000000	0.033000	0.000000	-0.034000
167	1	0.000000	0.033000	0.000000	-0.067000
168	1	0.000000	0.034000	0.000000	-0.101000
169	0	0.000000	0.033000	0.000000	-0.034000
170	1	0.000000	0.033000	0.000000	-0.067000
171	0	0.000000	0.034000	0.000000	-0.034000
172	1	0.000000	0.033000	0.000000	-0.067000
173	0	0.000000	0.033000	0.000000	-0.034000
174	1	0.000000	0.034000	0.000000	-0.068000
175	1	0.000000	0.033000	0.000000	-0.101000
176	1	0.000000	0.033000	0.000000	-0.134000
177	1	0.000000	0.034000	0.000000	-0.168000
178	1	0.000000	0.033000	0.000000	-0.201000
179	1	0.000000	0.033000	0.000000	-0.234000
180	0	0.000000	0.034000	0.000000	-0.034000
181	1	0.000000	0.033000	0.000000	-0.067000
182	1	0.000000	0.033000	0.000000	-0.100000
183	0	0.000000	0.034000	0.000000	-0.034000
184	0	0.000000	0.033000	0.033000	-0.034000
185	0	0.000000	0.033000	0.033000	-0.034000
186	0	0.000000	0.034000	0.034000	-0.034000
187	0	0.000000	0.033000	0.033000	-0.034000
188	0	0.000000	0.033000	0.033000	-0.034000
189	1	0.000000	0.034000	0.000000	-0.068000
190	1	0.000000	0.033000	0.000000	-0.101000
191	1	0.000000	0.033000	0.000000	-0.134000
192	0	0.000000	0.034000	0.000000	-0.034000
193	1	0.000000	0.033000	0.000000	-0.067000
194	0	0.000000	0.033000	0.000000	-0.034000
195	0	0.000000	0.034000	0.034000	-0.034000
196	1	0.000000	0.033000	0.000000	-0.067000
197	1	0.000000	0.033000	0.000000	-0.100000
198	0	0.000000	0.034000	0.000000	-0.034000
199	0	0.000000	0.033000	0.033000	-0.034000
200	0	0.000000	0.000000	0.000000	-0.034000
201	0	0.000000	0.067000	0.067000	-0.034000
202	1	0.000000	0.000000	0.000000	-0.034000
203	0	0.000000	0.066000	0.000000	-0.034000
204	1	0.000000	0.000000	0.000000	-0.034000
205	1	0.000000	0.067000	0.000000	-0.101000
206	0	0.000000	0.000000	0.000000	-0.034000
207	0	0.000000	0.067000	0.067000	-0.034000
208	1	0.000000	0.000000	0.000000	-0.034000
209	1	0.000000	0.066000	0.000000	-0.100000
210	1	0.000000	0.000000	0.000000	-0.100000
211	0	0.000000	0.067000	0.000000	-0.034000
212	0	0.000000	0.000000	0.000000	-0.034000
213	1	0.000000	0.067000	0.000000	-0.101000
214	1	0.000000	0.000000	0.000000	-0.101000
215	1	0.000000	0.066000	0.000000	-0.167000
216	0	0.000000	0.000000	0.000000	-0.034000
217	1	0.000000	0.067000	0.000000	-0.101000
218	1	0.000000	0.000000	0.000000	-0.101000
219	1	0.000000	0.067000	0.000000	-0.168000
220	0	0.000000	0.000000	0.000000	-0.034000
221	0	0.000000	0.066000	0.066000	-0.034000
222	0	0.000000	0.000000	0.000000	-0.034000
223	1	0.000000	0.067000	0.000000	-0.101000
224	0	0.000000	0.000000	0.000000	-0.034000
225	0	0.000000	0.067000	0.067000	-0.034000
226	1	0.000000	0.000000	0.000000	-0.034000
227	0	0.000000	0.066000	0.000000	-0.034000
228	1	0.000000	0.000000	0.000000	-0.034000
229	1	0.000000	0.067000	0.000000	-0.101000
230	1	0.000000	0.000000	0.000000	-0.101000
231	1	0.000000	0.067000	0.000000	-0.168000
232	0	0.000000	0.000000	0.000000	-0.034000
233	1	0.000000	0.066000	0.000000	-0.100000
234	0	0.000000	0.000000	0.000000	-0.034000
235	1	0.000000	0.067000	0.000000	-0.101000
236	1	0.000000	0.000000	0.000000	-0.101000
237	0	0.000000	0.067000	0.000000	-0.034000
238	1	0.000000	0.000000	0.000000	-0.034000
239	1	0.000000	0.066000	0.000000	-0.100000
240	1	0.000000	0.000000	0.000000	-0.100000
241	1	0.000000	0.067000	0.000000	-0.167000
242	0	0.000000	0.000000	0.000000	-0.034000
243	1	0.000000	0.067000	0.000000	-0.101000
244	1	0.000000	0.000000	0.000000	-0.101000
245	0	0.000000	0.066000	0.000000	-0.034000
246	1	0.000000	0.000000	0.000000	-0.034000
247	1	0.000000	0.067000	0.000000	-0.101000
248	1	0.000000	0.000000	0.000000	-0.101000
249	0	0.000000	0.067000	0.000000	-0.034000
250	0	0.000000	0.000000	0.000000	-0.034000
251	1	0.000000	0.066000	0.000000	-0.100000
252	1	0.000000	0.000000	0.000000	-0.100000
253	1	0.000000	0.067000	0.000000	-0.167000
254	0	0.000000	0.000000	0.000000	-0.034000
255	0	0.000000	0.067000	0.067000	-0.034000
256	0	0.000000	0.000000	0.000000	-0.034000
257	0	0.000000	0.066000	0.066000	-0.034000
258	1	0.000000	0.000000	0.000000	-0.034000
259	0	0.000000	0.067000	0.000000	-0.034000
260	1	0.000000	0.000000	0.000000	-0.034000
261	1	0.000000	0.067000	0.000000	-0.101000
262	1	0.000000	0.000000	0.000000	-0.101000
263	1	0.000000	0.066000	0.000000	-0.167000
264	1	0.000000	0.000000	0.000000	-0.167000
265	1	0.000000	0.067000	0.000000	-0.234000
266	1	0.000000	0.000000	0.000000	-0.234000
267	1	0.000000	0.067000	0.000000	-0.301000
268	0	0.000000	0.000000	0.000000	-0.034000
269	1	0.000000	0.066000	0.000000	-0.100000
270	0	0.000000	0.000000	0.000000	-0.034000
271	1	0.000000	0.067000	0.000000	-0.101000
272	1	0.000000	0.000000	0.000000	-0.101000
273	1	0.000000	0.067000	0.000000	-0.168000
274	0	0.000000	0.000000	0.000000	-0.034000
275	0	0.000000	0.066000	0.066000	-0.034000
276	1	0.000000	0.000000	0.000000	-0.034000
277	1	0.000000	0.067000	0.000000	-0.101000
278	1	0.000000	0.000000	0.000000	-0.101000
279	1	0.000000	0.067000	0.000000	-0.168000
280	0	0.000000	0.000000	0.000000	-0.034000
281	1	0.000000	0.066000	0.000000	-0.100000
282	1	0.000000	0.000000	0.000000	-0.100000
283	0	0.000000	0.067000	0.000000	-0.034000
284	1	0.000000	0.000000	0.000000	-0.034000
285	0	0.000000	0.067000	0.000000	-0.034000
286	0	0.000000	0.000000	0.000000	-0.034000
287	0	0.000000	0.066000	0.066000	-0.034000
288	0	0.000000	0.000000	0.000000	-0.034000
289	0	0.000000	0.067000	0.067000	-0.034000
290	0	0.000000	0.000000	0.000000	-0.034000
291	1	0.000000	0.067000	0.000000	-0.101000
292	1	0.000000	0.000000	0.000000	-0.101000
293	0	0.000000	0.066000	0.000000	-0.034000
294	1	0.000000	0.000000	0.000000	-0.034000
295	0	0.000000	0.067000	0.000000	-0.034000
296	0	0.000000	0.000000	0.000000	-0.034000
297	0	0.000000	0.067000	0.067000	-0.034000
298	0	0.000000	0.000000	0.000000	-0.034000
299	1	0.000000	0.066000	0.000000	-0.100000
300	1	0.000000	0.000000	0.000000	-0.100000
301	1	0.000000	0.000000	0.000000	-0.100000
302	1	0.000000	0.100000	0.000000	-0.200000
303	0	0.000000	0.000000	0.000000	-0.034000
304	1	0.000000	0.000000	0.000000	-0.034000
305	0	0.000000	0.100000	0.000000	-0.034000
306	0	0.000000	0.000000	0.000000	-0.034000
307	0	0.000000	0.000000	0.000000	-0.034000
308	0	0.000000	0.100000	0.100000	-0.034000
309	1	0.000000	0.000000	0.000000	-0.034000
310	1	0.000000	0.000000	0.000000	-0.034000
311	0	0.000000	0.100000	0.000000	-0.034000
312	0	0.000000	0.000000	0.000000	-0.034000
313	1	0.000000	0.000000	0.000000	-0.034000
314	0	0.000000	0.100000	0.000000	-0.034000
315	0	0.000000	0.000000	0.000000	-0.034000
316	0	0.000000	0.000000	0.000000	-0.034000
317	1	0.000000	0.100000	0.000000	-0.134000
318	1	0.000000	0.000000	0.000000	-0.134000
319	1	0.000000	0.000000	0.000000	-0.134000
320	1	0.000000	0.100000	0.000000	-0.234000
321	1	0.000000	0.000000	0.000000	-0.234000
322	1	0.000000	0.000000	0.000000	-0.234000
323	1	0.000000	0.100000	0.000000	-0.334000
324	1	0.000000	0.000000	0.000000	-0.334000
325	0	0.000000	0.000000	0.000000	-0.034000
326	1	0.000000	0.100000	0.000000	-0.134000
327	1	0.000000	0.000000	0.000000	-0.134000
328	0	0.000000	0.000000	0.000000	-0.034000
329	1	0.000000	0.100000	0.000000	-0.134000
330	1	0.000000	0.000000	0.000000	-0.134000
331	0	0.000000	0.000000	0.000000	-0.034000
332	0	0.000000	0.100000	0.100000	-0.034000
333	0	0.000000	0.000000	0.000000	-0.034000
334	1	0.000000	0.000000	0.000000	-0.034000
335	1	0.000000	0.100000	0.000000	-0.134000
336	1	0.000000	0.000000	0.000000	-0.134000
337	1	0.000000	0.000000	0.000000	-0.134000
338	1	0.000000	0.100000	0.000000	-0.234000
339	1	0.000000	0.000000	0.000000	-0.234000
340	1	0.000000	0.000000	0.000000	-0.234000
341	1	0.000000	0.100000	0.000000	-0.334000
342	0	0.000000	0.000000	0.000000	-0.034000
343	0	0.000000	0.000000	0.000000	-0.034000
344	1	0.000000	0.100000	0.000000	-0.134000
345	0	0.000000	0.000000	0.000000	-0.034000
346	0	0.000000	0.000000	0.000000	-0.034000
347	0	0.000000	0.100000	0.100000	-0.034000
348	1	0.000000	0.000000	0.000000	-0.034000
349	1	0.000000	0.000000	0.000000	-0.034000
350	1	0.000000	0.100000	0.000000	-0.134000
351	1	0.000000	0.000000	0.000000	-0.134000
352	0	0.000000	0.000000	0.000000	-0.034000
353	1	0.000000	0.100000	0.000000	-0.134000
354	0	0.000000	0.000000	0.000000	-0.034000
355	1	0.000000	0.000000	0.000000	-0.034000
356	0	0.000000	0.100000	0.000000	-0.034000
357	0	0.000000	0.000000	0.000000	-0.034000
358	0	0.000000	0.000000	0.000000	-0.034000
359	1	0.000000	0.100000	0.000000	-0.134000
360	1	0.000000	0.000000	0.000000	-0.134000
361	1	0.000000	0.000000	0.000000	-0.134000
362	0	0.000000	0.100000	0.000000	-0.034000
363	0	0.000000	0.000000	0.000000	-0.034000
364	1	0.000000	0.000000	0.000000	-0.034000
365	1	0.000000	0.100000	0.000000	-0.134000
366	1	0.000000	0.000000	0.000000	-0.134000
367	1	0.000000	0.000000	0.000000	-0.134000
368	1	0.000000	0.100000	0.000000	-0.234000
369	1	0.000000	0.000000	0.000000	-0.234000
370	1	0.000000	0.000000	0.000000	-0.234000
371	0	0.000000	0.100000	0.000000	-0.034000
372	1	0.000000	0.000000	0.000000	-0.034000
373	1	0.000000	0.000000	0.000000	-0.034000
374	0	0.000000	0.100000	0.000000	-0.034000
375	0	0.000000	0.000000	0.000000	-0.034000
376	1	0.000000	0.000000	0.000000	-0.034000
377	1	0.000000	0.100000	0.000000	-0.134000
378	1	0.000000	0.000000	0.000000	-0.134000
379	0	0.000000	0.000000	0.000000	-0.034000
380	1	0.000000	0.100000	0.000000	-0.134000
381	0	0.000000	0.000000	0.000000	-0.034000
382	1	0.000000	0.000000	0.000000	-0.034000
383	0	0.000000	0.100000	0.000000	-0.034000
384	1	0.000000	0.000000	0.000000	-0.034000
385	1	0.000000	0.000000	0.000000	-0.034000
386	1	0.000000	0.100000	0.000000	-0.134000
387	1	0.000000	0.000000	0.000000	-0.134000
388	0	0.000000	0.000000	0.000000	-0.034000
389	0	0.000000	0.100000	0.100000	-0.034000
390	0	0.000000	0.000000	0.000000	-0.034000
391	0	0.000000	0.000000	0.000000	-0.034000
392	0	0.000000	0.100000	0.100000	-0.034000
393	0	0.000000	0.000000	0.000000	-0.034000
394	0	0.000000	0.000000	0.000000	-0.034000
395	1	0.000000	0.100000	0.000000	-0.134000
396	0	0.000000	0.000000	0.000000	-0.034000
397	0	0.000000	0.000000	0.000000	-0.034000
398	0	0.000000	0.100000	0.100000	-0.034000
399	1	0.000000	0.000000	0.000000	-0.034000
400	1	0.000000	0.000000	0.000000	-0.034000
401	1	0.000000	0.000000	0.000000	-0.034000
402	0	0.000000	0.134000	0.000000	-0.034000
403	0	0.000000	0.000000	0.000000	-0.034000
404	0	0.000000	0.000000	0.000000	-0.034000
405	0	0.000000	0.000000	0.000000	-0.034000
406	1	0.000000	0.133000	0.000000	-0.167000
407	1	0.000000	0.000000	0.000000	-0.167000
408	1	0.000000	0.000000	0.000000	-0.167000
409	0	0.000000	0.000000	0.000000	-0.034000
410	1	0.000000	0.133000	0.000000	-0.167000
411	0	0.000000	0.000000	0.000000	-0.034000
412	0	0.000000	0.000000	0.000000	-0.034000
413	1	0.000000	0.000000	0.000000	-0.034000
414	1	0.000000	0.134000	0.000000	-0.168000
415	1	0.000000	0.000000	0.000000	-0.168000
416	0	0.000000	0.000000	0.000000	-0.034000
417	1	0.000000	0.000000	0.000000	-0.034000
418	0	0.000000	0.133000	0.000000	-0.034000
419	1	0.000000	0.000000	0.000000	-0.034000
420	1	0.000000	0.000000	0.000000	-0.034000
421	1	0.000000	0.000000	0.000000	-0.034000
422	1	0.000000	0.133000	0.000000	-0.167000
423	1	0.000000	0.000000	0.000000	-0.167000
424	1	0.000000	0.000000	0.000000	-0.167000
425	1	0.000000	0.000000	0.000000	-0.167000
426	1	0.000000	0.134000	0.000000	-0.301000
427	1	0.000000	0.000000	0.000000	-0.301000
428	0	0.000000	0.000000	0.000000	-0.034000
429	1	0.000000	0.000000	0.000000	-0.034000
430	0	0.000000	0.133000	0.000000	-0.034000
431	0	0.000000	0.000000	0.000000	-0.034000
432	0	0.000000	0.000000	0.000000	-0.034000
433	1	0.000000	0.000000	0.000000	-0.034000
434	1	0.000000	0.133000	0.000000	-0.167000
435	0	0.000000	0.000000	0.000000	-0.034000
436	0	0.000000	0.000000	0.000000	-0.034000
437	1	0.000000	0.000000	0.000000	-0.034000
438	1	0.000000	0.134000	0.000000	-0.168000
439	0	0.000000	0.000000	0.000000	-0.034000
440	1	0.000000	0.000000	0.000000	-0.034000
441	1	0.000000	0.000000	0.000000	-0.034000
442	0	0.000000	0.133000	0.000000	-0.034000
443	0	0.000000	0.000000	0.000000	-0.034000
444	1	0.000000	0.000000	0.000000	-0.034000
445	0	0.000000	0.000000	0.000000	-0.034000
446	0	0.000000	0.133000	0.133000	-0.034000
447	0	0.000000	0.000000	0.000000	-0.034000
448	0	0.000000	0.000000	0.000000	-0.034000
449	1	0.000000	0.000000	0.000000	-0.034000
450	1	0.000000	0.134000	0.000000	-0.168000
451	0	0.000000	0.000000	0.000000	-0.034000
452	1	0.000000	0.066000	0.000000	-0.100000
453	1	0.000000	0.000000	0.000000	-0.100000
454	1	0.000000	0.000000	0.000000	-0.100000
455	1	0.000000	0.000000	0.000000	-0.100000
456	1	0.000000	0.134000	0.000000	-0.234000
457	0	0.000000	0.000000	0.000000	-0.034000
458	1	0.000000	0.000000	0.000000	-0.034000
459	1	0.000000	0.000000	0.000000	-0.034000
460	1	0.000000	0.133000	0.000000	-0.167000
461	0	0.000000	0.000000	0.000000	-0.034000
462	1	0.000000	0.000000	0.000000	-0.034000
463	0	0.000000	0.000000	0.000000	-0.034000
464	1	0.000000	0.133000	0.000000	-0.167000
465	1	0.000000	0.000000	0.000000	-0.167000
466	0	0.000000	0.000000	0.000000	-0.034000
467	1	0.000000	0.000000	0.000000	-0.034000
468	1	0.000000	0.134000	0.000000	-0.168000
469	1	0.000000	0.000000	0.000000	-0.168000
470	1	0.000000	0.000000	0.000000	-0.168000
471	0	0.000000	0.000000	0.000000	-0.034000
472	0	0.000000	0.133000	0.133000	-0.034000
473	0	0.000000	0.000000	0.000000	-0.034000
474	0	0.000000	0.000000	0.000000	-0.034000
475	1	0.000000	0.000000	0.000000	-0.034000
476	0	0.000000	0.133000	0.000000	-0.034000
477	1	0.000000	0.000000	0.000000	-0.034000
478	0	0.000000	0.000000	0.000000	-0.034000
479	1	0.000000	0.000000	0.000000	-0.034000
480	1	0.000000	0.134000	0.000000	-0.168000
481	0	0.000000	0.000000	0.000000	-0.034000
482	1	0.000000	0.000000	0.000000	-0.034000
483	1	0.000000	0.000000	0.000000	-0.034000
484	1	0.000000	0.133000	0.000000	-0.167000
485	0	0.000000	0.000000	0.000000	-0.034000
486	0	0.000000	0.000000	0.000000	-0.034000
487	1	0.000000	0.000000	0.000000	-0.034000
488	1	0.000000	0.133000	0.000000	-0.167000
489	1	0.000000	0.000000	0.000000	-0.167000
490	0	0.000000	0.000000	0.000000	-0.034000
491	1	0.000000	0.000000	0.000000	-0.034000
492	1	0.000000	0.134000	0.000000	-0.168000
493	1	0.000000	0.000000	0.000000	-0.168000
494	1	0.000000	0.000000	0.000000	-0.168000
495	0	0.000000	0.000000	0.000000	-0.034000
496	1	0.000000	0.133000	0.000000	-0.167000
497	1	0.000000	0.000000	0.000000	-0.167000
498	1	0.000000	0.000000	0.000000	-0.167000
499	0	0.000000	0.000000	0.000000	-0.034000
500	1	0.000000	0.000000	0.000000	-0.034000
501	1	0.000000	0.167000	0.000000	-0.201000
502	0	0.000000	0.000000	0.000000	-0.034000
503	0	0.000000	0.000000	0.000000	-0.034000
504	1	0.000000	0.000000	0.000000	-0.034000
505	1	0.000000	0.000000	0.000000	-0.034000
506	1	0.000000	0.166000	0.000000	-0.200000
507	1	0.000000	0.000000	0.000000	-0.200000
508	1	0.000000	0.000000	0.000000	-0.200000
509	1	0.000000	0.000000	0.000000	-0.200000
510	1	0.000000	0.000000	0.000000	-0.200000
511	1	0.000000	0.167000	0.000000	-0.367000
512	1	0.000000	0.000000	0.000000	-0.367000
513	0	0.000000	0.000000	0.000000	-0.034000
514	1	0.000000	0.000000	0.000000	-0.034000
515	1	0.000000	0.000000	0.000000	-0.034000
516	1	0.000000	0.167000	0.000000	-0.201000
517	0	0.000000	0.000000	0.000000	-0.034000
518	1	0.000000	0.000000	0.000000	-0.034000
519	1	0.000000	0.000000	0.000000	-0.034000
520	0	0.000000	0.000000	0.000000	-0.034000
521	1	0.000000	0.166000	0.000000	-0.200000
522	0	0.000000	0.000000	0.000000	-0.034000
523	1	0.000000	0.000000	0.000000	-0.034000
524	1	0.000000	0.000000	0.000000	-0.034000
525	0	0.000000	0.000000	0.000000	-0.034000
526	0	0.000000	0.167000	0.167000	-0.034000
527	1	0.000000	0.000000	0.000000	-0.034000
528	0	0.000000	0.000000	0.000000	-0.034000
529	1	0.000000	0.000000	0.000000	-0.034000
530	1	0.000000	0.000000	0.000000	-0.034000
531	0	0.000000	0.167000	0.000000	-0.034000
532	1	0.000000	0.000000	0.000000	-0.034000
533	1	0.000000	0.000000	0.000000	-0.034000
534	1	0.000000	0.000000	0.000000	-0.034000
535	0	0.000000	0.000000	0.000000	-0.034000
536	0	0.000000	0.166000	0.166000	-0.034000
537	1	0.000000	0.000000	0.000000	-0.034000
538	0	0.000000	0.000000	0.000000	-0.034000
539	1	0.000000	0.000000	0.000000	-0.034000
540	0	0.000000	0.000000	0.000000	-0.034000
541	0	0.000000	0.167000	0.167000	-0.034000
542	1	0.000000	0.000000	0.000000	-0.034000
543	0	0.000000	0.000000	0.000000	-0.034000
544	1	0.000000	0.000000	0.000000	-0.034000
545	1	0.000000	0.000000	0.000000	-0.034000
546	0	0.000000	0.167000	0.000000	-0.034000
547	0	0.000000	0.000000	0.000000	-0.034000
548	0	0.000000	0.000000	0.000000	-0.034000
549	1	0.000000	0.000000	0.000000	-0.034000
550	0	0.000000	0.000000	0.000000	-0.034000
551	1	0.000000	0.166000	0.000000	-0.200000
552	0	0.000000	0.000000	0.000000	-0.034000
553	0	0.000000	0.000000	0.000000	-0.034000
554	1	0.000000	0.000000	0.000000	-0.034000
555	0	0.000000	0.000000	0.000000	-0.034000
556	1	0.000000	0.167000	0.000000	-0.201000
557	0	0.000000	0.000000	0.000000	-0.034000
558	1	0.000000	0.000000	0.000000	-0.034000
559	1	0.000000	0.000000	0.000000	-0.034000
560	1	0.000000	0.000000	0.000000	-0.034000
561	1	0.000000	0.167000	0.000000	-0.201000
562	1	0.000000	0.000000	0.000000	-0.201000
563	1	0.000000	0.000000	0.000000	-0.201000
564	1	0.000000	0.000000	0.000000	-0.201000
565	0	0.000000	0.000000	0.000000	-0.034000
566	1	0.000000	0.166000	0.000000	-0.200000
567	1	0.000000	0.000000	0.000000	-0.200000
568	0	0.000000	0.000000	0.000000	-0.034000
569	0	0.000000	0.000000	0.000000	-0.034000
570	1	0.000000	0.000000	0.000000	-0.034000
571	1	0.000000	0.167000	0.000000	-0.201000
572	1	0.000000	0.000000	0.000000	-0.201000
573	0	0.000000	0.000000	0.000000	-0.034000
574	1	0.000000	0.000000	0.000000	-0.034000
575	0	0.000000	0.000000	0.000000	-0.034000
576	0	0.000000	0.167000	0.167000	-0.034000
577	1	0.000000	0.000000	0.000000	-0.034000
578	1	0.000000	0.000000	0.000000	-0.034000
579	1	0.000000	0.000000	0.000000	-0.034000
580	0	0.000000	0.000000	0.000000	-0.034000
581	1	0.000000	0.166000	0.000000	-0.200000
582	0	0.000000	0.000000	0.000000	-0.034000
583	1	0.000000	0.000000	0.000000	-0.034000
584	0	0.000000	0.000000	0.000000	-0.034000
585	0	0.000000	0.000000	0.000000	-0.034000
586	0	0.000000	0.167000	0.167000	-0.034000
587	1	0.000000	0.000000	0.000000	-0.034000
588	1	0.000000	0.000000	0.000000	-0.034000
589	0	0.000000	0.000000	0.000000	-0.034000
590	1	0.000000	0.000000	0.000000	-0.034000
591	0	0.000000	0.167000	0.000000	-0.034000
592	0	0.000000	0.000000	0.000000	-0.034000
593	1	0.000000	0.000000	0.000000	-0.034000
594	1	0.000000	0.000000	0.000000	-0.034000
595	0	0.000000	0.000000	0.000000	-0.034000
596	1	0.000000	0.166000	0.000000	-0.200000
597	1	0.000000	0.000000	0.000000	-0.200000
598	0	0.000000	0.000000	0.000000	-0.034000
599	1	0.000000	0.000000	0.000000	-0.034000
600	1	0.000000	0.000000	0.000000	-0.034000
601	0	0.000000	0.000000	0.000000	-0.034000
602	1	0.000000	0.200000	0.000000	-0.234000
603	1	0.000000	0.000000	0.000000	-0.234000
604	1	0.000000	0.000000	0.000000	-0.234000
605	0	0.000000	0.000000	0.000000	-0.034000
606	0	0.000000	0.000000	0.000000	-0.034000
607	1	0.000000	0.000000	0.000000	-0.034000
608	0	0.000000	0.200000	0.000000	-0.034000
609	1	0.000000	0.000000	0.000000	-0.034000
610	1	0.000000	0.000000	0.000000	-0.034000
611	0	0.000000	0.000000	0.000000	-0.034000
612	0	0.000000	0.000000	0.000000	-0.034000
613	0	0.000000	0.000000	0.000000	-0.034000
614	1	0.000000	0.200000	0.000000	-0.234000
615	0	0.000000	0.000000	0.000000	-0.034000
616	1	0.000000	0.000000	0.000000	-0.034000
617	1	0.000000	0.000000	0.000000	-0.034000
618	0	0.000000	0.000000	0.000000	-0.034000
619	1	0.000000	0.000000	0.000000	-0.034000
620	1	0.000000	0.200000	0.000000	-0.234000
621	1	0.000000	0.000000	0.000000	-0.234000
622	0	0.000000	0.000000	0.000000	-0.034000
623	0	0.000000	0.000000	0.000000	-0.034000
624	0	0.000000	0.000000	0.000000	-0.034000
625	1	0.000000	0.000000	0.000000	-0.034000
626	1	0.000000	0.200000	0.000000	-0.234000
627	0	0.000000	0.000000	0.000000	-0.034000
628	0	0.000000	0.000000	0.000000	-0.034000
629	1	0.000000	0.000000	0.000000	-0.034000
630	1	0.000000	0.000000	0.000000	-0.034000
631	1	0.000000	0.000000	0.000000	-0.034000
632	1	0.000000	0.200000	0.000000	-0.234000
633	1	0.000000	0.000000	0.000000	-0.234000
634	1	0.000000	0.000000	0.000000	-0.234000
635	0	0.000000	0.000000	0.000000	-0.034000
636	1	0.000000	0.000000	0.000000	-0.034000
637	1	0.000000	0.000000	0.000000	-0.034000
638	1	0.000000	0.200000	0.000000	-0.234000
639	1	0.000000	0.000000	0.000000	-0.234000
640	1	0.000000	0.000000	0.000000	-0.234000
641	0	0.000000	0.000000	0.000000	-0.034000
642	1	0.000000	0.000000	0.000000	-0.034000
643	0	0.000000	0.000000	0.000000	-0.034000
644	0	0.000000	0.200000	0.200000	-0.034000
645	1	0.000000	0.000000	0.000000	-0.034000
646	1	0.000000	0.000000	0.000000	-0.034000
647	0	0.000000	0.000000	0.000000	-0.034000
648	1	0.000000	0.000000	0.000000	-0.034000
649	0	0.000000	0.000000	0.000000	-0.034000
650	0	0.000000	0.200000	0.200000	-0.034000
651	0	0.000000	0.000000	0.000000	-0.034000
652	1	0.000000	0.000000	0.000000	-0.034000
653	1	0.000000	0.000000	0.000000	-0.034000
654	1	0.000000	0.000000	0.000000	-0.034000
655	1	0.000000	0.000000	0.000000	-0.034000
656	0	0.000000	0.200000	0.000000	-0.034000
657	1	0.000000	0.000000	0.000000	-0.034000
658	1	0.000000	0.000000	0.000000	-0.034000
659	1	0.000000	0.000000	0.000000	-0.034000
660	1	0.000000	0.000000	0.000000	-0.034000
661	0	0.000000	0.000000	0.000000	-0.034000
662	1	0.000000	0.200000	0.000000	-0.234000
663	1	0.000000	0.000000	0.000000	-0.234000
664	0	0.000000	0.000000	0.000000	-0.034000
665	0	0.000000	0.000000	0.000000	-0.034000
666	0	0.000000	0.000000	0.000000	-0.034000
667	0	0.000000	0.000000	0.000000	-0.034000
668	1	0.000000	0.200000	0.000000	-0.234000
669	1	0.000000	0.000000	0.000000	-0.234000
670	1	0.000000	0.000000	0.000000	-0.234000
671	0	0.000000	0.000000	0.000000	-0.034000
672	0	0.000000	0.000000	0.000000	-0.034000
673	1	0.000000	0.000000	0.000000	-0.034000
674	0	0.000000	0.200000	0.000000	-0.034000
675	0	0.000000	0.000000	0.000000	-0.034000
676	0	0.000000	0.000000	0.000000	-0.034000
677	1	0.000000	0.000000	0.000000	-0.034000
678	0	0.000000	0.000000	0.000000	-0.034000
679	0	0.000000	0.000000	0.000000	-0.034000
680	1	0.000000	0.200000	0.000000	-0.234000
681	0	0.000000	0.000000	0.000000	-0.034000
682	0	0.000000	0.000000	0.000000	-0.034000
683	1	0.000000	0.000000	0.000000	-0.034000
684	0	0.000000	0.000000	0.000000	-0.034000
685	0	0.000000	0.000000	0.000000	-0.034000
686	0	0.000000	0.200000	0.200000	-0.034000
687	1	0.000000	0.000000	0.000000	-0.034000
688	0	0.000000	0.000000	0.000000	-0.034000
689	0	0.000000	0.000000	0.000000	-0.034000
690	1	0.000000	0.000000	0.000000	-0.034000
691	1	0.000000	0.000000	0.000000	-0.034000
692	1	0.000000	0.200000	0.000000	-0.234000
693	1	0.000000	0.000000	0.000000	-0.234000
694	1	0.000000	0.000000	0.000000	-0.234000
695	1	0.000000	0.000000	0.000000	-0.234000
696	1	0.000000	0.000000	0.000000	-0.234000
697	1	0.000000	0.000000	0.000000	-0.234000
698	1	0.000000	0.002000	0.000000	-0.236000
699	1	0.000000	0.232000	0.000000	-0.468000
700	0	0.000000	0.000000	0.000000	-0.034000
701	1	0.000000	0.000000	0.000000	-0.034000
702	1	0.000000	0.000000	0.000000	-0.034000
703	0	0.000000	0.000000	0.000000	-0.034000
704	1	0.000000	0.000000	0.000000	-0.034000
705	0	0.000000	0.000000	0.000000	-0.034000
706	0	0.000000	0.233000	0.233000	-0.034000
707	1	0.000000	0.000000	0.000000	-0.034000
708	0	0.000000	0.000000	0.000000	-0.034000
709	1	0.000000	0.000000	0.000000	-0.034000
710	1	0.000000	0.000000	0.000000	-0.034000
711	0	0.000000	0.000000	0.000000	-0.034000
712	0	0.000000	0.000000	0.000000	-0.034000
713	0	0.000000	0.233000	0.233000	-0.034000
714	1	0.000000	0.000000	0.000000	-0.034000
715	1	0.000000	0.000000	0.000000	-0.034000
716	0	0.000000	0.000000	0.000000	-0.034000
717	1	0.000000	0.000000	0.000000	-0.034000
718	1	0.000000	0.000000	0.000000	-0.034000
719	1	0.000000	0.000000	0.000000	-0.034000
720	1	0.000000	0.234000	0.000000	-0.268000
721	0	0.000000	0.000000	0.000000	-0.034000
722	0	0.000000	0.000000	0.000000	-0.034000
723	1	0.000000	0.000000	0.000000	-0.034000
724	0	0.000000	0.000000	0.000000	-0.034000
725	1	0.000000	0.000000	0.000000	-0.034000
726	0	0.000000	0.000000	0.000000	-0.034000
727	1	0.000000	0.233000	0.000000	-0.267000
728	0	0.000000	0.000000	0.000000	-0.034000
729	1	0.000000	0.000000	0.000000	-0.034000
730	1	0.000000	0.000000	0.000000	-0.034000
731	1	0.000000	0.000000	0.000000	-0.034000
732	1	0.000000	0.000000	0.000000	-0.034000
733	1	0.000000	0.000000	0.000000	-0.034000
734	1	0.000000	0.233000	0.000000	-0.267000
735	0	0.000000	0.000000	0.000000	-0.034000
736	0	0.000000	0.000000	0.000000	-0.034000
737	1	0.000000	0.000000	0.000000	-0.034000
738	1	0.000000	0.000000	0.000000	-0.034000
739	0	0.000000	0.000000	0.000000	-0.034000
740	0	0.000000	0.000000	0.000000	-0.034000
741	1	0.000000	0.234000	0.000000	-0.268000
742	1	0.000000	0.000000	0.000000	-0.268000
743	0	0.000000	0.000000	0.000000	-0.034000
744	1	0.000000	0.000000	0.000000	-0.034000
745	0	0.000000	0.000000	0.000000	-0.034000
746	1	0.000000	0.000000	0.000000	-0.034000
747	0	0.000000	0.000000	0.000000	-0.034000
748	0	0.000000	0.233000	0.233000	-0.034000
749	1	0.000000	0.000000	0.000000	-0.034000
750	1	0.000000	0.000000	0.000000	-0.034000
751	1	0.000000	0.000000	0.000000	-0.034000
752	1	0.000000	0.000000	0.000000	-0.034000
753	1	0.000000	0.000000	0.000000	-0.034000
754	0	0.000000	0.000000	0.000000	-0.034000
755	1	0.000000	0.233000	0.000000	-0.267000
756	0	0.000000	0.000000	0.000000	-0.034000
757	0	0.000000	0.000000	0.000000	-0.034000
758	0	0.000000	0.000000	0.000000	-0.034000
759	0	0.000000	0.000000	0.000000	-0.034000
760	1	0.000000	0.000000	0.000000	-0.034000
761	1	0.000000	0.000000	0.000000	-0.034000
762	1	0.000000	0.234000	0.000000	-0.268000
763	0	0.000000	0.000000	0.000000	-0.034000
764	0	0.000000	0.000000	0.000000	-0.034000
765	1	0.000000	0.000000	0.000000	-0.034000
766	1	0.000000	0.000000	0.000000	-0.034000
767	1	0.000000	0.000000	0.000000	-0.034000
768	1	0.000000	0.000000	0.000000	-0.034000
769	1	0.000000	0.233000	0.000000	-0.267000
770	0	0.000000	0.000000	0.000000	-0.034000
771	0	0.000000	0.000000	0.000000	-0.034000
772	1	0.000000	0.000000	0.000000	-0.034000
773	1	0.000000	0.000000	0.000000	-0.034000
774	1	0.000000	0.000000	0.000000	-0.034000
775	0	0.000000	0.000000	0.000000	-0.034000
776	1	0.000000	0.233000	0.000000	-0.267000
777	1	0.000000	0.000000	0.000000	-0.267000
778	1	0.000000	0.000000	0.000000	-0.267000
779	1	0.000000	0.000000	0.000000	-0.267000
780	1	0.000000	0.000000	0.000000	-0.267000
781	1	0.000000	0.000000	0.000000	-0.267000
782	1	0.000000	0.000000	0.000000	-0.267000
783	1	0.000000	0.234000	0.000000	-0.501000
784	0	0.000000	0.000000	0.000000	-0.034000
785	1	0.000000	0.000000	0.000000	-0.034000
786	0	0.000000	0.000000	0.000000	-0.034000
787	1	0.000000	0.000000	0.000000	-0.034000
788	0	0.000000	0.000000	0.000000	-0.034000
789	1	0.000000	0.000000	0.000000	-0.034000
790	1	0.000000	0.233000	0.000000	-0.267000
791	1	0.000000	0.000000	0.000000	-0.267000
792	0	0.000000	0.000000	0.000000	-0.034000
793	0	0.000000	0.000000	0.000000	-0.034000
794	1	0.000000	0.000000	0.000000	-0.034000
795	1	0.000000	0.000000	0.000000	-0.034000
796	1	0.000000	0.000000	0.000000	-0.034000
797	1	0.000000	0.233000	0.000000	-0.267000
798	1	0.000000	0.000000	0.000000	-0.267000
799	1	0.000000	0.000000	0.000000	-0.267000
800	1	0.000000	0.000000	0.000000	-0.267000
801	1	0.000000	0.000000	0.000000	-0.267000
802	0	0.000000	0.000000	0.000000	-0.034000
803	0	0.000000	0.000000	0.000000	-0.034000
804	1	0.000000	0.000000	0.000000	-0.034000
805	1	0.000000	0.267000	0.000000	-0.301000
806	1	0.000000	0.000000	0.000000	-0.301000
807	0	0.000000	0.000000	0.000000	-0.034000
808	0	0.000000	0.000000	0.000000	-0.034000
809	0	0.000000	0.000000	0.000000	-0.034000
810	1	0.000000	0.000000	0.000000	-0.034000
811	1	0.000000	0.000000	0.000000	-0.034000
812	1	0.000000	0.000000	0.000000	-0.034000
813	0	0.000000	0.267000	0.000000	-0.034000
814	1	0.000000	0.000000	0.000000	-0.034000
815	1	0.000000	0.000000	0.000000	-0.034000
816	1	0.000000	0.000000	0.000000	-0.034000
817	0	0.000000	0.000000	0.000000	-0.034000
818	1	0.000000	0.000000	0.000000	-0.034000
819	0	0.000000	0.000000	0.000000	-0.034000
820	0	0.000000	0.000000	0.000000	-0.034000
821	1	0.000000	0.266000	0.000000	-0.300000
822	0	0.000000	0.000000	0.000000	-0.034000
823	1	0.000000	0.000000	0.000000	-0.034000
824	1	0.000000	0.000000	0.000000	-0.034000
825	1	0.000000	0.000000	0.000000	-0.034000
826	1	0.000000	0.000000	0.000000	-0.034000
827	1	0.000000	0.000000	0.000000	-0.034000
828	1	0.000000	0.001000	0.000000	-0.035000
829	1	0.000000	0.266000	0.000000	-0.301000
830	0	0.000000	0.000000	0.000000	-0.034000
831	1	0.000000	0.000000	0.000000	-0.034000
832	0	0.000000	0.000000	0.000000	-0.034000
833	0	0.000000	0.000000	0.000000	-0.034000
834	0	0.000000	0.000000	0.000000	-0.034000
835	1	0.000000	0.000000	0.000000	-0.034000
836	0	0.000000	0.000000	0.000000	-0.034000
837	1	0.000000	0.267000	0.000000	-0.301000
838	1	0.000000	0.000000	0.000000	-0.301000
839	1	0.000000	0.000000	0.000000	-0.301000
840	1	0.000000	0.000000	0.000000	-0.301000
841	0	0.000000	0.000000	0.000000	-0.034000
842	1	0.000000	0.000000	0.000000	-0.034000
843	0	0.000000	0.000000	0.000000	-0.034000
844	1	0.000000	0.000000	0.000000	-0.034000
845	1	0.000000	0.266000	0.000000	-0.300000
846	1	0.000000	0.000000	0.000000	-0.300000
847	0	0.000000	0.000000	0.000000	-0.034000
848	1	0.000000	0.000000	0.000000	-0.034000
849	1	0.000000	0.000000	0.000000	-0.034000
850	0	0.000000	0.000000	0.000000	-0.034000
851	1	0.000000	0.000000	0.000000	-0.034000
852	0	0.000000	0.001000	0.000000	-0.034000
853	1	0.000000	0.266000	0.000000	-0.300000
854	0	0.000000	0.000000	0.000000	-0.034000
855	0	0.000000	0.000000	0.000000	-0.034000
856	1	0.000000	0.000000	0.000000	-0.034000
857	1	0.000000	0.000000	0.000000	-0.034000
858	0	0.000000	0.000000	0.000000	-0.034000
859	0	0.000000	0.000000	0.000000	-0.034000
860	1	0.000000	0.000000	0.000000	-0.034000
861	1	0.000000	0.267000	0.000000	-0.301000
862	1	0.000000	0.000000	0.000000	-0.301000
863	0	0.000000	0.000000	0.000000	-0.034000
864	0	0.000000	0.000000	0.000000	-0.034000
865	0	0.000000	0.000000	0.000000	-0.034000
866	1	0.000000	0.000000	0.000000	-0.034000
867	1	0.000000	0.000000	0.000000	-0.034000
868	0	0.000000	0.000000	0.000000	-0.034000
869	0	0.000000	0.266000	0.266000	-0.034000
870	1	0.000000	0.000000	0.000000	-0.034000
871	0	0.000000	0.000000	0.000000	-0.034000
872	0	0.000000	0.000000	0.000000	-0.034000
873	1	0.000000	0.000000	0.000000	-0.034000
874	1	0.000000	0.000000	0.000000	-0.034000
875	1	0.000000	0.001000	0.000000	-0.035000
876	0	0.000000	0.000000	0.000000	-0.034000
877	0	0.000000	0.266000	0.266000	-0.034000
878	1	0.000000	0.000000	0.000000	-0.034000
879	1	0.000000	0.000000	0.000000	-0.034000
880	1	0.000000	0.000000	0.000000	-0.034000
881	1	0.000000	0.000000	0.000000	-0.034000
882	0	0.000000	0.000000	0.000000	-0.034000
883	1	0.000000	0.000000	0.000000	-0.034000
884	1	0.000000	0.000000	0.000000	-0.034000
885	1	0.000000	0.267000	0.000000	-0.301000
886	0	0.000000	0.000000	0.000000	-0.034000
887	1	0.000000	0.000000	0.000000	-0.034000
888	0	0.000000	0.000000	0.000000	-0.034000
889	0	0.000000	0.000000	0.000000	-0.034000
890	1	0.000000	0.000000	0.000000	-0.034000
891	1	0.000000	0.000000	0.000000	-0.034000
892	1	0.000000	0.000000	0.000000	-0.034000
893	1	0.000000	0.266000	0.000000	-0.300000
894	1	0.000000	0.000000	0.000000	-0.300000
895	0	0.000000	0.000000	0.000000	-0.034000
896	1	0.000000	0.000000	0.000000	-0.034000
897	0	0.000000	0.000000	0.000000	-0.034000
898	1	0.000000	0.000000	0.000000	-0.034000
899	1	0.000000	0.000000	0.000000	-0.034000
900	1	0.000000	0.001000	0.000000	-0.035000
901	1	0.000000	0.000000	0.000000	-0.035000
902	1	0.000000	0.299000	0.000000	-0.334000
903	0	0.000000	0.000000	0.000000	-0.034000
904	1	0.000000	0.000000	0.000000	-0.034000
905	0	0.000000	0.000000	0.000000	-0.034000
906	1	0.000000	0.000000	0.000000	-0.034000
907	0	0.000000	0.000000	0.000000	-0.034000
908	1	0.000000	0.000000	0.000000	-0.034000
909	0	0.000000	0.000000	0.000000	-0.034000
910	0	0.000000	0.001000	0.001000	-0.034000
911	0	0.000000	0.299000	0.299000	-0.034000
912	1	0.000000	0.000000	0.000000	-0.034000
913	0	0.000000	0.000000	0.000000	-0.034000
914	1	0.000000	0.000000	0.000000	-0.034000
915	1	0.000000	0.000000	0.000000	-0.034000
916	1	0.000000	0.000000	0.000000	-0.034000
917	1	0.000000	0.000000	0.000000	-0.034000
918	1	0.000000	0.000000	0.000000	-0.034000
919	0	0.000000	0.001000	0.000000	-0.034000
920	1	0.000000	0.299000	0.000000	-0.333000
921	1	0.000000	0.000000	0.000000	-0.333000
922	1	0.000000	0.000000	0.000000	-0.333000
923	1	0.000000	0.000000	0.000000	-0.333000
924	1	0.000000	0.000000	0.000000	-0.333000
925	1	0.000000	0.001000	0.000000	-0.334000
926	0	0.000000	0.000000	0.000000	-0.034000
927	0	0.000000	0.000000	0.000000	-0.034000
928	1	0.000000	0.000000	0.000000	-0.034000
929	1	0.000000	0.299000	0.000000	-0.333000
930	1	0.000000	0.000000	0.000000	-0.333000
931	1	0.000000	0.000000	0.000000	-0.333000
932	1	0.000000	0.000000	0.000000	-0.333000
933	0	0.000000	0.000000	0.000000	-0.034000
934	1	0.000000	0.000000	0.000000	-0.034000
935	1	0.000000	0.001000	0.000000	-0.035000
936	0	0.000000	0.000000	0.000000	-0.034000
937	0	0.000000	0.000000	0.000000	-0.034000
938	1	0.000000	0.299000	0.000000	-0.333000
939	1	0.000000	0.000000	0.000000	-0.333000
940	1	0.000000	0.000000	0.000000	-0.333000
941	1	0.000000	0.000000	0.000000	-0.333000
942	0	0.000000	0.000000	0.000000	-0.034000
943	1	0.000000	0.000000	0.000000	-0.034000
944	0	0.000000	0.000000	0.000000	-0.034000
945	0	0.000000	0.000000	0.000000	-0.034000
946	0	0.000000	0.000000	0.000000	-0.034000
947	1	0.000000	0.300000	0.000000	-0.334000
948	1	0.000000	0.000000	0.000000	-0.334000
949	0	0.000000	0.000000	0.000000	-0.034000
950	0	0.000000	0.000000	0.000000	-0.034000
951	1	0.000000	0.000000	0.000000	-0.034000
952	1	0.000000	0.000000	0.000000	-0.034000
953	0	0.000000	0.000000	0.000000	-0.034000
954	0	0.000000	0.000000	0.000000	-0.034000
955	1	0.000000	0.001000	0.000000	-0.035000
956	1	0.000000	0.299000	0.000000	-0.334000
957	1	0.000000	0.000000	0.000000	-0.334000
958	1	0.000000	0.000000	0.000000	-0.334000
959	1	0.000000	0.000000	0.000000	-0.334000
960	1	0.000000	0.000000	0.000000	-0.334000
961	1	0.000000	0.000000	0.000000	-0.334000
962	1	0.000000	0.000000	0.000000	-0.334000
963	1	0.000000	0.001000	0.000000	-0.335000
964	0	0.000000	0.000000	0.000000	-0.034000
965	1	0.000000	0.299000	0.000000	-0.333000
966	0	0.000000	0.000000	0.000000	-0.034000
967	1	0.000000	0.000000	0.000000	-0.034000
968	0	0.000000	0.000000	0.000000	-0.034000
969	0	0.000000	0.000000	0.000000	-0.034000
970	1	0.000000	0.000000	0.000000	-0.034000
971	1	0.000000	0.000000	0.000000	-0.034000
972	1	0.000000	0.000000	0.000000	-0.034000
973	1	0.000000	0.001000	0.000000	-0.035000
974	1	0.000000	0.299000	0.000000	-0.334000
975	1	0.000000	0.000000	0.000000	-0.334000
976	1	0.000000	0.000000	0.000000	-0.334000
977	0	0.000000	0.000000	0.000000	-0.034000
978	1	0.000000	0.000000	0.000000	-0.034000
979	1	0.000000	0.000000	0.000000	-0.034000
980	1	0.000000	0.000000	0.000000	-0.034000
981	1	0.000000	0.000000	0.000000	-0.034000
982	0	0.000000	0.001000	0.000000	-0.034000
983	0	0.000000	0.299000	0.299000	-0.034000
984	1	0.000000	0.000000	0.000000	-0.034000
985	1	0.000000	0.000000	0.000000	-0.034000
986	1	0.000000	0.000000	0.000000	-0.034000
987	0	0.000000	0.000000	0.000000	-0.034000
988	0	0.000000	0.000000	0.000000	-0.034000
989	1	0.000000	0.000000	0.000000	-0.034000
990	1	0.000000	0.001000	0.000000	-0.035000
991	1	0.000000	0.000000	0.000000	-0.035000
992	0	0.000000	0.299000	0.000000	-0.034000
993	0	0.000000	0.000000	0.000000	-0.034000
994	1	0.000000	0.000000	0.000000	-0.034000
995	1	0.000000	0.000000	0.000000	-0.034000
996	1	0.000000	0.000000	0.000000	-0.034000
997	1	0.000000	0.000000	0.000000	-0.034000
998	1	0.000000	0.000000	0.000000	-0.034000
999	0	0.000000	0.001000	0.000000	-0.034000
1000	1	0.000000	0.000000	0.000000	-0.034000
1001	0	0.000000	0.000000	0.000000	-0.034000
1002	1	0.000000	0.333000	0.000000	-0.367000
1003	0	0.000000	0.000000	0.000000	-0.034000
1004	1	0.000000	0.000000	0.000000	-0.034000
1005	1	0.000000	0.000000	0.000000	-0.034000
1006	1	0.000000	0.000000	0.000000	-0.034000
1007	1	0.000000	0.000000	0.000000	-0.034000
1008	0	0.000000	0.000000	0.000000	-0.034000
1009	1	0.000000	0.000000	0.000000	-0.034000
1010	1	0.000000	0.000000	0.000000	-0.034000
1011	1	0.000000	0.000000	0.000000	-0.034000
1012	1	0.000000	0.333000	0.000000	-0.367000
1013	1	0.000000	0.000000	0.000000	-0.367000
1014	1	0.000000	0.000000	0.000000	-0.367000
1015	0	0.000000	0.000000	0.000000	-0.034000
1016	0	0.000000	0.000000	0.000000	-0.034000
1017	1	0.000000	0.000000	0.000000	-0.034000
1018	0	0.000000	0.000000	0.000000	-0.034000
1019	1	0.000000	0.000000	0.000000	-0.034000
1020	1	0.000000	0.000000	0.000000	-0.034000
1021	1	0.000000	0.000000	0.000000	-0.034000
1022	1	0.000000	0.333000	0.000000	-0.367000
1023	1	0.000000	0.000000	0.000000	-0.367000
1024	0	0.000000	0.000000	0.000000	-0.034000
1025	0	0.000000	0.000000	0.000000	-0.034000
1026	1	0.000000	0.000000	0.000000	-0.034000
1027	0	0.000000	0.000000	0.000000	-0.034000
1028	1	0.000000	0.000000	0.000000	-0.034000
1029	0	0.000000	0.001000	0.000000	-0.034000
1030	1	0.000000	0.000000	0.000000	-0.034000
1031	1	0.000000	0.000000	0.000000	-0.034000
1032	1	0.000000	0.333000	0.000000	-0.367000
1033	1	0.000000	0.000000	0.000000	-0.367000
1034	0	0.000000	0.000000	0.000000	-0.034000
1035	1	0.000000	0.000000	0.000000	-0.034000
1036	1	0.000000	0.000000	0.000000	-0.034000
1037	0	0.000000	0.000000	0.000000	-0.034000
1038	1	0.000000	0.000000	0.000000	-0.034000
1039	1	0.000000	0.000000	0.000000	-0.034000
1040	1	0.000000	0.000000	0.000000	-0.034000
1041	0	0.000000	0.000000	0.000000	-0.034000
1042	1	0.000000	0.333000	0.000000	-0.367000
1043	1	0.000000	0.000000	0.000000	-0.367000
1044	1	0.000000	0.000000	0.000000	-0.367000
1045	1	0.000000	0.000000	0.000000	-0.367000
1046	1	0.000000	0.000000	0.000000	-0.367000
1047	1	0.000000	0.000000	0.000000	-0.367000
1048	0	0.000000	0.000000	0.000000	-0.034000
1049	1	0.000000	0.000000	0.000000	-0.034000
1050	1	0.000000	0.000000	0.000000	-0.034000
1051	1	0.000000	0.000000	0.000000	-0.034000
1052	1	0.000000	0.333000	0.000000	-0.367000
1053	1	0.000000	0.000000	0.000000	-0.367000
1054	1	0.000000	0.000000	0.000000	-0.367000
1055	0	0.000000	0.000000	0.000000	-0.034000
1056	0	0.000000	0.000000	0.000000	-0.034000
1057	0	0.000000	0.000000	0.000000	-0.034000
1058	1	0.000000	0.000000	0.000000	-0.034000
1059	0	0.000000	0.000000	0.000000	-0.034000
1060	0	0.000000	0.001000	0.001000	-0.034000
1061	0	0.000000	0.000000	0.000000	-0.034000
1062	1	0.000000	0.333000	0.000000	-0.367000
1063	1	0.000000	0.000000	0.000000	-0.367000
1064	0	0.000000	0.000000	0.000000	-0.034000
1065	0	0.000000	0.000000	0.000000	-0.034000
1066	0	0.000000	0.000000	0.000000	-0.034000
1067	1	0.000000	0.000000	0.000000	-0.034000
1068	1	0.000000	0.000000	0.000000	-0.034000
1069	1	0.000000	0.000000	0.000000	-0.034000
1070	1	0.000000	0.000000	0.000000	-0.034000
1071	1	0.000000	0.000000	0.000000	-0.034000
1072	0	0.000000	0.333000	0.000000	-0.034000
1073	0	0.000000	0.000000	0.000000	-0.034000
1074	0	0.000000	0.000000	0.000000	-0.034000
1075	1	0.000000	0.000000	0.000000	-0.034000
1076	0	0.000000	0.000000	0.000000	-0.034000
1077	0	0.000000	0.000000	0.000000	-0.034000
1078	1	0.000000	0.000000	0.000000	-0.034000
1079	0	0.000000	0.000000	0.000000	-0.034000
1080	1	0.000000	0.000000	0.000000	-0.034000
1081	0	0.000000	0.000000	0.000000	-0.034000
1082	1	0.000000	0.333000	0.000000	-0.367000
1083	1	0.000000	0.000000	0.000000	-0.367000
1084	1	0.000000	0.000000	0.000000	-0.367000
1085	1	0.000000	0.000000	0.000000	-0.367000
1086	0	0.000000	0.000000	0.000000	-0.034000
1087	1	0.000000	0.000000	0.000000	-0.034000
1088	1	0.000000	0.000000	0.000000	-0.034000
1089	0	0.000000	0.000000	0.000000	-0.034000
1090	0	0.000000	0.001000	0.001000	-0.034000
1091	1	0.000000	0.000000	0.000000	-0.034000
1092	1	0.000000	0.333000	0.000000	-0.367000
1093	1	0.000000	0.000000	0.000000	-0.367000
1094	1	0.000000	0.000000	0.000000	-0.367000
1095	1	0.000000	0.000000	0.000000	-0.367000
1096	1	0.000000	0.000000	0.000000	-0.367000
1097	1	0.000000	0.000000	0.000000	-0.367000
1098	0	0.000000	0.000000	0.000000	-0.034000
1099	1	0.000000	0.000000	0.000000	-0.034000
1100	1	0.000000	0.000000	0.000000	-0.034000
1101	0	0.000000	0.000000	0.000000	-0.034000
1102	1	0.000000	0.000000	0.000000	-0.034000
1103	1	0.000000	0.366000	0.000000	-0.400000
1104	1	0.000000	0.000000	0.000000	-0.400000
1105	1	0.000000	0.000000	0.000000	-0.400000
1106	0	0.000000	0.000000	0.000000	-0.034000
1107	1	0.000000	0.000000	0.000000	-0.034000
1108	0	0.000000	0.000000	0.000000	-0.034000
1109	1	0.000000	0.001000	0.000000	-0.035000
1110	1	0.000000	0.000000	0.000000	-0.035000
1111	1	0.000000	0.000000	0.000000	-0.035000
1112	0	0.000000	0.000000	0.000000	-0.034000
1113	0	0.000000	0.000000	0.000000	-0.034000
1114	1	0.000000	0.366000	0.000000	-0.400000
1115	0	0.000000	0.000000	0.000000	-0.034000
1116	1	0.000000	0.000000	0.000000	-0.034000
1117	1	0.000000	0.000000	0.000000	-0.034000
1118	0	0.000000	0.000000	0.000000	-0.034000
1119	0	0.000000	0.000000	0.000000	-0.034000
1120	1	0.000000	0.000000	0.000000	-0.034000
1121	1	0.000000	0.000000	0.000000	-0.034000
1122	0	0.000000	0.000000	0.000000	-0.034000
1123	0	0.000000	0.000000	0.000000	-0.034000
1124	0	0.000000	0.000000	0.000000	-0.034000
1125	1	0.000000	0.367000	0.000000	-0.401000
1126	0	0.000000	0.000000	0.000000	-0.034000
1127	1	0.000000	0.000000	0.000000	-0.034000
1128	0	0.000000	0.000000	0.000000	-0.034000
1129	0	0.000000	0.000000	0.000000	-0.034000
1130	1	0.000000	0.000000	0.000000	-0.034000
1131	1	0.000000	0.000000	0.000000	-0.034000
1132	0	0.000000	0.000000	0.000000	-0.034000
1133	1	0.000000	0.000000	0.000000	-0.034000
1134	1	0.000000	0.000000	0.000000	-0.034000
1135	0	0.000000	0.000000	0.000000	-0.034000
1136	1	0.000000	0.366000	0.000000	-0.400000
1137	1	0.000000	0.000000	0.000000	-0.400000
1138	0	0.000000	0.000000	0.000000	-0.034000
1139	0	0.000000	0.000000	0.000000	-0.034000
1140	1	0.000000	0.000000	0.000000	-0.034000
1141	1	0.000000	0.000000	0.000000	-0.034000
1142	1	0.000000	0.001000	0.000000	-0.035000
1143	0	0.000000	0.000000	0.000000	-0.034000
1144	1	0.000000	0.000000	0.000000	-0.034000
1145	1	0.000000	0.000000	0.000000	-0.034000
1146	1	0.000000	0.000000	0.000000	-0.034000
1147	1	0.000000	0.366000	0.000000	-0.400000
1148	0	0.000000	0.000000	0.000000	-0.034000
1149	0	0.000000	0.000000	0.000000	-0.034000
1150	1	0.000000	0.000000	0.000000	-0.034000
1151	0	0.000000	0.000000	0.000000	-0.034000
1152	1	0.000000	0.000000	0.000000	-0.034000
1153	1	0.000000	0.000000	0.000000	-0.034000
1154	1	0.000000	0.000000	0.000000	-0.034000
1155	1	0.000000	0.000000	0.000000	-0.034000
1156	1	0.000000	0.000000	0.000000	-0.034000
1157	1	0.000000	0.000000	0.000000	-0.034000
1158	1	0.000000	0.367000	0.000000	-0.401000
1159	1	0.000000	0.000000	0.000000	-0.401000
1160	0	0.000000	0.000000	0.000000	-0.034000
1161	0	0.000000	0.000000	0.000000	-0.034000
1162	1	0.000000	0.000000	0.000000	-0.034000
1163	1	0.000000	0.000000	0.000000	-0.034000
1164	1	0.000000	0.000000	0.000000	-0.034000
1165	1	0.000000	0.000000	0.000000	-0.034000
1166	1	0.000000	0.000000	0.000000	-0.034000
1167	0	0.000000	0.000000	0.000000	-0.034000
1168	1	0.000000	0.000000	0.000000	-0.034000
1169	1	0.000000	0.366000	0.000000	-0.400000
1170	1	0.000000	0.000000	0.000000	-0.400000
1171	1	0.000000	0.000000	0.000000	-0.400000
1172	1	0.000000	0.000000	0.000000	-0.400000
1173	0	0.000000	0.000000	0.000000	-0.034000
1174	1	0.000000	0.000000	0.000000	-0.034000
1175	1	0.000000	0.001000	0.000000	-0.035000
1176	0	0.000000	0.000000	0.000000	-0.034000
1177	0	0.000000	0.000000	0.000000	-0.034000
1178	0	0.000000	0.000000	0.000000	-0.034000
1179	0	0.000000	0.000000	0.000000	-0.034000
1180	1	0.000000	0.366000	0.000000	-0.400000
1181	1	0.000000	0.000000	0.000000	-0.400000
1182	1	0.000000	0.000000	0.000000	-0.400000
1183	0	0.000000	0.000000	0.000000	-0.034000
1184	1	0.000000	0.000000	0.000000	-0.034000
1185	1	0.000000	0.000000	0.000000	-0.034000
1186	1	0.000000	0.000000	0.000000	-0.034000
1187	0	0.000000	0.000000	0.000000	-0.034000
1188	0	0.000000	0.000000	0.000000	-0.034000
1189	1	0.000000	0.000000	0.000000	-0.034000
1190	0	0.000000	0.000000	0.000000	-0.034000
1191	1	0.000000	0.367000	0.000000	-0.401000
1192	1	0.000000	0.000000	0.000000	-0.401000
1193	0	0.000000	0.000000	0.000000	-0.034000
1194	0	0.000000	0.000000	0.000000	-0.034000
1195	0	0.000000	0.000000	0.000000	-0.034000
1196	1	0.000000	0.000000	0.000000	-0.034000
1197	0	0.000000	0.000000	0.000000	-0.034000
1198	0	0.000000	0.000000	0.000000	-0.034000
1199	0	0.000000	0.000000	0.000000	-0.034000
1200	1	0.000000	0.000000	0.000000	-0.034000
1201	0	0.000000	0.000000	0.000000	-0.034000
1202	1	0.000000	0.000000	0.000000	-0.034000
1203	1	0.000000	0.400000	0.000000	-0.434000
1204	1	0.000000	0.000000	0.000000	-0.434000
1205	1	0.000000	0.000000	0.000000	-0.434000
1206	1	0.000000	0.000000	0.000000	-0.434000
1207	0	0.000000	0.000000	0.000000	-0.034000
1208	1	0.000000	0.000000	0.000000	-0.034000
1209	1	0.000000	0.000000	0.000000	-0.034000
1210	1	0.000000	0.000000	0.000000	-0.034000
1211	1	0.000000	0.000000	0.000000	-0.034000
1212	0	0.000000	0.000000	0.000000	-0.034000
1213	0	0.000000	0.000000	0.000000	-0.034000
1214	0	0.000000	0.000000	0.000000	-0.034000
1215	1	0.000000	0.400000	0.000000	-0.434000
1216	1	0.000000	0.000000	0.000000	-0.434000
1217	1	0.000000	0.000000	0.000000	-0.434000
1218	1	0.000000	0.000000	0.000000	-0.434000
1219	1	0.000000	0.000000	0.000000	-0.434000
1220	0	0.000000	0.000000	0.000000	-0.034000
1221	0	0.000000	0.000000	0.000000	-0.034000
1222	0	0.000000	0.000000	0.000000	-0.034000
1223	1	0.000000	0.000000	0.000000	-0.034000
1224	1	0.000000	0.000000	0.000000	-0.034000
1225	1	0.000000	0.000000	0.000000	-0.034000
1226	1	0.000000	0.000000	0.000000	-0.034000
1227	1	0.000000	0.400000	0.000000	-0.434000
1228	1	0.000000	0.000000	0.000000	-0.434000
1229	0	0.000000	0.000000	0.000000	-0.034000
1230	1	0.000000	0.000000	0.000000	-0.034000
1231	1	0.000000	0.000000	0.000000	-0.034000
1232	1	0.000000	0.000000	0.000000	-0.034000
1233	0	0.000000	0.000000	0.000000	-0.034000
1234	1	0.000000	0.000000	0.000000	-0.034000
1235	0	0.000000	0.000000	0.000000	-0.034000
1236	0	0.000000	0.000000	0.000000	-0.034000
1237	1	0.000000	0.000000	0.000000	-0.034000
1238	0	0.000000	0.000000	0.000000	-0.034000
1239	1	0.000000	0.400000	0.000000	-0.434000
1240	1	0.000000	0.000000	0.000000	-0.434000
1241	1	0.000000	0.000000	0.000000	-0.434000
1242	1	0.000000	0.000000	0.000000	-0.434000
1243	1	0.000000	0.000000	0.000000	-0.434000
1244	0	0.000000	0.000000	0.000000	-0.034000
1245	1	0.000000	0.000000	0.000000	-0.034000
1246	1	0.000000	0.000000	0.000000	-0.034000
1247	0	0.000000	0.000000	0.000000	-0.034000
1248	0	0.000000	0.000000	0.000000	-0.034000
1249	1	0.000000	0.000000	0.000000	-0.034000
1250	0	0.000000	0.000000	0.000000	-0.034000
1251	1	0.000000	0.400000	0.000000	-0.434000
1252	0	0.000000	0.000000	0.000000	-0.034000
1253	1	0.000000	0.000000	0.000000	-0.034000
1254	1	0.000000	0.000000	0.000000	-0.034000
1255	0	0.000000	0.000000	0.000000	-0.034000
1256	1	0.000000	0.000000	0.000000	-0.034000
1257	1	0.000000	0.000000	0.000000	-0.034000
1258	0	0.000000	0.000000	0.000000	-0.034000
1259	1	0.000000	0.000000	0.000000	-0.034000
1260	1	0.000000	0.000000	0.000000	-0.034000
1261	0	0.000000	0.000000	0.000000	-0.034000
1262	0	0.000000	0.000000	0.000000	-0.034000
1263	0	0.000000	0.400000	0.400000	-0.034000
1264	1	0.000000	0.000000	0.000000	-0.034000
1265	0	0.000000	0.000000	0.000000	-0.034000
1266	1	0.000000	0.000000	0.000000	-0.034000
1267	0	0.000000	0.000000	0.000000	-0.034000
1268	1	0.000000	0.000000	0.000000	-0.034000
1269	0	0.000000	0.000000	0.000000	-0.034000
1270	0	0.000000	0.000000	0.000000	-0.034000
1271	0	0.000000	0.000000	0.000000	-0.034000
1272	1	0.000000	0.000000	0.000000	-0.034000
1273	0	0.000000	0.000000	0.000000	-0.034000
1274	1	0.000000	0.000000	0.000000	-0.034000
1275	0	0.000000	0.400000	0.000000	-0.034000
1276	1	0.000000	0.000000	0.000000	-0.034000
1277	1	0.000000	0.000000	0.000000	-0.034000
1278	1	0.000000	0.000000	0.000000	-0.034000
1279	0	0.000000	0.000000	0.000000	-0.034000
1280	0	0.000000	0.000000	0.000000	-0.034000
1281	0	0.000000	0.000000	0.000000	-0.034000
1282	1	0.000000	0.000000	0.000000	-0.034000
1283	1	0.000000	0.000000	0.000000	-0.034000
1284	1	0.000000	0.000000	0.000000	-0.034000
1285	0	0.000000	0.000000	0.000000	-0.034000
1286	1	0.000000	0.000000	0.000000	-0.034000
1287	1	0.000000	0.400000	0.000000	-0.434000
1288	0	0.000000	0.000000	0.000000	-0.034000
1289	1	0.000000	0.000000	0.000000	-0.034000
1290	1	0.000000	0.000000	0.000000	-0.034000
1291	1	0.000000	0.000000	0.000000	-0.034000
1292	1	0.000000	0.000000	0.000000	-0.034000
1293	1	0.000000	0.000000	0.000000	-0.034000
1294	1	0.000000	0.000000	0.000000	-0.034000
1295	1	0.000000	0.000000	0.000000	-0.034000
1296	1	0.000000	0.000000	0.000000	-0.034000
1297	0	0.000000	0.000000	0.000000	-0.034000
1298	0	0.000000	0.000000	0.000000	-0.034000
1299	0	0.000000	0.400000	0.400000	-0.034000
1300	0	0.000000	0.000000	0.000000	-0.034000
1301	0	0.000000	0.000000	0.000000	-0.034000
1302	0	0.000000	0.000000	0.000000	-0.034000
1303	1	0.000000	0.000000	0.000000	-0.034000
1304	0	0.000000	0.000000	0.000000	-0.034000
1305	1	0.000000	0.000000	0.000000	-0.034000
1306	0	0.000000	0.000000	0.000000	-0.034000
1307	0	0.000000	0.000000	0.000000	-0.034000
1308	1	0.000000	0.000000	0.000000	-0.034000
1309	1	0.000000	0.000000	0.000000	-0.034000
1310	1	0.000000	0.000000	0.000000	-0.034000
1311	0	0.000000	0.000000	0.000000	-0.034000
1312	0	0.000000	0.433000	0.433000	-0.034000
1313	0	0.000000	0.000000	0.000000	-0.034000
1314	1	0.000000	0.000000	0.000000	-0.034000
1315	1	0.000000	0.000000	0.000000	-0.034000
1316	1	0.000000	0.000000	0.000000	-0.034000
1317	0	0.000000	0.000000	0.000000	-0.034000
1318	1	0.000000	0.000000	0.000000	-0.034000
1319	0	0.000000	0.000000	0.000000	-0.034000
1320	1	0.000000	0.000000	0.000000	-0.034000
1321	1	0.000000	0.000000	0.000000	-0.034000
1322	0	0.000000	0.000000	0.000000	-0.034000
1323	0	0.000000	0.000000	0.000000	-0.034000
1324	1	0.000000	0.000000	0.000000	-0.034000
1325	1	0.000000	0.433000	0.000000	-0.467000
1326	1	0.000000	0.000000	0.000000	-0.467000
1327	1	0.000000	0.000000	0.000000	-0.467000
1328	1	0.000000	0.000000	0.000000	-0.467000
1329	0	0.000000	0.000000	0.000000	-0.034000
1330	0	0.000000	0.000000	0.000000	-0.034000
1331	0	0.000000	0.000000	0.000000	-0.034000
1332	0	0.000000	0.000000	0.000000	-0.034000
1333	1	0.000000	0.000000	0.000000	-0.034000
1334	1	0.000000	0.000000	0.000000	-0.034000
1335	1	0.000000	0.001000	0.000000	-0.035000
1336	1	0.000000	0.000000	0.000000	-0.035000
1337	1	0.000000	0.000000	0.000000	-0.035000
1338	0	0.000000	0.433000	0.000000	-0.034000
1339	0	0.000000	0.000000	0.000000	-0.034000
1340	0	0.000000	0.000000	0.000000	-0.034000
1341	0	0.000000	0.000000	0.000000	-0.034000
1342	1	0.000000	0.000000	0.000000	-0.034000
1343	0	0.000000	0.000000	0.000000	-0.034000
1344	1	0.000000	0.000000	0.000000	-0.034000
1345	0	0.000000	0.000000	0.000000	-0.034000
1346	1	0.000000	0.000000	0.000000	-0.034000
1347	1	0.000000	0.000000	0.000000	-0.034000
1348	0	0.000000	0.000000	0.000000	-0.034000
1349	0	0.000000	0.000000	0.000000	-0.034000
1350	0	0.000000	0.000000	0.000000	-0.034000
1351	0	0.000000	0.433000	0.433000	-0.034000
1352	0	0.000000	0.000000	0.000000	-0.034000
1353	1	0.000000	0.000000	0.000000	-0.034000
1354	1	0.000000	0.000000	0.000000	-0.034000
1355	0	0.000000	0.000000	0.000000	-0.034000
1356	1	0.000000	0.000000	0.000000	-0.034000
1357	1	0.000000	0.000000	0.000000	-0.034000
1358	0	0.000000	0.000000	0.000000	-0.034000
1359	1	0.000000	0.000000	0.000000	-0.034000
1360	0	0.000000	0.000000	0.000000	-0.034000
1361	1	0.000000	0.000000	0.000000	-0.034000
1362	0	0.000000	0.000000	0.000000	-0.034000
1363	1	0.000000	0.000000	0.000000	-0.034000
1364	1	0.000000	0.433000	0.000000	-0.467000
1365	1	0.000000	0.000000	0.000000	-0.467000
1366	1	0.000000	0.000000	0.000000	-0.467000
1367	1	0.000000	0.000000	0.000000	-0.467000
1368	1	0.000000	0.000000	0.000000	-0.467000
1369	1	0.000000	0.000000	0.000000	-0.467000
1370	1	0.000000	0.000000	0.000000	-0.467000
1371	0	0.000000	0.001000	0.000000	-0.034000
1372	0	0.000000	0.000000	0.000000	-0.034000
1373	0	0.000000	0.000000	0.000000	-0.034000
1374	1	0.000000	0.000000	0.000000	-0.034000
1375	1	0.000000	0.000000	0.000000	-0.034000
1376	1	0.000000	0.000000	0.000000	-0.034000
1377	0	0.000000	0.433000	0.000000	-0.034000
1378	1	0.000000	0.000000	0.000000	-0.034000
1379	0	0.000000	0.000000	0.000000	-0.034000
1380	1	0.000000	0.000000	0.000000	-0.034000
1381	1	0.000000	0.000000	0.000000	-0.034000
1382	1	0.000000	0.000000	0.000000	-0.034000
1383	1	0.000000	0.000000	0.000000	-0.034000
1384	1	0.000000	0.000000	0.000000	-0.034000
1385	0	0.000000	0.000000	0.000000	-0.034000
1386	1	0.000000	0.000000	0.000000	-0.034000
1387	1	0.000000	0.000000	0.000000	-0.034000
1388	1	0.000000	0.000000	0.000000	-0.034000
1389	0	0.000000	0.000000	0.000000	-0.034000
1390	1	0.000000	0.433000	0.000000	-0.467000
1391	0	0.000000	0.000000	0.000000	-0.034000
1392	1	0.000000	0.000000	0.000000	-0.034000
1393	0	0.000000	0.000000	0.000000	-0.034000
1394	0	0.000000	0.000000	0.000000	-0.034000
1395	0	0.000000	0.000000	0.000000	-0.034000
1396	1	0.000000	0.000000	0.000000	-0.034000
1397	1	0.000000	0.000000	0.000000	-0.034000
1398	1	0.000000	0.000000	0.000000	-0.034000
1399	1	0.000000	0.000000	0.000000	-0.034000
1400	1	0.000000	0.000000	0.000000	-0.034000
1401	1	0.000000	0.000000	0.000000	-0.034000
1402	1	0.000000	0.000000	0.000000	-0.034000
1403	0	0.000000	0.000000	0.000000	-0.034000
1404	0	0.000000	0.467000	0.467000	-0.034000
1405	0	0.000000	0.000000	0.000000	-0.034000
1406	0	0.000000	0.000000	0.000000	-0.034000
1407	1	0.000000	0.000000	0.000000	-0.034000
1408	1	0.000000	0.000000	0.000000	-0.034000
1409	0	0.000000	0.000000	0.000000	-0.034000
1410	1	0.000000	0.000000	0.000000	-0.034000
1411	1	0.000000	0.000000	0.000000	-0.034000
1412	0	0.000000	0.000000	0.000000	-0.034000
1413	1	0.000000	0.000000	0.000000	-0.034000
1414	0	0.000000	0.000000	0.000000	-0.034000
1415	1	0.000000	0.000000	0.000000	-0.034000
1416	0	0.000000	0.000000	0.000000	-0.034000
1417	1	0.000000	0.000000	0.000000	-0.034000
1418	1	0.000000	0.466000	0.000000	-0.500000
1419	0	0.000000	0.000000	0.000000	-0.034000
1420	1	0.000000	0.000000	0.000000	-0.034000
1421	0	0.000000	0.000000	0.000000	-0.034000
1422	1	0.000000	0.000000	0.000000	-0.034000
1423	1	0.000000	0.000000	0.000000	-0.034000
1424	0	0.000000	0.000000	0.000000	-0.034000
1425	1	0.000000	0.000000	0.000000	-0.034000
1426	1	0.000000	0.000000	0.000000	-0.034000
1427	0	0.000000	0.001000	0.000000	-0.034000
1428	1	0.000000	0.000000	0.000000	-0.034000
1429	1	0.000000	0.000000	0.000000	-0.034000
1430	1	0.000000	0.000000	0.000000	-0.034000
1431	1	0.000000	0.000000	0.000000	-0.034000
1432	1	0.000000	0.466000	0.000000	-0.500000
1433	1	0.000000	0.000000	0.000000	-0.500000
1434	1	0.000000	0.000000	0.000000	-0.500000
1435	0	0.000000	0.000000	0.000000	-0.034000
1436	1	0.000000	0.000000	0.000000	-0.034000
1437	0	0.000000	0.000000	0.000000	-0.034000
1438	1	0.000000	0.000000	0.000000	-0.034000
1439	0	0.000000	0.000000	0.000000	-0.034000
1440	1	0.000000	0.000000	0.000000	-0.034000
1441	1	0.000000	0.000000	0.000000	-0.034000
1442	0	0.000000	0.000000	0.000000	-0.034000
1443	0	0.000000	0.000000	0.000000	-0.034000
1444	1	0.000000	0.000000	0.000000	-0.034000
1445	1	0.000000	0.000000	0.000000	-0.034000
1446	1	0.000000	0.467000	0.000000	-0.501000
1447	1	0.000000	0.000000	0.000000	-0.501000
1448	0	0.000000	0.000000	0.000000	-0.034000
1449	0	0.000000	0.000000	0.000000	-0.034000
1450	1	0.000000	0.000000	0.000000	-0.034000
1451	1	0.000000	0.000000	0.000000	-0.034000
1452	0	0.000000	0.000000	0.000000	-0.034000
1453	0	0.000000	0.000000	0.000000	-0.034000
1454	0	0.000000	0.000000	0.000000	-0.034000
1455	1	0.000000	0.000000	0.000000	-0.034000
1456	1	0.000000	0.000000	0.000000	-0.034000
1457	1	0.000000	0.000000	0.000000	-0.034000
1458	1	0.000000	0.000000	0.000000	-0.034000
1459	1	0.000000	0.000000	0.000000	-0.034000
1460	1	0.000000	0.469000	0.000000	-0.503000
1461	0	0.000000	0.000000	0.000000	-0.034000
1462	1	0.000000	0.000000	0.000000	-0.034000
1463	1	0.000000	0.000000	0.000000	-0.034000
1464	1	0.000000	0.000000	0.000000	-0.034000
1465	0	0.000000	0.000000	0.000000	-0.034000
1466	1	0.000000	0.000000	0.000000	-0.034000
1467	0	0.000000	0.000000	0.000000	-0.034000
1468	0	0.000000	0.000000	0.000000	-0.034000
1469	0	0.000000	0.000000	0.000000	-0.034000
1470	0	0.000000	0.000000	0.000000	-0.034000
1471	0	0.000000	0.000000	0.000000	-0.034000
1472	0	0.000000	0.000000	0.000000	-0.034000
1473	1	0.000000	0.000000	0.000000	-0.034000
1474	1	0.000000	0.464000	0.000000	-0.498000
1475	1	0.000000	0.000000	0.000000	-0.498000
1476	0	0.000000	0.000000	0.000000	-0.034000
1477	0	0.000000	0.000000	0.000000	-0.034000
1478	1	0.000000	0.000000	0.000000	-0.034000
1479	1	0.000000	0.000000	0.000000	-0.034000
1480	1	0.000000	0.000000	0.000000	-0.034000
1481	0	0.000000	0.000000	0.000000	-0.034000
1482	1	0.000000	0.000000	0.000000	-0.034000
1483	1	0.000000	0.000000	0.000000	-0.034000
1484	0	0.000000	0.000000	0.000000	-0.034000
1485	1	0.000000	0.000000	0.000000	-0.034000
1486	1	0.000000	0.000000	0.000000	-0.034000
1487	1	0.000000	0.000000	0.000000	-0.034000
1488	1	0.000000	0.467000	0.000000	-0.501000
1489	0	0.000000	0.000000	0.000000	-0.034000
1490	1	0.000000	0.000000	0.000000	-0.034000
1491	1	0.000000	0.000000	0.000000	-0.034000
1492	0	0.000000	0.000000	0.000000	-0.034000
1493	1	0.000000	0.000000	0.000000	-0.034000
1494	1	0.000000	0.000000	0.000000	-0.034000
1495	1	0.000000	0.000000	0.000000	-0.034000
1496	0	0.000000	0.000000	0.000000	-0.034000
1497	1	0.000000	0.000000	0.000000	-0.034000
1498	1	0.000000	0.000000	0.000000	-0.034000
1499	1	0.000000	0.000000	0.000000	-0.034000
1500	1	0.000000	0.000000	0.000000	-0.034000
1501	1	0.000000	0.000000	0.000000	-0.034000
1502	0	0.000000	0.000000	0.000000	-0.034000
1503	0	0.000000	0.500000	0.500000	-0.034000
1504	1	0.000000	0.000000	0.000000	-0.034000
1505	1	0.000000	0.000000	0.000000	-0.034000
1506	1	0.000000	0.000000	0.000000	-0.034000
1507	1	0.000000	0.000000	0.000000	-0.034000
1508	0	0.000000	0.000000	0.000000	-0.034000
1509	1	0.000000	0.000000	0.000000	-0.034000
1510	0	0.000000	0.000000	0.000000	-0.034000
1511	0	0.000000	0.000000	0.000000	-0.034000
1512	0	0.000000	0.000000	0.000000	-0.034000
1513	0	0.000000	0.000000	0.000000	-0.034000
1514	1	0.000000	0.000000	0.000000	-0.034000
1515	1	0.000000	0.000000	0.000000	-0.034000
1516	0	0.000000	0.000000	0.000000	-0.034000
1517	1	0.000000	0.000000	0.000000	-0.034000
1518	1	0.000000	0.500000	0.000000	-0.534000
1519	1	0.000000	0.000000	0.000000	-0.534000
1520	1	0.000000	0.000000	0.000000	-0.534000
1521	1	0.000000	0.000000	0.000000	-0.534000
1522	0	0.000000	0.000000	0.000000	-0.034000
1523	0	0.000000	0.000000	0.000000	-0.034000
1524	1	0.000000	0.000000	0.000000	-0.034000
1525	0	0.000000	0.000000	0.000000	-0.034000
1526	0	0.000000	0.000000	0.000000	-0.034000
1527	1	0.000000	0.000000	0.000000	-0.034000
1528	0	0.000000	0.000000	0.000000	-0.034000
1529	0	0.000000	0.000000	0.000000	-0.034000
1530	1	0.000000	0.000000	0.000000	-0.034000
1531	1	0.000000	0.000000	0.000000	-0.034000
1532	0	0.000000	0.000000	0.000000	-0.034000
1533	0	0.000000	0.500000	0.500000	-0.034000
1534	1	0.000000	0.000000	0.000000	-0.034000
1535	0	0.000000	0.000000	0.000000	-0.034000
1536	1	0.000000	0.000000	0.000000	-0.034000
1537	1	0.000000	0.000000	0.000000	-0.034000
1538	1	0.000000	0.000000	0.000000	-0.034000
1539	0	0.000000	0.000000	0.000000	-0.034000
1540	0	0.000000	0.000000	0.000000	-0.034000
1541	0	0.000000	0.000000	0.000000	-0.034000
1542	0	0.000000	0.000000	0.000000	-0.034000
1543	1	0.000000	0.000000	0.000000	-0.034000
1544	0	0.000000	0.000000	0.000000	-0.034000
1545	0	0.000000	0.000000	0.000000	-0.034000
1546	0	0.000000	0.000000	0.000000	-0.034000
1547	1	0.000000	0.000000	0.000000	-0.034000
1548	1	0.000000	0.500000	0.000000	-0.534000
1549	0	0.000000	0.000000	0.000000	-0.034000
1550	0	0.000000	0.000000	0.000000	-0.034000
1551	1	0.000000	0.000000	0.000000	-0.034000
1552	1	0.000000	0.000000	0.000000	-0.034000
1553	0	0.000000	0.000000	0.000000	-0.034000
1554	1	0.000000	0.000000	0.000000	-0.034000
1555	0	0.000000	0.000000	0.000000	-0.034000
1556	1	0.000000	0.000000	0.000000	-0.034000
1557	1	0.000000	0.000000	0.000000	-0.034000
1558	1	0.000000	0.000000	0.000000	-0.034000
1559	0	0.000000	0.000000	0.000000	-0.034000
1560	1	0.000000	0.000000	0.000000	-0.034000
1561	1	0.000000	0.000000	0.000000	-0.034000
1562	0	0.000000	0.000000	0.000000	-0.034000
1563	1	0.000000	0.500000	0.000000	-0.534000
1564	1	0.000000	0.000000	0.000000	-0.534000
1565	1	0.000000	0.000000	0.000000	-0.534000
1566	0	0.000000	0.000000	0.000000	-0.034000
1567	1	0.000000	0.000000	0.000000	-0.034000
1568	0	0.000000	0.000000	0.000000	-0.034000
1569	1	0.000000	0.000000	0.000000	-0.034000
1570	1	0.000000	0.000000	0.000000	-0.034000
1571	0	0.000000	0.000000	0.000000	-0.034000
1572	1	0.000000	0.000000	0.000000	-0.034000
1573	1	0.000000	0.000000	0.000000	-0.034000
1574	1	0.000000	0.000000	0.000000	-0.034000
1575	1	0.000000	0.000000	0.000000	-0.034000
1576	1	0.000000	0.000000	0.000000	-0.034000
1577	0	0.000000	0.000000	0.000000	-0.034000
1578	1	0.000000	0.500000	0.000000	-0.534000
1579	1	0.000000	0.000000	0.000000	-0.534000
1580	1	0.000000	0.000000	0.000000	-0.534000
1581	1	0.000000	0.000000	0.000000	-0.534000
1582	0	0.000000	0.000000	0.000000	-0.034000
1583	0	0.000000	0.000000	0.000000	-0.034000
1584	0	0.000000	0.000000	0.000000	-0.034000
1585	1	0.000000	0.000000	0.000000	-0.034000
1586	1	0.000000	0.000000	0.000000	-0.034000
1587	1	0.000000	0.000000	0.000000	-0.034000
1588	0	0.000000	0.000000	0.000000	-0.034000
1589	1	0.000000	0.000000	0.000000	-0.034000
1590	1	0.000000	0.000000	0.000000	-0.034000
1591	0	0.000000	0.000000	0.000000	-0.034000
1592	0	0.000000	0.000000	0.000000	-0.034000
1593	1	0.000000	0.500000	0.000000	-0.534000
1594	1	0.000000	0.000000	0.000000	-0.534000
1595	1	0.000000	0.000000	0.000000	-0.534000
1596	0	0.000000	0.000000	0.000000	-0.034000
1597	1	0.000000	0.000000	0.000000	-0.034000
1598	1	0.000000	0.000000	0.000000	-0.034000
1599	0	0.000000	0.000000	0.000000	-0.034000
1600	0	0.000000	0.000000	0.000000	-0.034000
1601	0	0.000000	0.000000	0.000000	-0.034000
1602	1	0.000000	0.000000	0.000000	-0.034000
1603	1	0.000000	0.000000	0.000000	-0.034000
1604	1	0.000000	0.000000	0.000000	-0.034000
1605	1	0.000000	0.000000	0.000000	-0.034000
1606	0	0.000000	0.000000	0.000000	-0.034000
1607	0	0.000000	0.000000	0.000000	-0.034000
1608	0	0.000000	0.000000	0.000000	-0.034000
1609	0	0.000000	0.533000	0.533000	-0.034000
1610	1	0.000000	0.000000	0.000000	-0.034000
1611	0	0.000000	0.000000	0.000000	-0.034000
1612	0	0.000000	0.000000	0.000000	-0.034000
1613	0	0.000000	0.000000	0.000000	-0.034000
1614	1	0.000000	0.000000	0.000000	-0.034000
1615	1	0.000000	0.000000	0.000000	-0.034000
1616	0	0.000000	0.000000	0.000000	-0.034000
1617	1	0.000000	0.000000	0.000000	-0.034000
1618	0	0.000000	0.000000	0.000000	-0.034000
1619	1	0.000000	0.000000	0.000000	-0.034000
1620	1	0.000000	0.000000	0.000000	-0.034000
1621	0	0.000000	0.000000	0.000000	-0.034000
1622	1	0.000000	0.000000	0.000000	-0.034000
1623	0	0.000000	0.000000	0.000000	-0.034000
1624	1	0.000000	0.000000	0.000000	-0.034000
1625	0	0.000000	0.533000	0.000000	-0.034000
1626	1	0.000000	0.000000	0.000000	-0.034000
1627	1	0.000000	0.000000	0.000000	-0.034000
1628	0	0.000000	0.001000	0.000000	-0.034000
1629	0	0.000000	0.000000	0.000000	-0.034000
1630	1	0.000000	0.000000	0.000000	-0.034000
1631	1	0.000000	0.000000	0.000000	-0.034000
1632	1	0.000000	0.000000	0.000000	-0.034000
1633	0	0.000000	0.000000	0.000000	-0.034000
1634	1	0.000000	0.000000	0.000000	-0.034000
1635	1	0.000000	0.000000	0.000000	-0.034000
1636	1	0.000000	0.000000	0.000000	-0.034000
1637	1	0.000000	0.000000	0.000000	-0.034000
1638	0	0.000000	0.000000	0.000000	-0.034000
1639	1	0.000000	0.000000	0.000000	-0.034000
1640	1	0.000000	0.000000	0.000000	-0.034000
1641	0	0.000000	0.533000	0.000000	-0.034000
1642	0	0.000000	0.000000	0.000000	-0.034000
1643	1	0.000000	0.000000	0.000000	-0.034000
1644	0	0.000000	0.000000	0.000000	-0.034000
1645	0	0.000000	0.000000	0.000000	-0.034000
1646	0	0.000000	0.000000	0.000000	-0.034000
1647	1	0.000000	0.000000	0.000000	-0.034000
1648	0	0.000000	0.000000	0.000000	-0.034000
1649	1	0.000000	0.000000	0.000000	-0.034000
1650	1	0.000000	0.000000	0.000000	-0.034000
1651	1	0.000000	0.000000	0.000000	-0.034000
1652	1	0.000000	0.000000	0.000000	-0.034000
1653	0	0.000000	0.000000	0.000000	-0.034000
1654	0	0.000000	0.000000	0.000000	-0.034000
1655	0	0.000000	0.000000	0.000000	-0.034000
1656	0	0.000000	0.000000	0.000000	-0.034000
1657	1	0.000000	0.533000	0.000000	-0.567000
1658	1	0.000000	0.000000	0.000000	-0.567000
1659	1	0.000000	0.000000	0.000000	-0.567000
1660	0	0.000000	0.000000	0.000000	-0.034000
1661	0	0.000000	0.000000	0.000000	-0.034000
1662	1	0.000000	0.000000	0.000000	-0.034000
1663	1	0.000000	0.000000	0.000000	-0.034000
1664	1	0.000000	0.000000	0.000000	-0.034000
1665	1	0.000000	0.000000	0.000000	-0.034000
1666	1	0.000000	0.000000	0.000000	-0.034000
1667	1	0.000000	0.000000	0.000000	-0.034000
1668	1	0.000000	0.000000	0.000000	-0.034000
1669	1	0.000000	0.000000	0.000000	-0.034000
1670	1	0.000000	0.000000	0.000000	-0.034000
1671	1	0.000000	0.000000	0.000000	-0.034000
1672	0	0.000000	0.000000	0.000000	-0.034000
1673	1	0.000000	0.533000	0.000000	-0.567000
1674	1	0.000000	0.000000	0.000000	-0.567000
1675	1	0.000000	0.000000	0.000000	-0.567000
1676	1	0.000000	0.000000	0.000000	-0.567000
1677	1	0.000000	0.000000	0.000000	-0.567000
1678	1	0.000000	0.000000	0.000000	-0.567000
1679	1	0.000000	0.000000	0.000000	-0.567000
1680	0	0.000000	0.001000	0.000000	-0.034000
1681	1	0.000000	0.000000	0.000000	-0.034000
1682	0	0.000000	0.000000	0.000000	-0.034000
1683	0	0.000000	0.000000	0.000000	-0.034000
1684	0	0.000000	0.000000	0.000000	-0.034000
1685	1	0.000000	0.000000	0.000000	-0.034000
1686	1	0.000000	0.000000	0.000000	-0.034000
1687	1	0.000000	0.000000	0.000000	-0.034000
1688	0	0.000000	0.000000	0.000000	-0.034000
1689	1	0.000000	0.533000	0.000000	-0.567000
1690	1	0.000000	0.000000	0.000000	-0.567000
1691	1	0.000000	0.000000	0.000000	-0.567000
1692	1	0.000000	0.000000	0.000000	-0.567000
1693	1	0.000000	0.000000	0.000000	-0.567000
1694	1	0.000000	0.000000	0.000000	-0.567000
1695	1	0.000000	0.000000	0.000000	-0.567000
1696	0	0.000000	0.000000	0.000000	-0.034000
1697	1	0.000000	0.000000	0.000000	-0.034000
1698	1	0.000000	0.000000	0.000000	-0.034000
1699	1	0.000000	0.000000	0.000000	-0.034000
1700	0	0.000000	0.000000	0.000000	-0.034000
1701	1	0.000000	0.000000	0.000000	-0.034000
1702	1	0.000000	0.000000	0.000000	-0.034000
1703	1	0.000000	0.000000	0.000000	-0.034000
1704	0	0.000000	0.000000	0.000000	-0.034000
1705	1	0.000000	0.000000	0.000000	-0.034000
1706	1	0.000000	0.566000	0.000000	-0.600000
1707	0	0.000000	0.000000	0.000000	-0.034000
1708	1	0.000000	0.000000	0.000000	-0.034000
1709	0	0.000000	0.000000	0.000000	-0.034000
1710	0	0.000000	0.000000	0.000000	-0.034000
1711	1	0.000000	0.001000	0.000000	-0.035000
1712	0	0.000000	0.000000	0.000000	-0.034000
1713	1	0.000000	0.000000	0.000000	-0.034000
1714	0	0.000000	0.000000	0.000000	-0.034000
1715	1	0.000000	0.000000	0.000000	-0.034000
1716	1	0.000000	0.000000	0.000000	-0.034000
1717	1	0.000000	0.000000	0.000000	-0.034000
1718	0	0.000000	0.000000	0.000000	-0.034000
1719	1	0.000000	0.000000	0.000000	-0.034000
1720	1	0.000000	0.000000	0.000000	-0.034000
1721	0	0.000000	0.000000	0.000000	-0.034000
1722	1	0.000000	0.000000	0.000000	-0.034000
1723	0	0.000000	0.566000	0.000000	-0.034000
1724	1	0.000000	0.000000	0.000000	-0.034000
1725	1	0.000000	0.000000	0.000000	-0.034000
1726	0	0.000000	0.000000	0.000000	-0.034000
1727	0	0.000000	0.000000	0.000000	-0.034000
1728	0	0.000000	0.000000	0.000000	-0.034000
1729	1	0.000000	0.000000	0.000000	-0.034000
1730	1	0.000000	0.000000	0.000000	-0.034000
1731	0	0.000000	0.000000	0.000000	-0.034000
1732	1	0.000000	0.000000	0.000000	-0.034000
1733	1	0.000000	0.000000	0.000000	-0.034000
1734	1	0.000000	0.000000	0.000000	-0.034000
1735	1	0.000000	0.000000	0.000000	-0.034000
1736	0	0.000000	0.000000	0.000000	-0.034000
1737	1	0.000000	0.000000	0.000000	-0.034000
1738	1	0.000000	0.000000	0.000000	-0.034000
1739	0	0.000000	0.000000	0.000000	-0.034000
1740	1	0.000000	0.567000	0.000000	-0.601000
1741	0	0.000000	0.000000	0.000000	-0.034000
1742	1	0.000000	0.000000	0.000000	-0.034000
1743	1	0.000000	0.000000	0.000000	-0.034000
1744	1	0.000000	0.000000	0.000000	-0.034000
1745	0	0.000000	0.000000	0.000000	-0.034000
1746	1	0.000000	0.000000	0.000000	-0.034000
1747	1	0.000000	0.000000	0.000000	-0.034000
1748	1	0.000000	0.000000	0.000000	-0.034000
1749	1	0.000000	0.000000	0.000000	-0.034000
1750	1	0.000000	0.000000	0.000000	-0.034000
1751	0	0.000000	0.000000	0.000000	-0.034000
1752	1	0.000000	0.000000	0.000000	-0.034000
1753	0	0.000000	0.000000	0.000000	-0.034000
1754	1	0.000000	0.000000	0.000000	-0.034000
1755	0	0.000000	0.000000	0.000000	-0.034000
1756	1	0.000000	0.000000	0.000000	-0.034000
1757	1	0.000000	0.566000	0.000000	-0.600000
1758	1	0.000000	0.000000	0.000000	-0.600000
1759	1	0.000000	0.000000	0.000000	-0.600000
1760	1	0.000000	0.000000	0.000000	-0.600000
1761	0	0.000000	0.000000	0.000000	-0.034000
1762	1	0.000000	0.000000	0.000000	-0.034000
1763	0	0.000000	0.000000	0.000000	-0.034000
1764	1	0.000000	0.001000	0.000000	-0.035000
1765	0	0.000000	0.000000	0.000000	-0.034000
1766	1	0.000000	0.000000	0.000000	-0.034000
1767	1	0.000000	0.000000	0.000000	-0.034000
1768	1	0.000000	0.000000	0.000000	-0.034000
1769	0	0.000000	0.000000	0.000000	-0.034000
1770	0	0.000000	0.000000	0.000000	-0.034000
1771	0	0.000000	0.000000	0.000000	-0.034000
1772	0	0.000000	0.000000	0.000000	-0.034000
1773	1	0.000000	0.000000	0.000000	-0.034000
1774	1	0.000000	0.566000	0.000000	-0.600000
1775	0	0.000000	0.000000	0.000000	-0.034000
1776	1	0.000000	0.000000	0.000000	-0.034000
1777	0	0.000000	0.000000	0.000000	-0.034000
1778	1	0.000000	0.000000	0.000000	-0.034000
1779	1	0.000000	0.000000	0.000000	-0.034000
1780	0	0.000000	0.000000	0.000000	-0.034000
1781	0	0.000000	0.000000	0.000000	-0.034000
1782	0	0.000000	0.000000	0.000000	-0.034000
1783	1	0.000000	0.000000	0.000000	-0.034000
1784	1	0.000000	0.000000	0.000000	-0.034000
1785	1	0.000000	0.000000	0.000000	-0.034000
1786	0	0.000000	0.000000	0.000000	-0.034000
1787	1	0.000000	0.000000	0.000000	-0.034000
1788	1	0.000000	0.000000	0.000000	-0.034000
1789	1	0.000000	0.000000	0.000000	-0.034000
1790	1	0.000000	0.000000	0.000000	-0.034000
1791	0	0.000000	0.567000	0.000000	-0.034000
1792	1	0.000000	0.000000	0.000000	-0.034000
1793	1	0.000000	0.000000	0.000000	-0.034000
1794	1	0.000000	0.000000	0.000000	-0.034000
1795	1	0.000000	0.000000	0.000000	-0.034000
1796	0	0.000000	0.000000	0.000000	-0.034000
1797	0	0.000000	0.000000	0.000000	-0.034000
1798	0	0.000000	0.000000	0.000000	-0.034000
1799	0	0.000000	0.000000	0.000000	-0.034000
1800	1	0.000000	0.000000	0.000000	-0.034000
1801	0	0.000000	0.000000	0.000000	-0.034000
1802	0	0.000000	0.000000	0.000000	-0.034000
1803	1	0.000000	0.000000	0.000000	-0.034000
1804	1	0.000000	0.000000	0.000000	-0.034000
1805	1	0.000000	0.000000	0.000000	-0.034000
1806	0	0.000000	0.000000	0.000000	-0.034000
1807	0	0.000000	0.000000	0.000000	-0.034000
1808	1	0.000000	0.000000	0.000000	-0.034000
1809	0	0.000000	0.600000	0.000000	-0.034000
1810	0	0.000000	0.000000	0.000000	-0.034000
1811	1	0.000000	0.000000	0.000000	-0.034000
1812	1	0.000000	0.000000	0.000000	-0.034000
1813	1	0.000000	0.000000	0.000000	-0.034000
1814	1	0.000000	0.000000	0.000000	-0.034000
1815	1	0.000000	0.000000	0.000000	-0.034000
1816	0	0.000000	0.000000	0.000000	-0.034000
1817	1	0.000000	0.000000	0.000000	-0.034000
1818	0	0.000000	0.000000	0.000000	-0.034000
1819	1	0.000000	0.000000	0.000000	-0.034000
1820	1	0.000000	0.000000	0.000000	-0.034000
1821	0	0.000000	0.000000	0.000000	-0.034000
1822	0	0.000000	0.000000	0.000000	-0.034000
1823	1	0.000000	0.000000	0.000000	-0.034000
1824	1	0.000000	0.000000	0.000000	-0.034000
1825	1	0.000000	0.000000	0.000000	-0.034000
1826	1	0.000000	0.000000	0.000000	-0.034000
1827	0	0.000000	0.600000	0.000000	-0.034000
1828	0	0.000000	0.000000	0.000000	-0.034000
1829	1	0.000000	0.000000	0.000000	-0.034000
1830	1	0.000000	0.000000	0.000000	-0.034000
1831	1	0.000000	0.000000	0.000000	-0.034000
1832	1	0.000000	0.000000	0.000000	-0.034000
1833	1	0.000000	0.000000	0.000000	-0.034000
1834	0	0.000000	0.000000	0.000000	-0.034000
1835	1	0.000000	0.000000	0.000000	-0.034000
1836	1	0.000000	0.000000	0.000000	-0.034000
1837	1	0.000000	0.000000	0.000000	-0.034000
1838	0	0.000000	0.000000	0.000000	-0.034000
1839	0	0.000000	0.000000	0.000000	-0.034000
1840	0	0.000000	0.000000	0.000000	-0.034000
1841	0	0.000000	0.000000	0.000000	-0.034000
1842	1	0.000000	0.000000	0.000000	-0.034000
1843	0	0.000000	0.000000	0.000000	-0.034000
1844	1	0.000000	0.000000	0.000000	-0.034000
1845	0	0.000000	0.600000	0.000000	-0.034000
1846	1	0.000000	0.000000	0.000000	-0.034000
1847	1	0.000000	0.000000	0.000000	-0.034000
1848	1	0.000000	0.000000	0.000000	-0.034000
1849	1	0.000000	0.000000	0.000000	-0.034000
1850	0	0.000000	0.000000	0.000000	-0.034000
1851	1	0.000000	0.000000	0.000000	-0.034000
1852	1	0.000000	0.000000	0.000000	-0.034000
1853	1	0.000000	0.000000	0.000000	-0.034000
1854	1	0.000000	0.000000	0.000000	-0.034000
1855	1	0.000000	0.000000	0.000000	-0.034000
1856	1	0.000000	0.000000	0.000000	-0.034000
1857	1	0.000000	0.000000	0.000000	-0.034000
1858	0	0.000000	0.000000	0.000000	-0.034000
1859	0	0.000000	0.000000	0.000000	-0.034000
1860	1	0.000000	0.000000	0.000000	-0.034000
1861	1	0.000000	0.000000	0.000000	-0.034000
1862	0	0.000000	0.000000	0.000000	-0.034000
1863	1	0.000000	0.600000	0.000000	-0.634000
1864	1	0.000000	0.000000	0.000000	-0.634000
1865	0	0.000000	0.000000	0.000000	-0.034000
1866	1	0.000000	0.000000	0.000000	-0.034000
1867	1	0.000000	0.000000	0.000000	-0.034000
1868	0	0.000000	0.000000	0.000000	-0.034000
1869	1	0.000000	0.000000	0.000000	-0.034000
1870	1	0.000000	0.000000	0.000000	-0.034000
1871	0	0.000000	0.000000	0.000000	-0.034000
1872	1	0.000000	0.000000	0.000000	-0.034000
1873	0	0.000000	0.000000	0.000000	-0.034000
1874	1	0.000000	0.000000	0.000000	-0.034000
1875	1	0.000000	0.000000	0.000000	-0.034000
1876	1	0.000000	0.000000	0.000000	-0.034000
1877	1	0.000000	0.000000	0.000000	-0.034000
1878	1	0.000000	0.000000	0.000000	-0.034000
1879	0	0.000000	0.000000	0.000000	-0.034000
1880	1	0.000000	0.000000	0.000000	-0.034000
1881	0	0.000000	0.600000	0.000000	-0.034000
1882	1	0.000000	0.000000	0.000000	-0.034000
1883	1	0.000000	0.000000	0.000000	-0.034000
1884	1	0.000000	0.000000	0.000000	-0.034000
1885	1	0.000000	0.000000	0.000000	-0.034000
1886	1	0.000000	0.000000	0.000000	-0.034000
1887	1	0.000000	0.000000	0.000000	-0.034000
1888	1	0.000000	0.000000	0.000000	-0.034000
1889	1	0.000000	0.000000	0.000000	-0.034000
1890	1	0.000000	0.000000	0.000000	-0.034000
1891	0	0.000000	0.000000	0.000000	-0.034000
1892	0	0.000000	0.000000	0.000000	-0.034000
1893	1	0.000000	0.000000	0.000000	-0.034000
1894	1	0.000000	0.000000	0.000000	-0.034000
1895	1	0.000000	0.000000	0.000000	-0.034000
1896	0	0.000000	0.000000	0.000000	-0.034000
1897	1	0.000000	0.000000	0.000000	-0.034000
1898	0	0.000000	0.000000	0.000000	-0.034000
1899	0	0.000000	0.600000	0.600000	-0.034000
1900	1	0.000000	0.000000	0.000000	-0.034000
1901	0	0.000000	0.000000	0.000000	-0.034000
1902	1	0.000000	0.000000	0.000000	-0.034000
1903	1	0.000000	0.000000	0.000000	-0.034000
1904	0	0.000000	0.000000	0.000000	-0.034000
1905	1	0.000000	0.000000	0.000000	-0.034000
1906	1	0.000000	0.000000	0.000000	-0.034000
1907	1	0.000000	0.000000	0.000000	-0.034000
1908	0	0.000000	0.000000	0.000000	-0.034000
1909	1	0.000000	0.000000	0.000000	-0.034000
1910	0	0.000000	0.000000	0.000000	-0.034000
1911	1	0.000000	0.000000	0.000000	-0.034000
1912	0	0.000000	0.000000	0.000000	-0.034000
1913	1	0.000000	0.000000	0.000000	-0.034000
1914	0	0.000000	0.000000	0.000000	-0.034000
1915	0	0.000000	0.000000	0.000000	-0.034000
1916	0	0.000000	0.000000	0.000000	-0.034000
1917	0	0.000000	0.000000	0.000000	-0.034000
1918	1	0.000000	0.633000	0.000000	-0.667000
1919	0	0.000000	0.000000	0.000000	-0.034000
1920	1	0.000000	0.000000	0.000000	-0.034000
1921	1	0.000000	0.000000	0.000000	-0.034000
1922	0	0.000000	0.000000	0.000000	-0.034000
1923	1	0.000000	0.000000	0.000000	-0.034000
1924	1	0.000000	0.000000	0.000000	-0.034000
1925	0	0.000000	0.000000	0.000000	-0.034000
1926	0	0.000000	0.000000	0.000000	-0.034000
1927	1	0.000000	0.000000	0.000000	-0.034000
1928	0	0.000000	0.000000	0.000000	-0.034000
1929	1	0.000000	0.000000	0.000000	-0.034000
1930	1	0.000000	0.000000	0.000000	-0.034000
1931	0	0.000000	0.000000	0.000000	-0.034000
1932	0	0.000000	0.000000	0.000000	-0.034000
1933	1	0.000000	0.000000	0.000000	-0.034000
1934	1	0.000000	0.000000	0.000000	-0.034000
1935	0	0.000000	0.000000	0.000000	-0.034000
1936	0	0.000000	0.000000	0.000000	-0.034000
1937	1	0.000000	0.633000	0.000000	-0.667000
1938	0	0.000000	0.000000	0.000000	-0.034000
1939	1	0.000000	0.000000	0.000000	-0.034000
1940	0	0.000000	0.000000	0.000000	-0.034000
1941	0	0.000000	0.001000	0.001000	-0.034000
1942	1	0.000000	0.000000	0.000000	-0.034000
1943	1	0.000000	0.000000	0.000000	-0.034000
1944	0	0.000000	0.000000	0.000000	-0.034000
1945	1	0.000000	0.000000	0.000000	-0.034000
1946	0	0.000000	0.000000	0.000000	-0.034000
1947	0	0.000000	0.000000	0.000000	-0.034000
1948	1	0.000000	0.000000	0.000000	-0.034000
1949	0	0.000000	0.000000	0.000000	-0.034000
1950	1	0.000000	0.000000	0.000000	-0.034000
1951	1	0.000000	0.000000	0.000000	-0.034000
1952	0	0.000000	0.000000	0.000000	-0.034000
1953	1	0.000000	0.000000	0.000000	-0.034000
1954	1	0.000000	0.000000	0.000000	-0.034000
1955	1	0.000000	0.000000	0.000000	-0.034000
1956	0	0.000000	0.633000	0.000000	-0.034000
1957	0	0.000000	0.000000	0.000000	-0.034000
1958	1	0.000000	0.000000	0.000000	-0.034000
1959	1	0.000000	0.000000	0.000000	-0.034000
1960	1	0.000000	0.000000	0.000000	-0.034000
1961	1	0.000000	0.000000	0.000000	-0.034000
1962	0	0.000000	0.000000	0.000000	-0.034000
1963	0	0.000000	0.000000	0.000000	-0.034000
1964	1	0.000000	0.000000	0.000000	-0.034000
1965	0	0.000000	0.000000	0.000000	-0.034000
1966	1	0.000000	0.000000	0.000000	-0.034000
1967	0	0.000000	0.000000	0.000000	-0.034000
1968	1	0.000000	0.000000	0.000000	-0.034000
1969	1	0.000000	0.000000	0.000000	-0.034000
1970	0	0.000000	0.000000	0.000000	-0.034000
1971	1	0.000000	0.000000	0.000000	-0.034000
1972	1	0.000000	0.000000	0.000000	-0.034000
1973	0	0.000000	0.000000	0.000000	-0.034000
1974	1	0.000000	0.000000	0.000000	-0.034000
1975	1	0.000000	0.633000	0.000000	-0.667000
1976	1	0.000000	0.000000	0.000000	-0.667000
1977	0	0.000000	0.000000	0.000000	-0.034000
1978	1	0.000000	0.000000	0.000000	-0.034000
1979	1	0.000000	0.000000	0.000000	-0.034000
1980	1	0.000000	0.000000	0.000000	-0.034000
1981	1	0.000000	0.000000	0.000000	-0.034000
1982	0	0.000000	0.000000	0.000000	-0.034000
1983	0	0.000000	0.000000	0.000000	-0.034000
1984	1	0.000000	0.000000	0.000000	-0.034000
1985	1	0.000000	0.000000	0.000000	-0.034000
1986	1	0.000000	0.000000	0.000000	-0.034000
1987	1	0.000000	0.000000	0.000000	-0.034000
1988	1	0.000000	0.000000	0.000000	-0.034000
1989	1	0.000000	0.000000	0.000000	-0.034000
1990	0	0.000000	0.000000	0.000000	-0.034000
1991	1	0.000000	0.000000	0.000000	-0.034000
1992	1	0.000000	0.000000	0.000000	-0.034000
1993	1	0.000000	0.000000	0.000000	-0.034000
1994	1	0.000000	0.633000	0.000000	-0.667000
1995	1	0.000000	0.000000	0.000000	-0.667000
1996	1	0.000000	0.000000	0.000000	-0.667000
1997	1	0.000000	0.000000	0.000000	-0.667000
1998	0	0.000000	0.000000	0.000000	-0.034000
1999	1	0.000000	0.000000	0.000000	-0.034000
