1	I	7296	8	0.067
2	P	721	1	0.167
3	B	26	1	0.168
4	B	53	1	0.168
5	P	894	1	0.267
6	B	36	1	0.267
7	B	67	1	0.267
8	P	852	1	0.367
9	B	48	1	0.367
10	B	52	1	0.367
11	P	953	1	0.467
12	B	35	1	0.467
13	B	35	1	0.468
14	P	528	1	0.567
15	B	52	1	0.567
16	B	40	1	0.567
17	P	528	1	0.633
18	B	64	1	0.634
19	I	7905	8	0.667
20	P	2438	3	0.767
21	B	150	1	0.767
22	B	218	1	0.767
23	P	4565	5	0.868
24	B	100	1	0.868
25	B	157	1	0.868
26	P	5685	6	0.967
27	B	197	1	0.967
28	B	183	1	0.967
29	P	7651	8	1.067
30	B	303	1	1.067
31	B	329	1	1.067
32	P	2258	3	1.167
33	B	191	1	1.167
34	B	211	1	1.167
35	P	850	1	1.234
36	B	203	1	1.234
37	I	15847	16	1.267
38	P	3406	4	1.367
39	B	354	1	1.367
40	B	328	1	1.367
41	P	2992	3	1.467
42	B	121	1	1.467
43	B	183	1	1.467
44	P	3221	4	1.567
45	B	96	1	1.567
46	B	134	1	1.567
47	P	4472	5	1.667
48	B	109	1	1.667
49	B	147	1	1.667
50	P	1475	2	1.767
51	B	65	1	1.767
52	B	57	1	1.767
53	P	843	1	1.834
54	B	89	1	1.834
55	I	20966	21	1.867
56	P	1766	2	1.967
57	B	108	1	1.967
58	B	101	1	1.967
59	P	2542	3	2.067
60	B	235	1	2.067
61	B	128	1	2.067
62	P	3292	4	2.167
63	B	225	1	2.167
64	B	196	1	2.167
65	P	3575	4	2.267
66	B	258	1	2.267
67	B	181	1	2.267
68	P	2877	3	2.367
69	B	323	1	2.367
70	B	344	1	2.367
71	P	1362	2	2.434
72	B	230	1	2.434
73	I	23624	24	2.467
74	P	2015	2	2.567
75	B	259	1	2.567
76	B	234	1	2.567
77	P	3447	4	2.667
78	B	440	1	2.667
79	B	266	1	2.667
80	P	4006	4	2.767
81	B	350	1	2.767
82	B	335	1	2.767
83	P	3437	4	2.867
84	B	295	1	2.867
85	B	241	1	2.867
86	P	2434	3	2.967
87	B	174	1	2.967
88	B	268	1	2.967
89	P	854	1	3.034
90	B	111	1	3.034
91	I	25440	25	3.068
92	P	2429	3	3.167
93	B	150	1	3.167
94	B	97	1	3.167
95	P	2773	3	3.267
96	B	136	1	3.267
97	B	64	1	3.267
98	P	2392	3	3.367
99	B	107	1	3.367
100	B	79	1	3.367
101	P	2533	3	3.467
102	B	94	1	3.467
103	B	87	1	3.467
104	P	2315	3	3.567
105	B	286	1	3.567
106	B	165	1	3.567
107	P	902	1	3.634
108	B	208	1	3.634
109	I	25667	26	3.667
110	P	2313	3	3.767
111	B	101	1	3.767
112	B	111	1	3.767
113	P	2539	3	3.867
114	B	155	1	3.867
115	B	159	1	3.867
116	P	2108	3	3.967
117	B	82	1	3.967
118	B	91	1	3.967
119	P	1900	2	4.067
120	B	75	1	4.067
121	B	63	1	4.067
122	P	1754	2	4.167
123	B	134	1	4.167
124	B	117	1	4.167
125	P	642	1	4.234
126	B	115	1	4.234
127	I	25829	26	4.267
128	P	1898	2	4.367
129	B	144	1	4.367
130	B	101	1	4.367
131	P	2519	3	4.467
132	B	166	1	4.467
133	B	155	1	4.467
134	P	2868	3	4.567
135	B	284	1	4.567
136	B	245	1	4.567
137	P	4334	5	4.667
138	B	417	1	4.667
139	B	394	1	4.667
140	P	2495	3	4.767
141	B	240	1	4.767
142	B	264	1	4.767
143	P	742	1	4.834
144	B	90	1	4.834
145	I	26620	26	4.867
146	P	1868	2	4.967
147	B	144	1	4.967
148	B	156	1	4.967
149	P	2105	3	5.067
150	B	173	1	5.067
151	B	130	1	5.067
152	P	2488	3	5.167
153	B	311	1	5.168
154	B	211	1	5.168
155	P	3244	4	5.267
156	B	381	1	5.267
157	B	251	1	5.268
158	P	2789	3	5.367
159	B	274	1	5.367
160	B	310	1	5.367
161	P	864	1	5.434
162	B	187	1	5.434
163	I	26853	27	5.468
164	P	2072	3	5.567
165	B	118	1	5.567
166	B	138	1	5.568
167	P	2010	2	5.667
168	B	91	1	5.667
169	B	78	1	5.667
170	P	2041	2	5.768
171	B	46	1	5.768
172	B	31	1	5.768
173	P	1608	2	5.868
174	B	39	1	5.868
175	B	41	1	5.868
176	P	1627	2	5.968
177	B	166	1	5.968
178	B	66	1	5.968
179	P	775	1	6.034
180	B	179	1	6.034
181	I	26928	27	6.067
182	P	2151	3	6.167
183	B	67	1	6.167
184	B	88	1	6.167
185	P	1783	2	6.268
186	B	86	1	6.268
187	B	53	1	6.268
188	P	2138	3	6.368
189	B	259	1	6.368
190	B	130	1	6.368
191	P	2119	3	6.468
192	B	136	1	6.468
193	B	182	1	6.468
194	P	1561	2	6.567
195	B	55	1	6.567
196	B	37	1	6.567
197	P	629	1	6.634
198	B	51	1	6.634
199	I	27081	27	6.668
200	P	1718	2	6.768
201	B	135	1	6.768
202	B	68	1	6.768
203	P	1840	2	6.867
204	B	116	1	6.867
205	B	103	1	6.867
206	P	2401	3	6.967
207	B	238	1	6.967
208	B	190	1	6.967
209	P	2985	3	7.067
210	B	316	1	7.067
211	B	343	1	7.067
212	P	2812	3	7.167
213	B	445	1	7.167
214	B	352	1	7.167
215	P	1438	2	7.237
216	B	336	1	7.237
217	I	26927	27	7.267
218	P	3069	3	7.367
219	B	285	1	7.367
220	B	253	1	7.367
221	P	3365	4	7.467
222	B	306	1	7.467
223	B	290	1	7.467
224	P	3265	4	7.568
225	B	295	1	7.568
226	B	234	1	7.568
227	P	2881	3	7.667
228	B	161	1	7.667
229	B	239	1	7.667
230	P	1888	2	7.767
231	B	102	1	7.767
232	B	136	1	7.767
233	P	740	1	7.834
234	B	165	1	7.834
235	I	27443	27	7.867
236	P	2683	3	7.967
237	B	226	1	7.967
238	B	245	1	7.967
239	P	2362	3	8.067
240	B	191	1	8.067
241	B	197	1	8.067
242	P	2625	3	8.167
243	B	220	1	8.167
244	B	257	1	8.167
245	P	3094	4	8.267
246	B	295	1	8.267
247	B	178	1	8.267
248	P	2907	3	8.367
249	B	343	1	8.367
250	B	198	1	8.367
251	P	859	1	8.434
252	B	244	1	8.434
253	I	27113	27	8.467
254	P	2287	3	8.567
255	B	115	1	8.568
256	B	206	1	8.568
257	P	2170	3	8.668
258	B	118	1	8.668
259	B	33	1	8.668
260	P	2982	3	8.767
261	B	388	1	8.767
262	B	272	1	8.768
263	P	3036	3	8.867
264	B	160	1	8.867
265	B	258	1	8.867
266	P	1883	2	8.967
267	B	30	1	8.967
268	B	37	1	8.967
269	P	515	1	9.034
270	B	30	1	9.034
271	I	26833	27	9.067
272	P	1583	2	9.167
273	B	130	1	9.167
274	B	73	1	9.167
275	P	2569	3	9.267
276	B	241	1	9.267
277	B	247	1	9.267
278	P	3465	4	9.367
279	B	335	1	9.367
280	B	288	1	9.367
281	P	3167	4	9.467
282	B	235	1	9.467
283	B	285	1	9.467
284	P	2590	3	9.568
285	B	245	1	9.568
286	B	159	1	9.568
287	P	851	1	9.634
288	B	186	1	9.634
289	I	23296	23	9.667
290	P	1748	2	9.767
291	B	185	1	9.767
292	B	152	1	9.767
293	P	1759	2	9.867
294	B	187	1	9.867
295	B	179	1	9.867
296	P	1620	2	9.967
297	B	233	1	9.967
298	B	179	1	9.967
299	P	784	1	10.033
300	B	196	1	10.033
