1	H	3370	4	0.066
2	P	181	1	0.199
3	P	51	1	0.200
4	P	31	1	0.200
5	P	25	1	0.200
6	P	236	1	0.298
7	P	40	1	0.298
8	P	29	1	0.298
9	P	186	1	0.397
10	P	40	1	0.400
11	P	26	1	0.400
12	P	116	1	0.496
13	P	35	1	0.496
14	P	25	1	0.496
15	P	1758	2	0.627
16	P	104	1	0.627
17	P	55	1	0.627
18	P	49	1	0.627
19	P	3010	3	0.759
20	P	131	1	0.759
21	P	114	1	0.759
22	P	44	1	0.759
23	P	2470	3	0.891
24	P	134	1	0.891
25	P	133	1	0.891
26	P	72	1	0.891
27	P	1180	2	1.023
28	P	104	1	1.023
29	P	110	1	1.023
30	P	91	2	1.023
31	I	7091	7	1.057
32	P	1085	2	1.188
33	P	129	1	1.188
34	P	128	1	1.188
35	P	52	1	1.188
36	P	835	1	1.321
37	P	100	1	1.321
38	P	95	1	1.321
39	P	58	1	1.321
40	P	775	1	1.453
41	P	84	1	1.453
42	P	90	1	1.453
43	P	58	1	1.453
44	P	343	1	1.585
45	P	66	1	1.585
46	P	71	1	1.585
47	P	54	1	1.585
48	P	392	1	1.717
49	P	76	1	1.717
50	P	80	1	1.717
51	P	58	1	1.717
52	P	220	1	1.849
53	P	59	1	1.849
54	P	71	1	1.849
55	P	60	1	1.849
56	P	157	1	1.980
57	P	67	1	1.980
58	P	71	1	1.980
59	P	60	1	1.980
60	P	85	2	2.014
61	I	7372	8	2.047
62	P	7544	8	2.179
63	P	3648	4	2.179
64	P	788	1	2.179
65	P	3320	4	2.179
66	P	3764	4	2.212
67	P	2594	3	2.300
68	P	3120	4	2.300
69	P	2692	3	2.410
70	P	815	1	2.410
71	P	1191	2	2.410
72	P	271	1	2.410
73	P	1007	1	2.442
74	P	381	1	2.475
75	P	2755	3	2.608
76	P	1395	2	2.608
77	P	1070	2	2.608
78	P	714	1	2.608
79	P	742	1	2.641
80	P	925	1	2.674
81	P	1085	2	2.707
82	P	1692	2	2.767
83	P	2242	3	2.772
84	P	2503	3	2.805
85	P	2621	3	2.838
86	P	2630	3	2.872
87	P	2526	3	2.905
88	P	2917	3	2.938
89	P	3072	4	2.971
90	I	8727	9	3.004
91	P	4815	5	3.136
92	P	3417	4	3.136
93	P	2226	3	3.167
94	P	1289	2	3.167
95	P	2789	3	3.201
96	P	1404	3	3.201
97	I	9059	9	3.235
98	P	3011	3	3.268
99	P	4119	5	3.333
100	P	1996	2	3.334
101	P	1880	2	3.367
102	P	3951	4	3.498
103	P	2572	3	3.498
104	P	1295	2	3.498
105	P	1135	2	3.498
106	P	2748	3	3.598
107	P	1520	2	3.598
108	P	1534	2	3.598
109	P	3027	3	3.663
110	P	1858	3	3.663
111	I	8631	9	3.700
112	P	4250	5	3.828
113	P	2955	3	3.828
114	P	2017	2	3.829
115	P	1762	2	3.829
116	P	3528	4	3.960
117	P	2248	3	3.960
118	P	1307	2	3.960
119	P	1440	2	3.960
120	P	4950	5	4.093
121	P	3005	3	4.093
122	P	1799	2	4.093
123	P	1216	2	4.093
124	P	1395	2	4.133
125	P	1190	2	4.167
126	P	2144	3	4.224
127	P	916	1	4.224
128	P	2305	3	4.290
129	P	831	1	4.290
130	P	1046	2	4.333
131	P	2119	3	4.422
132	P	759	1	4.423
133	P	197	1	4.423
134	P	2694	3	4.488
135	P	1202	2	4.488
136	P	2472	4	4.533
137	I	8334	9	4.567
138	P	2019	2	4.600
139	P	2569	3	4.633
140	P	3776	4	4.753
141	P	1411	2	4.753
142	P	796	1	4.753
143	P	585	1	4.753
144	P	2328	3	4.885
145	P	817	1	4.885
146	P	327	1	4.885
147	P	291	1	4.885
148	P	1807	2	5.017
149	P	617	1	5.017
150	P	345	1	5.017
151	P	246	1	5.017
152	P	1633	2	5.149
153	P	532	1	5.149
154	P	259	1	5.149
155	P	299	1	5.149
156	P	1530	2	5.280
157	P	703	1	5.280
158	P	372	1	5.280
159	P	292	1	5.280
160	P	730	1	5.333
161	P	3992	4	5.446
162	P	2038	2	5.446
163	P	727	1	5.446
164	P	1608	2	5.446
165	P	2876	3	5.511
166	P	1464	3	5.511
167	I	9868	10	5.567
168	P	1735	2	5.600
169	P	1782	2	5.633
170	P	2809	3	5.667
171	P	6497	7	5.776
172	P	3007	3	5.776
173	P	1443	2	5.776
174	P	2795	3	5.776
175	P	5103	5	5.875
176	P	2478	3	5.875
177	P	1891	2	5.875
178	P	2248	3	5.933
179	P	2473	3	5.967
180	P	8919	9	6.040
181	P	2107	3	6.040
182	P	2540	3	6.040
183	P	5627	6	6.100
184	P	8524	9	6.171
185	P	3216	4	6.171
186	P	1553	2	6.171
187	P	8475	9	6.304
188	P	3437	4	6.304
189	P	2300	3	6.304
190	P	2373	3	6.304
191	P	6166	7	6.435
192	P	1841	2	6.435
193	P	1507	2	6.435
194	P	810	1	6.435
195	P	1412	2	6.567
196	P	630	2	6.567
197	I	21143	21	6.567
198	P	539	1	6.567
199	P	769	1	6.633
200	P	1322	2	6.633
201	P	2231	3	6.733
202	P	921	1	6.733
203	P	826	1	6.733
204	P	1698	2	6.865
205	P	1077	2	6.865
206	P	605	1	6.865
207	P	524	1	6.865
208	P	2364	3	6.996
209	P	1577	2	6.996
210	P	810	1	6.996
211	P	1198	2	6.996
212	P	3485	4	7.129
213	P	1932	2	7.129
214	P	1303	2	7.129
215	P	1412	2	7.129
216	P	4492	5	7.261
217	P	2043	2	7.261
218	P	1604	2	7.261
219	P	1008	1	7.261
220	P	2536	3	7.333
221	P	919	1	7.333
222	P	2312	3	7.426
223	P	1150	2	7.426
224	P	1020	1	7.426
225	P	1678	2	7.500
226	P	1058	3	7.500
227	I	14116	14	7.567
228	P	9752	10	7.733
229	P	1442	2	7.734
230	P	669	1	7.734
231	P	1049	2	7.734
232	P	4216	5	7.734
233	P	10140	10	7.822
234	P	2310	3	7.822
235	P	1462	2	7.822
236	P	1348	2	7.822
237	P	3342	4	7.954
238	P	2152	3	7.954
239	P	1411	2	7.954
240	P	1041	2	7.954
241	P	6248	7	8.086
242	P	1135	2	8.086
243	P	1179	2	8.086
244	P	410	1	8.086
245	P	489	1	8.218
246	P	480	1	8.218
247	P	307	1	8.218
248	P	211	1	8.218
249	P	346	1	8.349
250	P	46	1	8.349
251	P	63	1	8.349
252	P	38	1	8.349
253	P	82	1	8.481
254	P	36	1	8.481
255	P	38	1	8.481
256	P	58	2	8.481
257	I	12317	13	8.567
258	P	39	1	8.646
259	P	27	1	8.646
260	P	33	1	8.646
261	P	33	1	8.646
262	P	35	1	8.778
263	P	29	1	8.778
264	P	33	1	8.778
265	P	33	1	8.778
266	P	42	1	8.910
267	P	29	1	8.910
268	P	33	1	8.910
269	P	34	1	8.910
270	P	42	1	9.042
271	P	29	1	9.042
272	P	34	1	9.043
273	P	33	1	9.043
274	P	45	1	9.141
275	P	35	1	9.141
276	P	53	2	9.142
277	I	18970	19	9.234
278	P	1334	2	9.234
279	P	1236	2	9.300
280	P	1618	2	9.300
281	P	1568	2	9.367
282	P	3706	4	9.405
283	P	842	1	9.405
284	P	772	1	9.405
285	P	2489	3	9.500
286	P	2369	3	9.500
287	P	5074	5	9.570
288	P	839	1	9.571
289	P	790	1	9.571
290	P	4559	5	9.703
291	P	1254	2	9.703
292	P	768	1	9.703
293	P	829	1	9.703
294	P	1944	2	9.800
295	P	3150	4	9.833
296	P	765	1	9.833
297	P	3147	4	9.900
298	P	753	1	9.900
299	P	3221	4	9.967
300	P	772	1	9.967
301	P	4731	5	10.066
302	P	1744	2	10.066
303	P	751	1	10.066
304	P	846	1	10.066
305	P	2335	3	10.167
306	P	942	2	10.167
307	I	28894	29	10.167
308	P	4302	5	10.297
309	P	1844	2	10.297
310	P	784	1	10.297
311	P	706	1	10.297
312	P	3861	4	10.428
313	P	1549	2	10.428
314	P	761	1	10.428
315	P	766	1	10.428
316	P	3655	4	10.533
317	P	1322	2	10.533
318	P	660	1	10.534
319	P	3797	4	10.659
320	P	1494	2	10.659
321	P	634	1	10.659
322	P	604	1	10.659
323	P	2834	3	10.767
324	P	619	1	10.767
325	P	3631	4	10.857
326	P	1494	2	10.857
327	P	657	1	10.857
328	P	674	1	10.858
329	P	3242	4	10.990
330	P	1459	2	10.990
331	P	714	1	10.990
332	P	712	1	10.990
333	P	2277	3	11.122
334	P	1233	2	11.122
335	P	619	1	11.122
336	P	531	2	11.122
337	I	18507	19	11.234
338	P	1628	2	11.287
339	P	726	1	11.400
340	P	555	1	11.400
341	P	434	1	11.400
342	P	808	1	11.418
343	P	644	1	11.418
344	P	438	1	11.418
345	P	405	2	11.418
346	I	12225	12	11.533
347	P	3641	4	11.584
348	P	1578	2	11.584
349	P	777	1	11.584
350	P	752	1	11.584
351	P	4439	5	11.716
352	P	1783	2	11.716
353	P	782	1	11.716
354	P	839	1	11.716
355	P	4081	4	11.967
356	P	1705	2	11.967
357	P	736	1	11.967
358	P	742	1	11.967
359	P	1301	2	11.967
360	P	3289	4	12.000
361	P	1209	2	12.000
362	P	759	1	12.000
363	P	1752	2	12.100
364	P	2101	3	12.100
365	P	1470	2	12.100
366	P	4074	4	12.200
367	P	1467	2	12.200
368	P	933	1	12.200
369	P	4457	5	12.310
370	P	2066	3	12.310
371	P	936	1	12.310
372	P	949	1	12.310
373	P	1770	2	12.433
374	P	3208	4	12.433
375	P	1061	3	12.434
376	I	14740	15	12.534
377	P	5031	5	12.567
378	P	1359	2	12.567
379	P	1295	2	12.567
380	P	5252	6	12.667
381	P	1847	2	12.667
382	P	1344	2	12.667
383	P	5689	6	12.900
384	P	2541	3	12.900
385	P	1307	2	12.900
386	P	651	1	12.900
387	P	3757	4	12.900
388	P	2660	3	12.900
389	P	4407	5	12.967
390	P	1483	2	12.967
391	P	5549	6	13.033
392	P	2004	2	13.033
393	P	1324	2	13.034
394	P	5847	6	13.135
395	P	2683	3	13.135
396	P	1412	2	13.135
397	P	1377	2	13.135
398	P	4488	5	13.267
399	P	1311	2	13.267
400	P	4483	5	13.267
401	P	1385	2	13.267
402	P	4485	5	13.400
403	P	1257	2	13.400
404	P	3128	4	13.400
405	P	1418	3	13.400
406	I	15442	16	13.534
407	P	5309	6	13.567
408	P	2078	3	13.567
409	P	1103	2	13.567
410	P	1448	2	13.567
411	P	6186	7	13.700
412	P	2468	3	13.700
413	P	1484	2	13.700
414	P	1353	2	13.700
415	P	6329	7	13.833
416	P	2502	3	13.834
417	P	1454	2	13.834
418	P	1443	2	13.834
419	P	5345	6	13.967
420	P	1919	2	13.967
421	P	1238	2	13.967
422	P	6372	7	14.067
423	P	2472	3	14.067
424	P	1402	2	14.067
425	P	1410	2	14.067
426	P	6170	7	14.200
427	P	2398	3	14.200
428	P	1373	2	14.200
429	P	1374	2	14.200
430	P	6266	7	14.333
431	P	2376	3	14.334
432	P	1369	2	14.334
433	P	1341	2	14.334
434	P	2907	3	14.467
435	P	1486	3	14.467
436	I	19571	20	14.467
437	P	5779	6	14.567
438	P	2167	3	14.567
439	P	1379	2	14.567
440	P	1301	2	14.567
441	P	5886	6	14.700
442	P	2206	3	14.700
443	P	1360	2	14.700
444	P	1248	2	14.700
445	P	5450	6	14.833
446	P	2018	2	14.834
447	P	1277	2	14.834
448	P	1101	2	14.834
449	P	4939	5	14.967
450	P	1840	2	14.967
451	P	1154	2	14.967
452	P	1052	2	14.967
453	P	5118	5	15.100
454	P	1765	2	15.100
455	P	1061	2	15.100
456	P	1045	2	15.100
457	P	5338	6	15.233
458	P	1724	2	15.233
459	P	1139	2	15.234
460	P	1047	2	15.234
461	P	4527	5	15.367
462	P	1540	2	15.367
463	P	1004	1	15.367
464	P	893	1	15.367
465	P	1331	3	15.500
466	I	16598	17	15.500
467	P	3744	4	15.567
468	P	1176	2	15.567
469	P	676	1	15.567
470	P	863	1	15.567
471	P	4063	4	15.700
472	P	1547	2	15.700
473	P	867	1	15.700
474	P	864	1	15.700
475	P	3648	4	15.833
476	P	820	1	15.833
477	P	4837	5	15.900
478	P	1540	2	15.900
479	P	901	1	15.900
480	P	858	1	15.900
481	P	4604	5	16.033
482	P	1483	2	16.033
483	P	973	1	16.034
484	P	787	1	16.034
485	P	4887	5	16.167
486	P	1514	2	16.167
487	P	859	1	16.167
488	P	867	1	16.167
489	P	4928	5	16.300
490	P	1566	2	16.300
491	P	998	1	16.300
492	P	876	1	16.300
493	P	2193	3	16.433
494	P	1173	2	16.434
495	P	1156	3	16.434
496	I	18282	18	16.434
497	P	4241	5	16.567
498	P	1300	2	16.567
499	P	1012	1	16.567
500	P	4614	5	16.667
501	P	1540	2	16.667
502	P	904	1	16.667
503	P	894	1	16.667
504	P	3862	4	16.800
505	P	894	1	16.800
506	P	4834	5	16.867
507	P	1677	2	16.867
508	P	1020	1	16.867
509	P	1064	2	16.867
510	P	5329	6	17.000
511	P	1948	2	17.000
512	P	1158	2	17.000
513	P	1060	2	17.000
514	P	5230	6	17.133
515	P	1582	2	17.134
516	P	1018	1	17.134
517	P	1085	2	17.134
518	P	5558	6	17.267
519	P	1626	2	17.267
520	P	995	1	17.267
521	P	1055	2	17.267
522	P	5621	6	17.400
523	P	1452	2	17.400
524	P	1054	2	17.400
525	P	1299	3	17.400
526	I	20857	21	17.400
527	P	4158	5	17.567
528	P	1312	2	17.567
529	P	749	1	17.567
530	P	884	1	17.567
531	P	3920	4	17.700
532	P	1376	2	17.700
533	P	682	1	17.700
534	P	874	1	17.700
535	P	4058	4	17.833
536	P	1421	2	17.834
537	P	916	1	17.834
538	P	924	1	17.834
539	P	3844	4	17.967
540	P	1472	2	17.967
541	P	908	1	17.967
542	P	844	1	17.967
543	P	3746	4	18.100
544	P	1480	2	18.100
545	P	928	1	18.100
546	P	993	1	18.100
547	P	3680	4	18.233
548	P	1285	2	18.234
549	P	878	1	18.234
550	P	4070	4	18.333
551	P	1517	2	18.333
552	P	876	1	18.334
553	P	880	1	18.334
554	P	2023	2	18.467
555	P	896	2	18.467
556	I	22367	22	18.467
557	P	3971	4	18.567
558	P	1605	2	18.567
559	P	987	1	18.567
560	P	889	1	18.567
561	P	4232	5	18.700
562	P	1633	2	18.700
563	P	1017	1	18.700
564	P	847	1	18.700
565	P	3801	4	18.833
566	P	1568	2	18.834
567	P	812	1	18.834
568	P	832	1	18.834
569	P	3542	4	18.967
570	P	1453	2	18.967
571	P	817	1	18.967
572	P	892	1	18.967
573	P	3321	4	19.100
574	P	1421	2	19.100
575	P	858	1	19.100
576	P	716	1	19.100
577	P	2929	3	19.233
578	P	1068	2	19.233
579	P	774	1	19.234
580	P	3653	4	19.333
581	P	1377	2	19.333
582	P	820	1	19.333
583	P	837	1	19.333
584	P	1410	2	19.467
585	P	854	2	19.467
586	I	20993	21	19.467
587	P	2573	3	19.567
588	P	768	1	19.567
589	P	603	1	19.567
590	P	1569	2	19.567
591	P	2962	3	19.700
592	P	941	1	19.700
593	P	752	1	19.700
594	P	2602	3	19.800
595	P	846	1	19.800
596	P	649	1	19.800
597	P	2897	3	19.900
598	P	1204	2	19.900
599	P	747	1	19.900
600	P	684	1	19.900
601	P	2915	3	20.033
602	P	1167	2	20.033
603	P	650	1	20.034
604	P	631	1	20.034
605	P	2291	3	20.167
606	P	958	1	20.167
607	P	653	1	20.167
608	P	545	1	20.167
609	P	1797	2	20.300
610	P	733	1	20.300
611	P	530	1	20.300
612	P	1573	2	20.400
613	P	981	1	20.400
614	P	536	1	20.400
615	P	553	2	20.400
616	I	17723	18	20.400
617	P	4027	4	20.400
618	P	4048	4	20.600
619	P	4122	5	20.600
620	P	6241	7	20.600
621	P	1895	2	20.600
622	P	1666	2	20.600
623	P	847	1	20.600
624	P	4056	4	20.800
625	P	1146	2	20.800
626	P	591	1	20.800
627	P	623	1	20.800
628	P	3522	4	20.933
629	P	1141	2	20.934
630	P	629	1	20.934
631	P	595	1	20.934
632	P	2805	3	21.067
633	P	1084	2	21.067
634	P	507	1	21.067
635	P	505	1	21.067
636	P	2806	3	21.200
637	P	1012	1	21.200
638	P	530	1	21.200
639	P	564	1	21.200
640	P	2716	3	21.200
641	P	635	1	21.200
642	P	3582	4	21.400
643	P	1287	2	21.400
644	P	613	1	21.400
645	P	731	2	21.400
646	I	20272	20	21.400
647	P	3304	4	21.567
648	P	921	1	21.567
649	P	624	1	21.567
650	P	517	1	21.567
651	P	3229	4	21.700
652	P	1148	2	21.700
653	P	555	1	21.700
654	P	532	1	21.700
655	P	2830	3	21.833
656	P	963	1	21.833
657	P	494	1	21.833
658	P	537	1	21.834
659	P	2747	3	21.967
660	P	1055	2	21.967
661	P	537	1	21.967
662	P	641	1	21.967
663	P	3196	4	22.100
664	P	825	1	22.100
665	P	612	1	22.100
666	P	3286	4	22.200
667	P	1216	2	22.200
668	P	583	1	22.200
669	P	568	1	22.200
670	P	3113	4	22.333
671	P	1020	1	22.333
672	P	581	1	22.334
673	P	601	1	22.334
674	P	1298	2	22.334
675	P	571	2	22.334
676	I	20538	21	22.534
677	P	1804	2	22.534
678	P	478	1	22.534
679	P	2848	3	22.633
680	P	1068	2	22.633
681	P	608	1	22.633
682	P	557	1	22.634
683	P	2910	3	22.767
684	P	1090	2	22.767
685	P	565	1	22.767
686	P	532	1	22.767
687	P	2354	3	22.900
688	P	811	1	22.900
689	P	418	1	22.900
690	P	405	1	22.900
691	P	2657	3	23.033
692	P	879	1	23.033
693	P	469	1	23.033
694	P	601	1	23.034
695	P	3306	4	23.167
696	P	1229	2	23.167
697	P	632	1	23.167
698	P	628	1	23.167
699	P	3210	4	23.300
700	P	1124	2	23.300
701	P	633	1	23.300
702	P	555	1	23.300
703	P	1431	2	23.300
704	P	657	1	23.300
705	P	657	2	23.300
706	I	19645	20	23.534
707	P	2886	3	23.534
708	P	919	1	23.534
709	P	495	1	23.534
710	P	503	1	23.534
711	P	2540	3	23.700
712	P	917	1	23.700
713	P	468	1	23.700
714	P	529	1	23.700
715	P	3114	4	23.833
716	P	1148	2	23.833
717	P	586	1	23.834
718	P	586	1	23.834
719	P	3022	3	23.967
720	P	1151	2	23.967
721	P	624	1	23.967
722	P	579	1	23.967
723	P	2512	3	24.100
724	P	1120	2	24.100
725	P	522	1	24.100
726	P	598	1	24.100
727	P	3429	4	24.233
728	P	1199	2	24.233
729	P	650	1	24.234
730	P	702	1	24.234
731	P	3630	4	24.367
732	P	1346	2	24.367
733	P	724	1	24.367
734	P	684	1	24.367
735	P	1017	2	24.367
736	I	17918	18	24.367
737	P	2232	3	24.567
738	P	576	1	24.567
739	P	3395	4	24.567
740	P	1190	2	24.567
741	P	586	1	24.567
742	P	510	1	24.567
743	P	3621	4	24.767
744	P	1264	2	24.767
745	P	576	1	24.767
746	P	589	1	24.767
747	P	2768	3	24.767
748	P	3125	4	24.933
749	P	780	1	24.933
750	P	152	1	24.933
751	P	156	1	24.933
752	P	3443	4	25.067
753	P	1494	2	25.067
754	P	139	1	25.067
755	P	975	1	25.067
756	P	3581	4	25.200
757	P	1631	2	25.200
758	P	801	1	25.200
759	P	841	1	25.200
760	P	4016	4	25.200
761	P	969	1	25.200
762	P	3109	4	25.400
763	P	1621	2	25.400
764	P	778	1	25.400
765	P	639	2	25.400
766	I	17999	18	25.400
767	P	1693	2	25.567
768	P	542	1	25.567
769	P	356	1	25.567
770	P	356	1	25.567
771	P	2564	3	25.700
772	P	930	1	25.700
773	P	387	1	25.700
774	P	627	1	25.700
775	P	1618	2	25.833
776	P	920	1	25.833
777	P	617	1	25.834
778	P	552	1	25.834
779	P	1633	2	25.967
780	P	900	1	25.967
781	P	579	1	25.967
782	P	615	1	25.967
783	P	1332	2	26.100
784	P	844	1	26.100
785	P	585	1	26.100
786	P	539	1	26.100
787	P	865	1	26.233
788	P	821	1	26.233
789	P	581	1	26.233
790	P	578	2	26.234
791	I	10499	11	26.234
792	P	1113	2	26.234
793	P	344	1	26.234
794	P	1417	2	26.467
795	P	521	1	26.467
796	P	2838	3	26.467
797	P	985	1	26.467
798	P	664	1	26.467
799	P	3777	4	26.633
800	P	1399	2	26.633
801	P	787	1	26.633
802	P	717	1	26.634
803	P	6385	7	26.634
804	P	4217	5	26.634
805	P	1222	2	26.634
806	P	1920	2	26.634
807	P	4868	5	26.900
808	P	2443	3	26.900
809	P	1093	2	26.900
810	P	1115	2	26.900
811	P	2953	3	26.900
812	P	1092	2	26.900
813	P	2601	3	26.900
814	P	1858	2	27.133
815	P	928	1	27.133
816	P	2452	3	27.134
817	P	2143	3	27.134
818	P	840	1	27.134
819	P	2429	3	27.134
820	P	952	2	27.134
821	I	14044	14	27.134
822	P	1822	2	27.400
823	P	434	1	27.400
824	P	231	1	27.400
825	P	196	1	27.400
826	P	1389	2	27.400
827	P	472	1	27.400
828	P	202	1	27.400
829	P	207	1	27.400
830	P	2123	3	27.667
831	P	506	1	27.667
832	P	255	1	27.667
833	P	256	1	27.667
834	P	2280	3	27.667
835	P	463	1	27.667
836	P	209	1	27.667
837	P	211	1	27.667
838	P	1344	2	27.933
839	P	396	1	27.933
840	P	238	1	27.934
841	P	192	1	27.934
842	P	1964	2	27.934
843	P	596	1	27.934
844	P	219	1	27.934
845	P	303	1	27.934
846	P	1048	2	28.200
847	P	298	1	28.200
848	P	2091	3	28.200
849	P	590	1	28.200
850	P	585	2	28.200
851	I	14512	15	28.200
852	P	2025	2	28.400
853	P	880	1	28.400
854	P	450	1	28.400
855	P	2243	3	28.400
856	P	1022	1	28.400
857	P	511	1	28.400
858	P	533	1	28.400
859	P	2285	3	28.633
860	P	934	1	28.633
861	P	497	1	28.633
862	P	443	1	28.634
863	P	1540	2	28.634
864	P	363	1	28.634
865	P	1238	2	28.634
866	P	1339	2	28.634
867	P	1115	2	28.900
868	P	4287	5	28.900
869	P	848	1	28.900
870	P	452	1	28.900
871	P	417	1	28.900
872	P	2327	3	29.067
873	P	655	1	29.067
874	P	425	1	29.067
875	P	326	1	29.067
876	P	1693	2	29.067
877	P	664	1	29.067
878	P	289	1	29.067
879	P	415	1	29.067
880	P	694	2	29.333
881	I	15115	15	29.334
882	P	2331	3	29.334
883	P	744	1	29.334
884	P	410	1	29.334
885	P	388	1	29.334
886	P	1858	2	29.334
887	P	468	1	29.334
888	P	1162	2	29.600
889	P	1293	2	29.600
890	P	1821	2	29.600
891	P	489	1	29.600
892	P	361	1	29.600
893	P	2336	3	29.600
894	P	547	1	29.600
895	P	474	1	29.600
896	P	2407	3	29.867
897	P	819	1	29.867
898	P	476	1	29.867
899	P	491	1	29.867
900	P	2787	3	29.867
901	P	965	1	29.867
902	P	525	1	29.867
903	P	538	1	29.867
904	P	1868	2	30.133
905	P	373	1	30.133
906	P	1813	2	30.134
907	P	405	1	30.134
908	P	1229	2	30.134
909	P	859	1	30.134
910	P	1080	3	30.134
911	I	14414	15	30.134
912	P	4062	4	30.400
913	P	1389	2	30.400
914	P	816	1	30.400
915	P	741	1	30.400
916	P	3279	4	30.400
917	P	1352	2	30.400
918	P	707	1	30.400
919	P	864	1	30.400
920	P	1850	2	30.400
921	P	1971	2	30.700
922	P	2617	3	30.700
923	P	910	1	30.700
924	P	641	1	30.700
925	P	2610	3	30.700
926	P	777	1	30.700
927	P	577	1	30.700
928	P	2767	3	30.933
929	P	1121	2	30.933
930	P	706	1	30.933
931	P	514	1	30.934
932	P	2085	3	30.934
933	P	583	1	30.934
934	P	4642	5	31.133
935	P	797	1	31.133
936	P	538	1	31.134
937	P	362	1	31.134
938	P	864	1	31.134
939	P	415	1	31.134
940	P	406	2	31.134
941	I	15126	15	31.134
942	P	1591	2	31.400
943	P	412	1	31.400
944	P	2243	3	31.400
945	P	977	1	31.400
946	P	418	1	31.400
947	P	416	1	31.400
948	P	1490	2	31.400
949	P	1775	2	31.400
950	P	1843	2	31.400
951	P	1956	2	31.700
952	P	710	1	31.700
953	P	411	1	31.700
954	P	312	1	31.700
955	P	1111	2	31.700
956	P	3112	4	31.700
957	P	1020	1	31.700
958	P	605	1	31.700
959	P	539	1	31.700
960	P	2006	2	32.000
961	P	1018	1	32.000
962	P	433	1	32.000
963	P	619	1	32.000
964	P	2236	3	32.000
965	P	767	1	32.000
966	P	499	1	32.000
967	P	298	1	32.000
968	P	1139	2	32.267
969	P	404	1	32.267
970	P	441	2	32.267
971	I	14700	15	32.267
972	P	3462	4	32.267
973	P	1019	1	32.267
974	P	506	1	32.267
975	P	707	1	32.267
976	P	3131	4	32.533
977	P	1232	2	32.533
978	P	816	1	32.534
979	P	674	1	32.534
980	P	3253	4	32.534
981	P	1494	2	32.534
982	P	914	1	32.534
983	P	841	1	32.534
984	P	1273	2	32.534
985	P	2515	3	32.833
986	P	1080	2	32.833
987	P	563	1	32.833
988	P	530	1	32.833
989	P	1326	2	32.834
990	P	1567	2	32.834
991	P	1718	2	32.834
992	P	2433	3	33.067
993	P	1000	1	33.067
994	P	584	1	33.067
995	P	493	1	33.067
996	P	4579	5	33.067
997	P	720	1	33.067
998	P	535	1	33.067
999	P	1162	2	33.067
1000	P	424	2	33.067
1001	I	15977	16	33.067
1002	P	1637	2	33.400
1003	P	715	1	33.400
1004	P	325	1	33.400
1005	P	498	1	33.400
1006	P	1403	2	33.400
1007	P	2307	3	33.400
1008	P	948	1	33.400
1009	P	488	1	33.400
1010	P	506	1	33.400
1011	P	1648	2	33.400
1012	P	1596	2	33.733
1013	P	1863	2	33.733
1014	P	850	1	33.733
1015	P	430	1	33.733
1016	P	368	1	33.734
1017	P	2063	3	33.734
1018	P	487	1	33.734
1019	P	392	1	33.734
1020	P	2646	3	34.000
1021	P	891	1	34.000
1022	P	516	1	34.000
1023	P	451	1	34.000
1024	P	2090	3	34.000
1025	P	930	1	34.000
1026	P	543	1	34.000
1027	P	474	1	34.000
1028	P	1777	2	34.267
1029	P	535	1	34.267
1030	P	376	2	34.267
1031	I	14963	15	34.267
1032	P	1377	2	34.267
1033	P	430	1	34.267
1034	P	1141	2	34.267
1035	P	2954	3	34.267
1036	P	551	1	34.267
1037	P	3220	4	34.567
1038	P	1545	2	34.567
1039	P	850	1	34.567
1040	P	921	1	34.567
1041	P	2718	3	34.567
1042	P	1015	1	34.567
1043	P	803	1	34.567
1044	P	1690	2	34.567
1045	P	2700	3	34.833
1046	P	1224	2	34.833
1047	P	728	1	34.833
1048	P	619	1	34.834
1049	P	1823	2	34.834
1050	P	536	1	34.834
1051	P	1358	2	34.834
1052	P	1939	2	34.834
1053	P	481	1	34.834
1054	P	2487	3	35.133
1055	P	841	1	35.133
1056	P	493	1	35.133
1057	P	350	1	35.134
1058	P	931	1	35.134
1059	P	412	1	35.134
1060	P	407	2	35.134
1061	I	12660	13	35.134
1062	P	1703	2	35.134
1063	P	462	1	35.134
1064	P	1529	2	35.467
1065	P	1441	2	35.467
1066	P	3549	4	35.467
1067	P	1292	2	35.467
1068	P	4758	5	35.467
1069	P	1755	2	35.467
1070	P	1473	2	35.467
1071	P	3881	4	35.467
1072	P	1401	2	35.467
1073	P	2606	3	35.467
1074	P	4474	5	35.800
1075	P	2065	3	35.800
1076	P	1225	2	35.800
1077	P	1250	2	35.800
1078	P	3965	4	35.800
1079	P	1923	2	35.800
1080	P	1392	2	35.800
1081	P	1318	2	35.800
1082	P	4229	5	35.800
1083	P	1268	2	35.800
1084	P	2021	2	36.133
1085	P	3629	4	36.134
1086	P	1568	2	36.134
1087	P	1092	2	36.134
1088	P	948	1	36.134
1089	P	1878	2	36.134
1090	P	1089	3	36.134
1091	I	14370	15	36.134
1092	P	2969	3	36.400
1093	P	1238	2	36.400
1094	P	1123	2	36.400
1095	P	3270	4	36.400
1096	P	1566	2	36.400
1097	P	979	1	36.400
1098	P	1048	2	36.400
1099	P	3023	3	36.400
1100	P	1427	2	36.400
1101	P	1040	2	36.400
1102	P	845	1	36.400
1103	P	1495	2	36.767
1104	P	2667	3	36.767
1105	P	1124	2	36.767
1106	P	847	1	36.767
1107	P	673	1	36.767
1108	P	1483	2	36.767
1109	P	557	1	36.767
1110	P	561	1	36.767
1111	P	86	1	36.767
1112	P	735	1	36.767
1113	P	1617	2	37.100
1114	P	734	1	37.100
1115	P	421	1	37.100
1116	P	107	1	37.100
1117	P	1074	2	37.100
1118	P	1089	2	37.100
1119	P	896	1	37.100
1120	P	959	2	37.100
1121	I	11780	12	37.100
1122	P	3364	4	37.400
1123	P	593	1	37.400
1124	P	203	1	37.400
1125	P	152	1	37.400
1126	P	1251	2	37.400
1127	P	353	1	37.400
1128	P	903	1	37.400
1129	P	1192	2	37.400
1130	P	336	1	37.400
1131	P	296	1	37.400
1132	P	1284	2	37.733
1133	P	264	1	37.733
1134	P	1286	2	37.734
1135	P	252	1	37.734
1136	P	1344	2	37.734
1137	P	377	1	37.734
1138	P	195	1	37.734
1139	P	185	1	37.734
1140	P	1230	2	38.000
1141	P	483	1	38.000
1142	P	279	1	38.000
1143	P	272	1	38.000
1144	P	794	1	38.000
1145	P	1227	2	38.000
1146	P	357	1	38.000
1147	P	894	1	38.000
1148	P	757	1	38.000
1149	P	588	1	38.000
1150	P	636	2	38.000
1151	I	13352	14	38.367
1152	P	1192	2	38.367
1153	P	300	1	38.367
1154	P	210	1	38.367
1155	P	213	1	38.367
1156	P	691	1	38.367
1157	P	838	1	38.367
1158	P	917	1	38.367
1159	P	1064	2	38.367
1160	P	3001	3	38.667
1161	P	1249	2	38.667
1162	P	535	1	38.667
1163	P	715	1	38.667
1164	P	2726	3	38.667
1165	P	1080	2	38.667
1166	P	757	1	38.667
1167	P	655	1	38.667
1168	P	1626	2	38.667
1169	P	1588	2	38.667
1170	P	1349	2	38.667
1171	P	1309	2	39.033
1172	P	1599	2	39.033
1173	P	559	1	39.033
1174	P	380	1	39.033
1175	P	1001	1	39.033
1176	P	2137	3	39.034
1177	P	761	1	39.034
1178	P	391	1	39.034
1179	P	410	1	39.034
1180	P	1115	3	39.034
1181	I	12317	13	39.034
1182	P	925	1	39.400
1183	P	3494	4	39.400
1184	P	369	1	39.400
1185	P	1242	2	39.400
1186	P	273	1	39.400
1187	P	1000	1	39.400
1188	P	253	1	39.400
1189	P	1619	2	39.400
1190	P	425	1	39.400
1191	P	422	1	39.400
1192	P	1490	2	39.733
1193	P	509	1	39.733
1194	P	1166	2	39.733
1195	P	1097	2	39.734
1196	P	1217	2	39.734
1197	P	1221	2	39.734
1198	P	1420	2	39.734
1199	P	1363	2	39.734
1200	P	1021	1	39.734
1201	P	1441	2	39.734
1202	P	431	1	39.734
1203	P	1835	2	40.100
1204	P	740	1	40.100
1205	P	424	1	40.100
1206	P	499	1	40.100
1207	P	1268	2	40.100
1208	P	1199	2	40.100
1209	P	807	1	40.100
1210	P	450	2	40.100
1211	I	13988	14	40.100
1212	P	1460	2	40.100
1213	P	479	1	40.100
1214	P	933	1	40.100
1215	P	929	1	40.500
1216	P	1427	2	40.500
1217	P	396	1	40.500
1218	P	425	1	40.500
1219	P	1123	2	40.500
1220	P	2506	3	40.500
1221	P	969	1	40.500
1222	P	594	1	40.500
1223	P	701	1	40.500
1224	P	3305	4	40.800
1225	P	1281	2	40.800
1226	P	876	1	40.800
1227	P	752	1	40.800
1228	P	2528	3	40.800
1229	P	1157	2	40.800
1230	P	744	1	40.800
1231	P	633	1	40.800
1232	P	1155	2	40.800
1233	P	1052	2	40.800
1234	P	904	1	40.800
1235	P	894	1	40.800
1236	P	876	1	41.200
1237	P	914	1	41.200
1238	P	747	1	41.200
1239	P	1209	2	41.200
1240	P	438	2	41.200
1241	I	12747	13	41.200
1242	P	1873	2	41.200
1243	P	562	1	41.200
1244	P	426	1	41.200
1245	P	912	1	41.200
1246	P	3778	4	41.533
1247	P	411	1	41.533
1248	P	262	1	41.533
1249	P	1176	2	41.534
1250	P	289	1	41.534
1251	P	1469	2	41.534
1252	P	426	1	41.534
1253	P	1135	2	41.534
1254	P	1657	2	41.534
1255	P	618	1	41.534
1256	P	468	1	41.534
1257	P	1701	2	41.900
1258	P	552	1	41.900
1259	P	1436	2	41.900
1260	P	534	1	41.900
1261	P	1267	2	41.900
1262	P	421	1	41.900
1263	P	973	1	41.900
1264	P	1872	2	41.900
1265	P	694	1	41.900
1266	P	389	1	41.900
1267	P	395	1	41.900
1268	P	1506	2	42.267
1269	P	472	1	42.267
1270	P	1310	3	42.267
1271	I	13671	14	42.267
1272	P	987	1	42.267
1273	P	980	1	42.267
1274	P	1195	2	42.267
1275	P	1126	2	42.267
1276	P	1046	2	42.267
1277	P	1907	2	42.567
1278	P	769	1	42.567
1279	P	408	1	42.567
1280	P	421	1	42.567
1281	P	1608	2	42.567
1282	P	531	1	42.567
1283	P	3031	3	42.567
1284	P	745	1	42.567
1285	P	2403	3	42.567
1286	P	1306	2	42.567
1287	P	739	1	42.567
1288	P	861	1	42.567
1289	P	2763	3	42.967
1290	P	950	1	42.967
1291	P	748	1	42.967
1292	P	1337	2	42.967
1293	P	1321	2	42.967
1294	P	1286	2	42.967
1295	P	1041	2	42.967
1296	P	869	1	42.967
1297	P	2575	3	42.967
1298	P	521	1	42.967
1299	P	384	1	42.967
1300	P	1103	3	42.967
1301	I	13070	13	42.967
1302	P	725	1	43.400
1303	P	862	1	43.400
1304	P	1620	2	43.400
1305	P	447	1	43.400
1306	P	271	1	43.400
1307	P	219	1	43.400
1308	P	1342	2	43.400
1309	P	382	1	43.400
1310	P	190	1	43.400
1311	P	217	1	43.400
1312	P	1990	2	43.733
1313	P	601	1	43.733
1314	P	345	1	43.734
1315	P	435	1	43.734
1316	P	1088	2	43.734
1317	P	925	1	43.734
1318	P	1251	2	43.734
1319	P	1783	2	43.734
1320	P	2562	3	43.734
1321	P	913	1	43.734
1322	P	2108	3	43.734
1323	P	2268	3	43.734
1324	P	4654	5	44.133
1325	P	1734	2	44.134
1326	P	961	1	44.134
1327	P	1204	2	44.134
1328	P	4005	4	44.134
1329	P	1531	2	44.134
1330	P	1605	3	44.134
1331	I	13918	14	44.134
1332	P	4381	5	44.134
1333	P	1418	2	44.134
1334	P	2979	3	44.134
1335	P	1120	2	44.134
1336	P	2644	3	44.533
1337	P	898	1	44.534
1338	P	1800	2	44.534
1339	P	1912	2	44.534
1340	P	2678	3	44.534
1341	P	912	1	44.534
1342	P	3062	3	44.534
1343	P	1241	2	44.534
1344	P	1172	2	44.534
1345	P	1988	2	44.534
1346	P	2686	3	44.534
1347	P	1064	2	44.534
1348	P	2310	3	44.933
1349	P	973	1	44.934
1350	P	1714	2	44.934
1351	P	1859	2	44.934
1352	P	1808	2	44.934
1353	P	2720	3	44.934
1354	P	1074	2	44.934
1355	P	3058	3	44.934
1356	P	1196	2	44.934
1357	P	904	1	44.934
1358	P	644	1	44.934
1359	P	1533	2	44.934
1360	P	751	2	44.934
1361	I	13138	13	45.367
1362	P	2363	3	45.367
1363	P	1256	2	45.367
1364	P	866	1	45.367
1365	P	674	1	45.367
1366	P	962	1	45.367
1367	P	1320	2	45.367
1368	P	1416	2	45.367
1369	P	1494	2	45.367
1370	P	3945	4	45.367
1371	P	565	1	45.367
1372	P	602	1	45.367
1373	P	301	1	45.367
1374	P	866	1	45.800
1375	P	787	1	45.800
1376	P	798	1	45.800
1377	P	2296	3	45.800
1378	P	921	1	45.800
1379	P	504	1	45.800
1380	P	685	1	45.800
1381	P	1755	2	45.800
1382	P	815	1	45.800
1383	P	437	1	45.800
1384	P	580	1	45.800
1385	P	1385	2	45.800
1386	P	1191	2	45.800
1387	P	1135	2	46.233
1388	P	699	1	46.233
1389	P	380	1	46.233
1390	P	386	2	46.234
1391	I	14129	14	46.234
1392	P	1147	2	46.234
1393	P	1426	2	46.234
1394	P	2111	3	46.234
1395	P	790	1	46.234
1396	P	493	1	46.234
1397	P	533	1	46.234
1398	P	1286	2	46.234
1399	P	1468	2	46.234
1400	P	2254	3	46.667
1401	P	651	1	46.667
1402	P	558	1	46.667
1403	P	284	1	46.667
1404	P	1654	2	46.667
1405	P	616	1	46.667
1406	P	318	1	46.667
1407	P	418	1	46.667
1408	P	1706	2	46.667
1409	P	593	1	46.667
1410	P	2922	3	46.667
1411	P	859	1	46.667
1412	P	587	1	46.667
1413	P	557	1	46.667
1414	P	1983	2	47.133
1415	P	965	1	47.133
1416	P	571	1	47.133
1417	P	577	1	47.133
1418	P	1547	2	47.134
1419	P	736	1	47.134
1420	P	704	2	47.134
1421	I	13169	13	47.134
1422	P	1109	2	47.134
1423	P	1265	2	47.134
1424	P	2616	3	47.134
1425	P	1091	2	47.134
1426	P	648	1	47.134
1427	P	624	1	47.134
1428	P	2154	3	47.600
1429	P	903	1	47.600
1430	P	549	1	47.600
1431	P	590	1	47.600
1432	P	4158	5	47.600
1433	P	1132	2	47.600
1434	P	737	1	47.600
1435	P	543	1	47.600
1436	P	1086	2	47.600
1437	P	2844	3	47.600
1438	P	1086	2	47.600
1439	P	535	1	47.600
1440	P	733	1	47.600
1441	P	1980	2	48.033
1442	P	930	1	48.034
1443	P	511	1	48.034
1444	P	573	1	48.034
1445	P	1486	2	48.034
1446	P	2635	3	48.034
1447	P	742	1	48.034
1448	P	645	1	48.034
1449	P	920	1	48.034
1450	P	493	2	48.034
1451	I	14789	15	48.034
1452	P	1152	2	48.034
1453	P	2397	3	48.433
1454	P	817	1	48.434
1455	P	816	1	48.434
1456	P	2009	2	48.434
1457	P	619	1	48.434
1458	P	1883	2	48.434
1459	P	511	1	48.434
1460	P	2906	3	48.434
1461	P	1105	2	48.434
1462	P	666	1	48.434
1463	P	580	1	48.434
1464	P	1777	2	48.434
1465	P	522	1	48.434
1466	P	367	1	48.434
1467	P	1577	2	48.900
1468	P	500	1	48.900
1469	P	1209	2	48.900
1470	P	2930	3	48.900
1471	P	871	1	48.900
1472	P	750	1	48.900
1473	P	2807	3	48.900
1474	P	1231	2	48.900
1475	P	719	1	48.900
1476	P	773	1	48.900
1477	P	237	1	48.900
1478	P	2075	3	48.900
1479	P	1321	2	48.900
1480	P	179	2	48.900
1481	I	13883	14	49.367
1482	P	127	1	49.367
1483	P	2997	3	49.367
1484	P	1335	2	49.367
1485	P	747	1	49.367
1486	P	681	1	49.367
1487	P	2498	3	49.367
1488	P	895	1	49.367
1489	P	758	1	49.367
1490	P	4066	4	49.367
1491	P	1000	1	49.367
1492	P	631	1	49.367
1493	P	479	1	49.367
1494	P	3125	4	49.800
1495	P	1066	2	49.800
1496	P	616	1	49.800
1497	P	670	1	49.800
1498	P	1367	2	49.800
1499	P	1826	2	49.800
1500	P	777	1	49.800
1501	P	419	1	49.800
1502	P	495	1	49.800
1503	P	2461	3	49.800
1504	P	817	1	49.800
1505	P	744	1	49.800
1506	P	2024	2	49.800
1507	P	759	1	49.800
1508	P	593	1	49.800
1509	P	1379	2	50.300
1510	P	972	2	50.300
1511	I	14904	15	50.300
1512	P	1478	2	50.300
1513	P	1295	2	50.300
1514	P	2442	3	50.300
1515	P	766	1	50.300
1516	P	446	1	50.300
1517	P	610	1	50.300
1518	P	2395	3	50.300
1519	P	1168	2	50.300
1520	P	698	1	50.300
1521	P	504	1	50.300
1522	P	2514	3	50.733
1523	P	986	1	50.733
1524	P	563	1	50.734
1525	P	621	1	50.734
1526	P	1557	2	50.734
1527	P	1860	2	50.734
1528	P	531	1	50.734
1529	P	1954	2	50.734
1530	P	864	1	50.734
1531	P	517	1	50.734
1532	P	539	1	50.734
1533	P	3260	4	50.734
1534	P	1118	2	50.734
1535	P	749	1	50.734
1536	P	698	1	50.734
1537	P	3324	4	51.233
1538	P	1171	2	51.234
1539	P	723	1	51.234
1540	P	907	2	51.234
1541	I	13798	14	51.234
1542	P	1585	2	51.234
1543	P	1676	2	51.234
1544	P	2930	3	51.234
1545	P	1070	2	51.234
1546	P	666	1	51.234
1547	P	585	1	51.234
1548	P	2639	3	51.234
1549	P	915	1	51.234
1550	P	510	1	51.234
1551	P	529	1	51.234
1552	P	2214	3	51.733
1553	P	656	1	51.733
1554	P	454	1	51.734
1555	P	335	1	51.734
1556	P	1561	2	51.734
1557	P	526	1	51.734
1558	P	293	1	51.734
1559	P	277	1	51.734
1560	P	1377	2	51.734
1561	P	427	1	51.734
1562	P	234	1	51.734
1563	P	243	1	51.734
1564	P	1775	2	51.734
1565	P	396	1	51.734
1566	P	436	1	51.734
1567	P	2705	3	52.233
1568	P	759	1	52.233
1569	P	778	1	52.234
1570	P	1307	3	52.234
1571	I	13454	14	52.234
1572	P	3207	4	52.234
1573	P	1076	2	52.234
1574	P	4061	4	52.234
1575	P	1657	2	52.234
1576	P	1076	2	52.234
1577	P	1003	1	52.234
1578	P	2090	3	52.234
1579	P	4089	4	52.234
1580	P	1217	2	52.234
1581	P	1147	2	52.234
1582	P	3387	4	52.733
1583	P	1208	2	52.733
1584	P	999	1	52.734
1585	P	2808	3	52.734
1586	P	890	1	52.734
1587	P	2071	3	52.734
1588	P	2113	3	52.734
1589	P	1813	2	52.734
1590	P	1893	2	52.734
1591	P	2780	3	52.734
1592	P	827	1	52.734
1593	P	2629	3	52.734
1594	P	889	1	52.734
1595	P	2853	3	52.734
1596	P	907	1	52.734
1597	P	4124	5	53.233
1598	P	1267	2	53.234
1599	P	873	1	53.234
1600	P	800	2	53.234
1601	I	15893	16	53.234
1602	P	2321	3	53.234
1603	P	887	1	53.234
1604	P	541	1	53.234
1605	P	488	1	53.234
1606	P	1604	2	53.234
1607	P	606	1	53.234
1608	P	377	1	53.234
1609	P	279	1	53.234
1610	P	820	1	53.234
1611	P	773	1	53.234
1612	P	867	1	53.234
1613	P	1281	2	53.767
1614	P	344	1	53.767
1615	P	1040	2	53.767
1616	P	1441	2	53.767
1617	P	557	1	53.767
1618	P	244	1	53.767
1619	P	324	1	53.767
1620	P	3719	4	53.767
1621	P	464	1	53.767
1622	P	335	1	53.767
1623	P	690	1	53.767
1624	P	1124	2	53.767
1625	P	392	1	53.767
1626	P	158	1	53.767
1627	P	221	1	53.767
1628	P	823	1	53.767
1629	P	924	1	54.300
1630	P	544	2	54.300
1631	I	15559	16	54.300
1632	P	1810	2	54.300
1633	P	584	1	54.300
1634	P	327	1	54.300
1635	P	313	1	54.300
1636	P	1437	2	54.300
1637	P	412	1	54.300
1638	P	305	1	54.300
1639	P	209	1	54.300
1640	P	937	1	54.300
1641	P	249	1	54.300
1642	P	729	1	54.300
1643	P	970	1	54.300
1644	P	1104	2	54.300
1645	P	927	1	54.833
1646	P	1413	2	54.833
1647	P	409	1	54.833
1648	P	340	1	54.833
1649	P	831	1	54.833
1650	P	1418	2	54.833
1651	P	401	1	54.834
1652	P	298	1	54.834
1653	P	205	1	54.834
1654	P	950	1	54.834
1655	P	254	1	54.834
1656	P	278	1	54.834
1657	P	715	1	54.834
1658	P	1925	2	54.834
1659	P	526	1	54.834
1660	P	724	2	54.834
1661	I	14226	14	55.367
1662	P	2143	3	55.367
1663	P	814	1	55.367
1664	P	471	1	55.367
1665	P	487	1	55.367
1666	P	2215	3	55.367
1667	P	680	1	55.367
1668	P	575	1	55.367
1669	P	1341	2	55.367
1670	P	1131	2	55.367
1671	P	1137	2	55.367
1672	P	1847	2	55.367
1673	P	563	1	55.367
1674	P	358	1	55.367
1675	P	290	1	55.367
1676	P	2129	3	55.867
1677	P	660	1	55.867
1678	P	287	1	55.867
1679	P	351	1	55.867
1680	P	3787	4	55.867
1681	P	390	1	55.867
1682	P	372	1	55.867
1683	P	1522	2	55.867
1684	P	538	1	55.867
1685	P	325	1	55.867
1686	P	284	1	55.867
1687	P	2222	3	55.867
1688	P	700	1	55.867
1689	P	342	1	55.867
1690	P	293	2	55.867
1691	I	16226	16	55.867
1692	P	1942	2	56.400
1693	P	586	1	56.400
1694	P	434	1	56.400
1695	P	417	1	56.400
1696	P	1177	2	56.400
1697	P	1363	2	56.400
1698	P	1284	2	56.400
1699	P	1562	2	56.400
1700	P	368	1	56.400
1701	P	1528	2	56.400
1702	P	328	1	56.400
1703	P	1494	2	56.400
1704	P	387	1	56.400
1705	P	316	1	56.400
1706	P	1945	2	56.867
1707	P	698	1	56.867
1708	P	370	1	56.867
1709	P	365	1	56.867
1710	P	1959	2	56.867
1711	P	758	1	56.867
1712	P	378	1	56.867
1713	P	475	1	56.867
1714	P	1730	2	56.867
1715	P	491	1	56.867
1716	P	329	1	56.867
1717	P	2120	3	56.867
1718	P	708	1	56.867
1719	P	370	1	56.867
1720	P	547	2	56.867
1721	I	14433	15	56.867
1722	P	3507	4	57.400
1723	P	1003	1	57.400
1724	P	637	1	57.400
1725	P	795	1	57.400
1726	P	2318	3	57.400
1727	P	780	1	57.400
1728	P	1596	2	57.400
1729	P	2238	3	57.400
1730	P	683	1	57.400
1731	P	2544	3	57.400
1732	P	1124	2	57.400
1733	P	574	1	57.400
1734	P	500	1	57.400
1735	P	1656	2	57.400
1736	P	415	1	57.400
1737	P	1155	2	57.400
1738	P	1237	2	57.400
1739	P	1261	2	57.967
1740	P	1295	2	57.967
1741	P	1045	2	57.967
1742	P	4197	5	57.967
1743	P	704	1	57.967
1744	P	417	1	57.967
1745	P	418	1	57.967
1746	P	925	1	57.967
1747	P	2102	3	57.967
1748	P	628	1	57.967
1749	P	341	1	57.967
1750	P	317	2	57.967
1751	I	16204	16	57.967
1752	P	1933	2	57.967
1753	P	637	1	57.967
1754	P	502	1	57.967
1755	P	414	1	57.967
1756	P	1544	2	58.533
1757	P	418	1	58.533
1758	P	1185	2	58.534
1759	P	2069	3	58.534
1760	P	683	1	58.534
1761	P	470	1	58.534
1762	P	325	1	58.534
1763	P	1059	2	58.534
1764	P	282	1	58.534
1765	P	791	1	58.534
1766	P	848	1	58.534
1767	P	1560	2	58.534
1768	P	402	1	58.534
1769	P	1348	2	58.534
1770	P	1148	2	58.534
1771	P	1874	2	59.033
1772	P	784	1	59.033
1773	P	426	1	59.033
1774	P	394	1	59.033
1775	P	1560	2	59.034
1776	P	435	1	59.034
1777	P	314	1	59.034
1778	P	1574	2	59.034
1779	P	466	1	59.034
1780	P	460	2	59.034
1781	I	13571	14	59.034
1782	P	3300	4	59.034
1783	P	1236	2	59.034
1784	P	637	1	59.034
1785	P	782	1	59.034
1786	P	2802	3	59.533
1787	P	1148	2	59.533
1788	P	713	1	59.534
1789	P	713	1	59.534
1790	P	1350	2	59.534
1791	P	1809	2	59.534
1792	P	1269	2	59.534
1793	P	719	1	59.534
1794	P	631	1	59.534
