1	H	7875	8	0.066
2	P	953	1	0.100
3	P	1098	2	0.133
4	P	1285	2	0.165
5	P	1409	2	0.198
6	P	2021	2	0.232
7	P	1464	2	0.265
8	P	1406	2	0.297
9	P	1420	2	0.331
10	P	1470	2	0.364
11	P	1480	2	0.397
12	P	678	1	0.429
13	P	581	1	0.463
14	P	1236	2	0.496
15	P	1081	2	0.528
16	P	1228	2	0.562
17	P	1250	2	0.595
18	P	1316	2	0.627
19	P	1332	2	0.660
20	P	1423	2	0.694
21	P	1396	2	0.727
22	P	2233	3	0.759
23	P	1594	2	0.793
24	P	1672	2	0.833
25	P	1553	2	0.858
26	P	1705	2	0.891
27	P	1700	2	0.925
28	P	1664	2	0.957
29	P	1748	2	0.990
30	P	2536	4	1.024
31	I	8550	9	1.057
32	P	895	1	1.090
33	P	1355	2	1.122
34	P	1311	2	1.155
35	P	1385	2	1.189
36	P	1463	2	1.222
37	P	1514	2	1.254
38	P	2255	3	1.288
39	P	1585	2	1.321
40	P	1477	2	1.354
41	P	1582	2	1.387
42	P	1373	2	1.420
43	P	1523	2	1.452
44	P	1584	2	1.485
45	P	1580	2	1.519
46	P	2143	3	1.552
47	P	1620	2	1.584
48	P	1694	2	1.617
49	P	1780	2	1.651
50	P	1715	2	1.684
51	P	1765	2	1.716
52	P	1818	2	1.767
53	P	1799	2	1.783
54	P	2339	3	1.815
55	P	1647	2	1.849
56	P	1702	2	1.882
57	P	1710	2	1.915
58	P	1636	2	1.947
59	P	1712	2	1.980
60	P	1606	3	2.014
61	I	8763	9	2.047
62	P	1202	2	2.080
63	P	1170	2	2.113
64	P	1481	2	2.146
65	P	1490	2	2.178
66	P	1466	2	2.211
67	P	1513	2	2.244
68	P	1561	2	2.277
69	P	1409	2	2.310
70	P	1910	2	2.343
71	P	1516	2	2.376
72	P	1320	2	2.409
73	P	1337	2	2.442
74	P	1300	2	2.475
75	P	1206	2	2.508
76	P	966	2	2.541
77	I	3031	3	2.600
78	P	2203	3	2.640
79	P	678	1	2.667
80	P	2586	3	2.707
81	P	1047	2	2.707
82	P	3407	4	2.772
83	P	1075	2	2.772
84	P	2771	3	2.838
85	P	1046	2	2.838
86	P	2200	3	2.904
87	P	825	1	2.904
88	P	2332	3	3.037
89	P	1291	2	3.037
90	P	772	1	3.037
91	P	852	1	3.037
92	P	1743	2	3.102
93	P	899	1	3.102
94	P	1316	2	3.135
95	P	2017	2	3.202
96	P	845	1	3.202
97	P	1502	2	3.234
98	P	1550	2	3.267
99	P	2280	3	3.334
100	P	989	1	3.334
101	P	1778	2	3.367
102	P	1690	2	3.400
103	P	1730	2	3.433
104	P	1683	2	3.467
105	P	1655	2	3.500
106	P	1729	3	3.533
107	I	3869	4	3.567
108	P	1359	2	3.600
109	P	1588	2	3.633
110	P	1725	2	3.667
111	P	1554	2	3.700
112	P	1569	2	3.733
113	P	1625	2	3.767
114	P	1503	2	3.800
115	P	1508	2	3.833
116	P	1320	2	3.867
117	P	1307	2	3.900
118	P	1468	2	3.933
119	P	1506	2	3.967
120	P	1882	2	4.027
121	P	927	2	4.027
122	I	9056	9	4.067
123	P	1615	2	4.191
124	P	694	1	4.191
125	P	442	1	4.191
126	P	457	1	4.191
127	P	1821	2	4.324
128	P	793	1	4.367
129	P	531	1	4.367
130	P	458	1	4.367
131	P	2066	3	4.500
132	P	740	1	4.500
133	P	411	1	4.500
134	P	414	1	4.500
135	P	2072	3	4.587
136	P	750	1	4.633
137	P	444	1	4.633
138	P	436	1	4.633
139	P	2603	3	4.720
140	P	769	1	4.720
141	P	475	1	4.720
142	P	492	1	4.720
143	P	2770	3	4.851
144	P	834	1	4.851
145	P	557	1	4.851
146	P	533	1	4.851
147	P	2851	3	4.984
148	P	856	1	4.984
149	P	543	1	4.984
150	P	486	1	4.984
151	P	729	2	5.033
152	I	6888	7	5.067
153	P	1813	2	5.149
154	P	599	1	5.149
155	P	544	1	5.149
156	P	1771	2	5.280
157	P	1127	2	5.280
158	P	587	1	5.280
159	P	687	2	5.280
160	I	7300	8	5.333
161	P	816	1	5.446
162	P	299	1	5.446
163	P	179	1	5.446
164	P	149	1	5.446
165	P	1040	2	5.577
166	P	323	1	5.577
167	P	181	1	5.577
168	P	160	1	5.577
169	P	1185	2	5.710
170	P	303	1	5.710
171	P	187	1	5.710
172	P	183	1	5.710
173	P	1248	2	5.842
174	P	303	1	5.842
175	P	212	1	5.842
176	P	198	1	5.842
177	P	1421	2	5.973
178	P	334	1	5.973
179	P	208	1	5.973
180	P	215	1	5.973
181	P	1254	2	6.073
182	P	277	1	6.073
183	P	201	1	6.073
184	P	1492	2	6.204
185	P	410	1	6.204
186	P	271	1	6.204
187	P	250	1	6.204
188	P	601	1	6.271
189	P	298	2	6.271
190	I	6713	7	6.333
191	P	871	1	6.369
192	P	254	1	6.369
193	P	864	1	6.433
194	P	1425	2	6.501
195	P	417	1	6.501
196	P	269	1	6.501
197	P	862	1	6.567
198	P	1331	2	6.600
199	P	303	1	6.601
200	P	1610	2	6.699
201	P	380	1	6.699
202	P	271	1	6.699
203	P	1493	2	6.799
204	P	370	1	6.799
205	P	266	1	6.799
206	P	1578	2	6.897
207	P	393	1	6.897
208	P	305	1	6.897
209	P	1216	2	6.967
210	P	283	1	6.967
211	P	1338	2	7.063
212	P	362	1	7.063
213	P	306	1	7.063
214	P	1214	2	7.194
215	P	499	1	7.194
216	P	284	1	7.194
217	P	268	1	7.194
218	P	626	1	7.267
219	P	271	2	7.267
220	I	4536	5	7.333
221	P	8256	9	7.333
222	P	1558	2	7.459
223	P	572	1	7.459
224	P	256	1	7.459
225	P	363	1	7.459
226	P	1967	2	7.557
227	P	569	1	7.557
228	P	396	1	7.557
229	P	2803	3	7.690
230	P	757	1	7.690
231	P	526	1	7.690
232	P	387	1	7.690
233	P	2750	3	7.821
234	P	777	1	7.821
235	P	480	1	7.821
236	P	445	1	7.821
237	P	2752	3	7.954
238	P	660	1	7.954
239	P	497	1	7.954
240	P	332	1	7.954
241	P	2872	3	8.085
242	P	828	1	8.085
243	P	373	1	8.085
244	P	429	1	8.085
245	P	2676	3	8.218
246	P	746	1	8.218
247	P	362	1	8.218
248	P	501	1	8.218
249	P	390	2	8.300
250	I	10165	10	8.300
251	P	1956	2	8.415
252	P	698	1	8.415
253	P	426	1	8.416
254	P	281	1	8.416
255	P	2191	3	8.547
256	P	734	1	8.547
257	P	334	1	8.547
258	P	398	1	8.547
259	P	1834	2	8.680
260	P	716	1	8.680
261	P	350	1	8.680
262	P	394	1	8.680
263	P	875	1	8.778
264	P	369	1	8.867
265	P	455	2	8.867
266	I	19070	19	8.867
267	P	2152	3	8.943
268	P	897	1	8.943
269	P	499	1	8.943
270	P	533	1	8.943
271	P	2979	3	9.076
272	P	1039	2	9.076
273	P	548	1	9.076
274	P	553	1	9.076
275	P	3466	4	9.207
276	P	992	1	9.207
277	P	526	1	9.300
278	P	530	1	9.300
279	P	3296	4	9.340
280	P	1056	2	9.340
281	P	554	1	9.340
282	P	546	1	9.340
283	P	3387	4	9.471
284	P	1126	2	9.471
285	P	579	1	9.472
286	P	551	1	9.472
287	P	3374	4	9.604
288	P	1235	2	9.604
289	P	598	1	9.604
290	P	627	1	9.604
291	P	3228	4	9.736
292	P	1239	2	9.736
293	P	587	1	9.736
294	P	674	1	9.736
295	P	874	2	9.833
296	I	14161	14	9.834
297	P	2237	3	9.934
298	P	1275	2	9.934
299	P	676	1	9.934
300	P	709	1	9.934
301	P	1137	2	10.033
302	P	675	2	10.033
303	I	4557	5	10.034
304	P	794	1	10.133
305	P	181	1	10.133
306	P	158	1	10.133
307	P	937	1	10.263
308	P	215	1	10.367
309	P	146	1	10.367
310	P	146	1	10.367
311	P	882	1	10.367
312	P	186	1	10.367
313	P	155	1	10.367
314	P	902	1	10.467
315	P	210	1	10.467
316	P	176	1	10.467
317	P	719	1	10.567
318	P	193	1	10.567
319	P	216	2	10.567
320	I	16158	16	10.667
321	P	2142	3	10.726
322	P	501	1	10.726
323	P	270	1	10.726
324	P	282	1	10.726
325	P	2689	3	10.857
326	P	468	1	10.857
327	P	295	1	10.857
328	P	303	1	10.857
329	P	3058	3	10.989
330	P	475	1	10.989
331	P	271	1	10.989
332	P	270	1	10.989
333	P	2783	3	11.122
334	P	422	1	11.122
335	P	262	1	11.122
336	P	243	1	11.122
337	P	2531	3	11.367
338	P	434	1	11.367
339	P	261	1	11.367
340	P	257	1	11.367
341	P	2334	3	11.385
342	P	486	1	11.385
343	P	263	1	11.385
344	P	271	1	11.385
345	P	1863	2	11.517
346	P	427	1	11.633
347	P	247	1	11.633
348	P	228	1	11.633
349	P	341	2	11.634
350	I	12211	12	11.634
351	P	535	1	11.700
352	P	299	1	11.700
353	P	255	2	11.700
354	I	24372	24	11.800
355	P	2327	3	11.847
356	P	795	1	11.847
357	P	532	1	11.847
358	P	651	1	11.847
359	P	3356	4	11.980
360	P	1069	2	11.980
361	P	666	1	11.980
362	P	655	1	11.980
363	P	3819	4	12.233
364	P	1076	2	12.233
365	P	641	1	12.233
366	P	577	1	12.234
367	P	3850	4	12.243
368	P	969	1	12.243
369	P	633	1	12.243
370	P	564	1	12.243
371	P	3842	4	12.375
372	P	967	1	12.375
373	P	613	1	12.375
374	P	555	1	12.500
375	P	4059	4	12.508
376	P	935	1	12.508
377	P	646	1	12.508
378	P	587	1	12.508
379	P	4436	5	12.640
380	P	983	1	12.640
381	P	632	1	12.640
382	P	599	1	12.640
383	P	649	2	12.767
384	I	21021	21	12.767
385	P	2842	3	12.837
386	P	830	1	12.837
387	P	522	1	12.837
388	P	547	1	12.837
389	P	3354	4	12.970
390	P	865	1	12.970
391	P	541	1	12.970
392	P	559	1	12.970
393	P	3763	4	13.102
394	P	817	1	13.102
395	P	535	1	13.102
396	P	545	1	13.102
397	P	3496	4	13.233
398	P	856	1	13.234
399	P	497	1	13.234
400	P	528	1	13.234
401	P	3653	4	13.367
402	P	905	1	13.367
403	P	645	1	13.367
404	P	510	1	13.367
405	P	3458	4	13.500
406	P	935	1	13.500
407	P	546	1	13.500
408	P	519	1	13.500
409	P	3117	4	13.633
410	P	1004	1	13.633
411	P	558	1	13.633
412	P	570	1	13.633
413	P	712	2	13.767
414	I	18986	19	13.767
415	P	1344	2	13.833
416	P	678	1	13.833
417	P	458	1	13.833
418	P	525	1	13.833
419	P	1416	2	13.967
420	P	898	1	13.967
421	P	515	1	13.967
422	P	522	1	13.967
423	P	664	2	14.100
424	I	21209	21	14.100
425	P	1411	2	14.100
426	P	1387	2	14.100
427	P	2374	3	14.233
428	P	783	1	14.233
429	P	2775	3	14.233
430	P	742	1	14.233
431	P	2799	3	14.367
432	P	745	1	14.367
433	P	2844	3	14.367
434	P	824	1	14.367
435	P	1973	2	14.500
436	P	2947	3	14.500
437	P	780	1	14.500
438	P	2085	3	14.500
439	P	3405	4	14.633
440	P	945	1	14.633
441	P	809	1	14.634
442	P	1908	2	14.634
443	P	2173	3	14.767
444	P	1989	2	14.767
445	P	2927	3	14.767
446	P	775	1	14.767
447	P	2889	3	14.900
448	P	767	1	14.900
449	P	2234	3	14.900
450	P	3149	4	15.000
451	P	800	1	15.000
452	P	3369	4	15.000
453	P	811	2	15.000
454	I	19897	20	15.134
455	P	2385	3	15.134
456	P	1229	2	15.134
457	P	692	1	15.134
458	P	2373	3	15.267
459	P	715	1	15.267
460	P	2806	3	15.267
461	P	710	1	15.267
462	P	3393	4	15.400
463	P	825	1	15.400
464	P	698	1	15.400
465	P	2592	3	15.500
466	P	666	1	15.500
467	P	2670	3	15.500
468	P	645	1	15.500
469	P	2251	3	15.633
470	P	2788	3	15.633
471	P	681	1	15.633
472	P	2743	3	15.733
473	P	699	1	15.733
474	P	4471	5	15.734
475	P	712	1	15.734
476	P	2774	3	15.867
477	P	765	1	15.867
478	P	2995	3	15.867
479	P	751	1	15.867
480	P	3004	3	16.000
481	P	728	1	16.000
482	P	2215	3	16.000
483	P	956	2	16.000
484	I	19054	19	16.134
485	P	2141	3	16.134
486	P	780	1	16.134
487	P	1679	2	16.134
488	P	2373	3	16.267
489	P	764	1	16.267
490	P	1848	2	16.267
491	P	1880	2	16.267
492	P	3041	3	16.400
493	P	819	1	16.400
494	P	2184	3	16.400
495	P	2659	3	16.500
496	P	738	1	16.500
497	P	2642	3	16.500
498	P	829	1	16.500
499	P	1967	2	16.500
500	P	3052	3	16.667
501	P	773	1	16.667
502	P	2995	3	16.667
503	P	798	1	16.667
504	P	3235	4	16.800
505	P	941	1	16.800
506	P	775	1	16.800
507	P	2513	3	16.800
508	P	782	1	16.800
509	P	2730	3	16.967
510	P	796	1	16.967
511	P	2263	3	16.967
512	P	722	1	16.967
513	P	1757	3	16.967
514	I	15803	16	17.133
515	P	1354	2	17.134
516	P	645	1	17.134
517	P	1299	2	17.134
518	P	1538	2	17.267
519	P	685	1	17.267
520	P	1108	2	17.267
521	P	626	1	17.267
522	P	717	2	17.267
523	I	4529	5	17.433
524	P	1473	2	17.433
525	P	416	1	17.434
526	P	288	1	17.434
527	P	273	1	17.434
528	P	1698	2	17.600
529	P	455	1	17.600
530	P	293	1	17.600
531	P	301	1	17.600
532	P	1834	2	17.733
533	P	512	1	17.733
534	P	293	1	17.733
535	P	325	1	17.734
536	P	1967	2	17.867
537	P	509	1	17.867
538	P	361	1	17.867
539	P	319	1	17.867
540	P	2083	3	18.000
541	P	476	1	18.000
542	P	311	1	18.000
543	P	311	1	18.000
544	P	2271	3	18.133
545	P	466	1	18.133
546	P	336	1	18.134
547	P	303	1	18.134
548	P	2013	2	18.267
549	P	482	1	18.267
550	P	317	1	18.267
551	P	304	1	18.267
552	P	463	2	18.267
553	I	8442	9	18.433
554	P	1889	2	18.434
555	P	455	1	18.434
556	P	283	1	18.434
557	P	303	1	18.434
558	P	2116	3	18.600
559	P	503	1	18.600
560	P	292	1	18.600
561	P	294	1	18.600
562	P	2298	3	18.733
563	P	578	1	18.733
564	P	362	1	18.733
565	P	348	1	18.733
566	P	2251	3	18.867
567	P	653	1	18.867
568	P	327	1	18.867
569	P	325	1	18.867
570	P	1777	2	19.000
571	P	620	1	19.000
572	P	353	1	19.000
573	P	370	1	19.000
574	P	689	2	19.000
575	I	27961	28	19.167
576	P	3173	4	19.167
577	P	1016	1	19.167
578	P	528	1	19.167
579	P	591	1	19.167
580	P	4588	5	19.333
581	P	1221	2	19.334
582	P	695	1	19.334
583	P	593	1	19.334
584	P	5109	5	19.467
585	P	1191	2	19.467
586	P	670	1	19.467
587	P	635	1	19.467
588	P	4865	5	19.600
589	P	1233	2	19.600
590	P	646	1	19.600
591	P	637	1	19.600
592	P	4924	5	19.733
593	P	1205	2	19.734
594	P	692	1	19.734
595	P	627	1	19.734
596	P	4641	5	19.867
597	P	1267	2	19.867
598	P	627	1	19.867
599	P	615	1	19.867
600	P	4805	5	20.000
601	P	1339	2	20.000
602	P	666	1	20.000
603	P	626	1	20.000
604	P	765	2	20.000
605	I	24198	24	20.000
606	P	3831	4	20.200
607	P	1305	2	20.200
608	P	634	1	20.200
609	P	677	1	20.200
610	P	3761	4	20.333
611	P	1355	2	20.334
612	P	711	1	20.334
613	P	681	1	20.334
614	P	3189	4	20.467
615	P	1470	2	20.467
616	P	817	1	20.467
617	P	746	1	20.467
618	P	1651	2	20.600
619	P	864	1	20.600
620	P	858	2	20.600
621	I	18577	19	20.600
622	P	1497	2	20.734
623	P	508	1	20.734
624	P	329	1	20.734
625	P	394	1	20.734
626	P	2088	3	20.867
627	P	569	1	20.867
628	P	392	1	20.867
629	P	347	1	20.867
630	P	2504	3	21.000
631	P	589	1	21.000
632	P	373	1	21.000
633	P	369	1	21.000
634	P	2363	3	21.133
635	P	585	1	21.134
636	P	374	1	21.134
637	P	360	1	21.134
638	P	2945	3	21.267
639	P	649	1	21.267
640	P	380	1	21.267
641	P	402	1	21.267
642	P	2616	3	21.400
643	P	581	1	21.400
644	P	384	1	21.400
645	P	334	1	21.400
646	P	3458	4	21.533
647	P	529	1	21.533
648	P	381	1	21.533
649	P	323	1	21.534
650	P	423	2	21.534
651	I	18095	18	21.534
652	P	1770	2	21.733
653	P	539	1	21.733
654	P	342	1	21.733
655	P	367	1	21.734
656	P	2933	3	21.867
657	P	946	1	21.867
658	P	574	1	21.867
659	P	770	1	21.867
660	P	3607	4	22.000
661	P	1611	2	22.000
662	P	1132	2	22.000
663	P	1278	2	22.000
664	P	4254	5	22.133
665	P	2201	3	22.133
666	P	1528	2	22.134
667	P	1628	2	22.134
668	P	4835	5	22.267
669	P	2967	3	22.267
670	P	1861	2	22.267
671	P	2087	3	22.267
672	P	5449	6	22.400
673	P	3706	4	22.400
674	P	2577	3	22.400
675	P	2671	3	22.400
676	P	5423	6	22.533
677	P	3816	4	22.534
678	P	2873	3	22.534
679	P	2929	3	22.534
680	P	4027	5	22.534
681	I	19050	19	22.534
682	P	4718	5	22.733
683	P	3859	4	22.734
684	P	2785	3	22.734
685	P	3207	4	22.734
686	P	4901	5	22.867
687	P	3710	4	22.867
688	P	2919	3	22.867
689	P	2731	3	22.867
690	P	3894	4	23.000
691	P	2965	3	23.000
692	P	2269	3	23.000
693	P	1848	2	23.000
694	P	3573	4	23.133
695	P	2090	3	23.133
696	P	1586	2	23.134
697	P	1214	2	23.134
698	P	2833	3	23.267
699	P	1622	2	23.267
700	P	1083	2	23.267
701	P	950	1	23.267
702	P	3208	4	23.400
703	P	1355	2	23.400
704	P	876	1	23.400
705	P	737	1	23.400
706	P	2626	3	23.533
707	P	1279	2	23.533
708	P	770	1	23.534
709	P	745	1	23.534
710	P	929	2	23.534
711	I	11722	12	23.534
712	P	2947	3	23.733
713	P	1182	2	23.734
714	P	625	1	23.734
715	P	686	1	23.734
716	P	2769	3	23.867
717	P	1273	2	23.867
718	P	662	1	23.867
719	P	656	1	23.867
720	P	3318	4	24.000
721	P	1335	2	24.000
722	P	678	1	24.000
723	P	631	1	24.000
724	P	3330	4	24.133
725	P	1366	2	24.134
726	P	730	1	24.134
727	P	605	1	24.134
728	P	3555	4	24.267
729	P	1440	2	24.267
730	P	805	1	24.267
731	P	629	1	24.267
732	P	3293	4	24.400
733	P	1560	2	24.400
734	P	664	1	24.400
735	P	724	1	24.400
736	P	3068	3	24.533
737	P	1722	2	24.534
738	P	795	1	24.534
739	P	706	1	24.534
740	P	951	2	24.534
741	I	11192	11	24.534
742	P	856	1	24.534
743	P	1044	2	24.767
744	P	1258	2	24.767
745	P	1443	2	24.767
746	P	1532	2	24.767
747	P	1543	2	24.767
748	P	1545	2	24.767
749	P	1810	2	24.767
750	P	1554	2	25.000
751	P	1513	2	25.000
752	P	1567	2	25.000
753	P	1720	2	25.000
754	P	1586	2	25.000
755	P	1697	2	25.000
756	P	1584	2	25.000
757	P	1827	2	25.233
758	P	1650	2	25.234
759	P	1646	2	25.234
760	P	1454	2	25.234
761	P	1708	2	25.234
762	P	1551	2	25.234
763	P	1447	2	25.234
764	P	1422	2	25.467
765	P	1697	2	25.467
766	P	1221	2	25.467
767	P	832	2	25.467
768	I	16570	17	25.467
769	P	1415	2	25.633
770	P	525	1	25.633
771	P	517	1	25.634
772	P	1915	2	25.634
773	P	585	1	25.634
774	P	1425	2	25.634
775	P	2218	3	25.634
776	P	2317	3	25.867
777	P	596	1	25.867
778	P	2660	3	25.867
779	P	578	1	25.867
780	P	2610	3	25.867
781	P	574	1	25.867
782	P	1861	2	25.867
783	P	2634	3	26.100
784	P	2719	3	26.100
785	P	568	1	26.100
786	P	2461	3	26.100
787	P	576	1	26.100
788	P	2485	3	26.100
789	P	545	1	26.100
790	P	1943	2	26.333
791	P	3058	3	26.334
792	P	523	1	26.334
793	P	2325	3	26.334
794	P	455	1	26.334
795	P	2514	3	26.334
796	P	475	1	26.334
797	P	621	2	26.567
798	I	12931	13	26.567
799	P	1292	2	26.567
800	P	559	1	26.567
801	P	1119	2	26.567
802	P	534	1	26.567
803	P	717	2	26.567
804	I	20647	21	26.567
805	P	1213	2	26.833
806	P	435	1	26.833
807	P	269	1	26.833
808	P	286	1	26.834
809	P	1935	2	26.834
810	P	481	1	26.834
811	P	326	1	26.834
812	P	287	1	26.834
813	P	2230	3	27.100
814	P	470	1	27.100
815	P	284	1	27.100
816	P	292	1	27.100
817	P	2245	3	27.100
818	P	509	1	27.100
819	P	316	1	27.100
820	P	287	1	27.100
821	P	2160	3	27.367
822	P	490	1	27.367
823	P	325	1	27.367
824	P	306	1	27.367
825	P	2211	3	27.367
826	P	503	1	27.367
827	P	309	1	27.367
828	P	291	1	27.367
829	P	2408	3	27.633
830	P	550	1	27.633
831	P	323	1	27.634
832	P	319	1	27.634
833	P	448	2	27.634
834	I	17212	17	27.634
835	P	1990	2	27.833
836	P	585	1	27.833
837	P	348	1	27.834
838	P	362	1	27.834
839	P	2296	3	27.834
840	P	644	1	27.834
841	P	364	1	27.834
842	P	350	1	27.834
843	P	2362	3	28.100
844	P	664	1	28.100
845	P	376	1	28.100
846	P	400	1	28.100
847	P	1920	2	28.100
848	P	694	1	28.100
849	P	383	1	28.100
850	P	388	1	28.100
851	P	954	1	28.367
852	P	450	1	28.367
853	P	422	2	28.367
854	I	3598	4	28.367
855	P	1090	2	28.367
856	P	1316	2	28.367
857	P	1476	2	28.367
858	P	1342	2	28.367
859	P	1260	2	28.633
860	P	1373	2	28.634
861	P	1385	2	28.634
862	P	1196	2	28.634
863	P	1131	2	28.634
864	P	1142	2	28.634
865	P	1226	2	28.634
866	P	1116	2	28.634
867	P	1090	2	28.900
868	P	1119	2	28.900
869	P	1045	2	28.900
870	P	1040	2	28.900
871	P	1077	2	28.900
872	P	1084	2	28.900
873	P	1046	2	28.900
874	P	1046	2	28.900
875	P	978	1	29.167
876	P	1022	1	29.167
877	P	1015	1	29.167
878	P	1121	2	29.167
879	P	1107	2	29.167
880	P	1282	2	29.167
881	P	1587	2	29.167
882	P	1291	2	29.167
883	P	1171	3	29.433
884	I	4065	4	29.434
885	P	907	1	29.434
886	P	988	1	29.434
887	P	1144	2	29.434
888	P	1072	2	29.434
889	P	1085	2	29.434
890	P	1002	1	29.434
891	P	930	1	29.700
892	P	917	1	29.700
893	P	779	1	29.700
894	P	718	1	29.700
895	P	531	2	29.700
896	I	11576	12	29.700
897	P	1937	2	29.900
898	P	696	1	29.900
899	P	381	1	29.900
900	P	412	1	29.900
901	P	2838	3	29.900
902	P	828	1	29.900
903	P	467	1	29.900
904	P	429	1	29.900
905	P	3018	3	30.167
906	P	814	1	30.167
907	P	480	1	30.167
908	P	430	1	30.167
909	P	3109	4	30.167
910	P	928	1	30.167
911	P	497	1	30.167
912	P	504	1	30.167
913	P	3372	4	30.433
914	P	1015	1	30.433
915	P	532	1	30.433
916	P	514	1	30.433
917	P	3223	4	30.434
918	P	996	1	30.434
919	P	550	1	30.434
920	P	594	1	30.434
921	P	3371	4	30.700
922	P	1003	1	30.700
923	P	607	1	30.700
924	P	527	1	30.700
925	P	709	2	30.700
926	I	10963	11	30.700
927	P	2351	3	30.900
928	P	859	1	30.900
929	P	468	1	30.900
930	P	441	1	30.900
931	P	1817	2	30.900
932	P	856	1	30.900
933	P	393	1	30.900
934	P	434	1	30.900
935	P	676	2	30.900
936	I	20823	21	31.200
937	P	1705	2	31.200
938	P	731	1	31.200
939	P	402	1	31.200
940	P	497	1	31.200
941	P	2297	3	31.200
942	P	589	1	31.200
943	P	502	1	31.200
944	P	2948	3	31.467
945	P	818	1	31.467
946	P	490	1	31.467
947	P	484	1	31.467
948	P	3138	4	31.467
949	P	803	1	31.467
950	P	469	1	31.467
951	P	482	1	31.467
952	P	2890	3	31.733
953	P	829	1	31.734
954	P	489	1	31.734
955	P	441	1	31.734
956	P	2795	3	31.734
957	P	870	1	31.734
958	P	467	1	31.734
959	P	515	1	31.734
960	P	2070	3	32.000
961	P	879	1	32.000
962	P	524	1	32.000
963	P	511	1	32.000
964	P	890	1	32.000
965	P	536	2	32.000
966	I	17682	18	32.000
967	P	2163	3	32.233
968	P	842	1	32.233
969	P	509	1	32.233
970	P	518	1	32.234
971	P	2653	3	32.234
972	P	876	1	32.234
973	P	487	1	32.234
974	P	478	1	32.234
975	P	2687	3	32.500
976	P	799	1	32.500
977	P	469	1	32.500
978	P	443	1	32.500
979	P	2601	3	32.500
980	P	761	1	32.500
981	P	403	1	32.500
982	P	402	1	32.500
983	P	2363	3	32.767
984	P	775	1	32.767
985	P	422	1	32.767
986	P	431	1	32.767
987	P	2105	3	32.767
988	P	767	1	32.767
989	P	471	1	32.767
990	P	462	1	32.767
991	P	1304	2	33.033
992	P	921	1	33.033
993	P	430	1	33.033
994	P	508	2	33.033
995	I	13389	14	33.034
996	P	1737	2	33.034
997	P	630	1	33.034
998	P	327	1	33.034
999	P	396	1	33.034
1000	P	1691	2	33.333
1001	P	346	1	33.333
1002	P	2200	3	33.333
1003	P	587	1	33.333
1004	P	374	1	33.334
1005	P	307	1	33.334
1006	P	2075	3	33.334
1007	P	689	1	33.334
1008	P	357	1	33.334
1009	P	386	1	33.334
1010	P	1070	2	33.667
1011	P	746	1	33.667
1012	P	389	1	33.667
1013	P	466	2	33.667
1014	I	4538	5	33.667
1015	P	903	1	33.667
1016	P	252	1	33.667
1017	P	1514	2	33.667
1018	P	381	1	33.667
1019	P	398	1	33.667
1020	P	967	1	34.000
1021	P	1069	2	34.000
1022	P	1163	2	34.000
1023	P	1114	2	34.000
1024	P	1006	1	34.000
1025	P	1176	2	34.000
1026	P	1093	2	34.000
1027	P	982	1	34.000
1028	P	991	1	34.000
1029	P	924	1	34.000
1030	P	932	1	34.333
1031	P	1020	1	34.333
1032	P	961	1	34.333
1033	P	1023	1	34.333
1034	P	1171	2	34.333
1035	P	1097	2	34.334
1036	P	1120	2	34.334
1037	P	1200	2	34.334
1038	P	1439	2	34.334
1039	P	1438	2	34.334
1040	P	1248	2	34.667
1041	P	1199	2	34.667
1042	P	1049	2	34.667
1043	P	911	2	34.667
1044	I	4547	5	34.667
1045	P	853	1	34.667
1046	P	958	1	34.667
1047	P	914	1	34.667
1048	P	848	1	34.667
1049	P	875	1	34.667
1050	P	980	1	35.000
1051	P	1003	1	35.000
1052	P	1047	2	35.000
1053	P	831	2	35.000
1054	I	12373	13	35.000
1055	P	1907	2	35.000
1056	P	764	1	35.000
1057	P	397	1	35.000
1058	P	410	1	35.000
1059	P	2265	3	35.300
1060	P	753	1	35.300
1061	P	425	1	35.300
1062	P	400	1	35.300
1063	P	2331	3	35.300
1064	P	823	1	35.300
1065	P	436	1	35.300
1066	P	465	1	35.300
1067	P	2245	3	35.567
1068	P	854	1	35.567
1069	P	459	1	35.567
1070	P	467	1	35.567
1071	P	2447	3	35.567
1072	P	915	1	35.567
1073	P	510	1	35.567
1074	P	528	1	35.567
1075	P	2476	3	35.833
1076	P	991	1	35.833
1077	P	510	1	35.833
1078	P	583	1	35.833
1079	P	2532	3	35.834
1080	P	1146	2	35.834
1081	P	695	1	35.834
1082	P	632	1	35.834
1083	P	745	2	35.834
1084	I	9442	10	35.834
1085	P	1371	2	36.167
1086	P	956	1	36.167
1087	P	525	1	36.167
1088	P	609	2	36.167
1089	I	11569	12	36.167
1090	P	1476	2	36.167
1091	P	540	1	36.167
1092	P	344	1	36.167
1093	P	323	1	36.167
1094	P	1762	2	36.467
1095	P	565	1	36.467
1096	P	316	1	36.467
1097	P	288	1	36.467
1098	P	1882	2	36.467
1099	P	611	1	36.467
1100	P	342	1	36.467
1101	P	327	1	36.467
1102	P	2038	2	36.733
1103	P	561	1	36.733
1104	P	331	1	36.733
1105	P	313	1	36.733
1106	P	1934	2	36.733
1107	P	512	1	36.733
1108	P	317	1	36.734
1109	P	277	1	36.734
1110	P	1802	2	37.000
1111	P	543	1	37.000
1112	P	309	1	37.000
1113	P	300	1	37.000
1114	P	1653	2	37.000
1115	P	575	1	37.000
1116	P	310	1	37.000
1117	P	321	1	37.000
1118	P	560	2	37.000
1119	I	7237	8	37.000
1120	P	1514	2	37.333
1121	P	591	1	37.333
1122	P	302	1	37.334
1123	P	332	1	37.334
1124	P	1202	2	37.334
1125	P	632	1	37.334
1126	P	326	1	37.334
1127	P	361	2	37.334
1128	I	7773	8	37.334
1129	P	1312	2	37.633
1130	P	394	1	37.633
1131	P	178	1	37.633
1132	P	218	1	37.633
1133	P	1427	2	37.634
1134	P	279	1	37.634
1135	P	222	1	37.634
1136	P	901	1	37.634
1137	P	889	1	37.634
1138	P	1871	2	37.933
1139	P	443	1	37.933
1140	P	215	1	37.933
1141	P	215	1	37.933
1142	P	1792	2	37.933
1143	P	444	1	37.933
1144	P	195	1	37.934
1145	P	182	1	37.934
1146	P	1255	2	37.934
1147	P	181	1	37.934
1148	P	1170	2	38.267
1149	P	202	1	38.267
1150	P	1217	2	38.267
1151	P	204	1	38.267
1152	P	1984	2	38.267
1153	P	507	1	38.267
1154	P	223	1	38.267
1155	P	198	1	38.267
1156	P	1294	2	38.267
1157	P	201	2	38.267
1158	I	7319	8	38.267
1159	P	1021	1	38.633
1160	P	237	1	38.633
1161	P	777	1	38.633
1162	P	1776	2	38.633
1163	P	450	1	38.633
1164	P	225	1	38.634
1165	P	1406	2	38.634
1166	P	227	1	38.634
1167	P	1864	2	38.900
1168	P	494	1	38.900
1169	P	227	1	38.900
1170	P	196	1	38.900
1171	P	1809	2	38.900
1172	P	546	1	38.900
1173	P	242	1	38.900
1174	P	227	1	38.900
1175	P	1651	2	39.167
1176	P	409	1	39.167
1177	P	223	1	39.167
1178	P	192	1	39.167
1179	P	618	1	39.167
1180	P	851	1	39.167
1181	P	1847	2	39.167
1182	P	485	1	39.167
1183	P	262	1	39.167
1184	P	224	1	39.167
1185	P	1224	2	39.500
1186	P	227	1	39.500
1187	P	636	2	39.500
1188	I	6824	7	39.500
1189	P	954	1	39.500
1190	P	341	1	39.500
1191	P	207	1	39.500
1192	P	978	1	39.500
1193	P	225	1	39.500
1194	P	662	1	39.800
1195	P	243	1	39.800
1196	P	191	2	39.800
1197	I	15149	15	39.800
1198	P	2120	3	39.800
1199	P	738	1	39.800
1200	P	370	1	39.800
1201	P	406	1	39.800
1202	P	2439	3	39.800
1203	P	686	1	39.800
1204	P	383	1	39.800
1205	P	379	1	39.800
1206	P	2511	3	40.200
1207	P	601	1	40.200
1208	P	341	1	40.200
1209	P	281	1	40.200
1210	P	2260	3	40.200
1211	P	646	1	40.200
1212	P	315	1	40.200
1213	P	340	1	40.200
1214	P	2430	3	40.200
1215	P	672	1	40.200
1216	P	411	1	40.200
1217	P	394	1	40.200
1218	P	2384	3	40.600
1219	P	716	1	40.600
1220	P	377	1	40.600
1221	P	387	1	40.600
1222	P	2284	3	40.600
1223	P	643	1	40.600
1224	P	360	1	40.600
1225	P	332	1	40.600
1226	P	491	2	40.600
1227	I	14361	15	40.600
1228	P	2175	3	40.933
1229	P	778	1	40.933
1230	P	406	1	40.933
1231	P	387	1	40.933
1232	P	2652	3	40.934
1233	P	808	1	40.934
1234	P	446	1	40.934
1235	P	426	1	40.934
1236	P	2616	3	40.934
1237	P	883	1	40.934
1238	P	445	1	40.934
1239	P	445	1	40.934
1240	P	2438	3	41.333
1241	P	827	1	41.333
1242	P	460	1	41.334
1243	P	457	1	41.334
1244	P	2042	2	41.334
1245	P	785	1	41.334
1246	P	447	1	41.334
1247	P	423	1	41.334
1248	P	2127	3	41.334
1249	P	914	1	41.334
1250	P	476	1	41.334
1251	P	428	1	41.334
1252	P	1226	2	41.733
1253	P	785	1	41.733
1254	P	420	1	41.733
1255	P	483	2	41.733
1256	I	13528	14	41.734
1257	P	3268	4	41.734
1258	P	1042	2	41.734
1259	P	572	1	41.734
1260	P	637	1	41.734
1261	P	3054	3	41.734
1262	P	975	1	41.734
1263	P	869	1	41.734
1264	P	1966	2	42.133
1265	P	3026	3	42.133
1266	P	840	1	42.134
1267	P	607	1	42.134
1268	P	2171	3	42.134
1269	P	3069	3	42.134
1270	P	924	1	42.134
1271	P	818	1	42.134
1272	P	2121	3	42.134
1273	P	1564	2	42.134
1274	P	2168	3	42.134
1275	P	2736	3	42.500
1276	P	805	1	42.500
1277	P	3034	3	42.500
1278	P	809	1	42.500
1279	P	2581	3	42.500
1280	P	720	1	42.500
1281	P	1746	2	42.500
1282	P	1982	2	42.500
1283	P	2450	3	42.500
1284	P	691	1	42.500
1285	P	1413	3	42.500
1286	I	9025	9	42.500
1287	P	963	1	42.900
1288	P	22789	23	42.900
1289	P	2655	3	42.900
1290	P	977	1	42.900
1291	P	556	1	42.900
1292	P	568	1	42.900
1293	P	2938	3	42.900
1294	P	1039	2	42.900
1295	P	595	1	42.900
1296	P	581	1	42.900
1297	P	3254	4	43.233
1298	P	1090	2	43.233
1299	P	609	1	43.233
1300	P	617	1	43.233
1301	P	3200	4	43.234
1302	P	1155	2	43.234
1303	P	623	1	43.234
1304	P	648	1	43.234
1305	P	3039	3	43.234
1306	P	1191	2	43.234
1307	P	690	1	43.234
1308	P	715	1	43.234
1309	P	2151	3	43.633
1310	P	1263	2	43.633
1311	P	724	1	43.633
1312	P	709	1	43.633
1313	P	786	2	43.634
1314	I	13132	13	43.634
1315	P	1499	2	43.634
1316	P	683	1	43.634
1317	P	415	1	43.634
1318	P	475	1	43.634
1319	P	2038	2	43.967
1320	P	757	1	43.967
1321	P	507	1	43.967
1322	P	477	1	43.967
1323	P	2133	3	43.967
1324	P	822	1	43.967
1325	P	501	1	43.967
1326	P	441	1	43.967
1327	P	2346	3	43.967
1328	P	723	1	43.967
1329	P	474	1	43.967
1330	P	417	1	43.967
1331	P	2456	3	44.367
1332	P	704	1	44.367
1333	P	430	1	44.367
1334	P	385	1	44.367
1335	P	2133	3	44.367
1336	P	632	1	44.367
1337	P	331	1	44.367
1338	P	367	1	44.367
1339	P	2279	3	44.367
1340	P	691	1	44.367
1341	P	409	1	44.367
1342	P	422	1	44.367
1343	P	532	2	44.367
1344	I	12509	13	44.800
1345	P	2017	2	44.800
1346	P	722	1	44.800
1347	P	390	1	44.800
1348	P	406	1	44.800
1349	P	2302	3	44.800
1350	P	712	1	44.800
1351	P	367	1	44.800
1352	P	336	1	44.800
1353	P	2002	2	44.800
1354	P	585	1	44.800
1355	P	334	1	44.800
1356	P	341	1	44.800
1357	P	2004	2	45.233
1358	P	601	1	45.233
1359	P	366	1	45.234
1360	P	293	1	45.234
1361	P	1811	2	45.234
1362	P	538	1	45.234
1363	P	304	1	45.234
1364	P	290	1	45.234
1365	P	1443	2	45.234
1366	P	477	1	45.234
1367	P	264	1	45.234
1368	P	229	1	45.234
1369	P	1187	2	45.633
1370	P	454	1	45.633
1371	P	251	1	45.633
1372	P	243	1	45.633
1373	P	338	2	45.634
1374	I	9182	9	45.634
1375	P	269	1	45.634
1376	P	209	2	45.634
1377	I	20738	21	45.634
1378	P	3779	4	45.634
1379	P	1149	2	45.634
1380	P	484	1	45.634
1381	P	626	1	45.634
1382	P	5033	5	46.067
1383	P	1412	2	46.067
1384	P	647	1	46.067
1385	P	677	1	46.067
1386	P	5528	6	46.067
1387	P	1495	2	46.067
1388	P	669	1	46.067
1389	P	747	1	46.067
1390	P	5769	6	46.067
1391	P	1549	2	46.067
1392	P	767	1	46.067
1393	P	683	1	46.067
1394	P	5199	6	46.467
1395	P	1433	2	46.467
1396	P	702	1	46.467
1397	P	652	1	46.467
1398	P	5461	6	46.467
1399	P	1454	2	46.467
1400	P	680	1	46.467
1401	P	661	1	46.467
1402	P	4488	5	46.467
1403	P	931	1	46.467
1404	P	717	1	46.467
1405	P	2296	3	46.467
1406	P	893	2	46.467
1407	I	19183	19	46.467
1408	P	5228	6	46.933
1409	P	1849	2	46.934
1410	P	728	1	46.934
1411	P	954	1	46.934
1412	P	2271	3	46.934
1413	P	5270	6	46.934
1414	P	1652	2	46.934
1415	P	1111	2	46.934
1416	P	6010	6	46.934
1417	P	2288	3	46.934
1418	P	1108	2	46.934
1419	P	1120	2	46.934
1420	P	5109	5	47.333
1421	P	2236	3	47.333
1422	P	1063	2	47.334
1423	P	1059	2	47.334
1424	P	2879	3	47.334
1425	P	1204	2	47.334
1426	P	1225	3	47.334
1427	I	14898	15	47.334
1428	P	5247	6	47.334
1429	P	2836	3	47.334
1430	P	1561	2	47.334
1431	P	1817	2	47.334
1432	P	5055	5	47.733
1433	P	1901	2	47.734
1434	P	1525	2	47.734
1435	P	4330	5	47.734
1436	P	2489	3	47.734
1437	P	1361	2	47.734
1438	P	1215	2	47.734
1439	P	1841	2	47.734
