1	H	12055	9	0.034
2	P	13264	10	0.134
3	B	5488	4	0.134
4	B	5557	4	0.134
5	P	12209	9	0.231
6	B	5059	4	0.231
7	B	5601	4	0.232
8	P	12718	9	0.331
9	B	5983	5	0.331
10	B	3926	3	0.331
11	P	4486	4	0.430
12	B	1249	1	0.430
13	B	809	1	0.430
14	P	1494	2	0.529
15	B	387	1	0.529
16	B	437	1	0.529
17	P	1062	1	0.628
18	B	333	1	0.628
19	B	300	1	0.628
20	P	878	1	0.727
21	B	236	1	0.727
22	B	364	1	0.727
23	P	939	1	0.826
24	B	339	1	0.826
25	B	342	1	0.826
26	P	742	1	0.925
27	B	308	1	0.925
28	B	463	1	0.925
29	H	4520	4	1.034
30	B	717	1	1.034
31	B	732	1	1.034
32	P	1172	1	1.123
33	B	421	1	1.123
34	B	402	1	1.123
35	P	1067	1	1.221
36	B	284	1	1.221
37	B	322	1	1.221
38	P	821	1	1.320
39	B	323	1	1.320
40	B	319	1	1.320
41	P	852	1	1.419
42	B	457	1	1.419
43	B	405	1	1.419
44	P	830	1	1.519
45	B	380	1	1.534
46	B	344	1	1.534
47	P	979	1	1.617
48	B	360	1	1.617
49	B	448	1	1.617
50	P	1083	1	1.717
51	B	329	1	1.717
52	B	281	1	1.717
53	P	1016	1	1.816
54	B	376	1	1.816
55	B	286	1	1.816
56	P	978	1	1.914
57	B	328	1	1.914
58	B	360	1	1.914
59	H	4544	4	2.014
60	B	630	1	2.014
61	B	725	1	2.014
62	P	1133	1	2.112
63	B	479	1	2.133
64	B	483	1	2.134
65	P	1111	1	2.211
66	B	298	1	2.233
67	B	357	1	2.234
68	P	901	1	2.311
69	B	364	1	2.311
70	B	334	1	2.311
71	P	986	1	2.410
72	B	370	1	2.410
73	B	384	1	2.410
74	P	910	1	2.508
75	B	404	1	2.509
76	B	362	1	2.509
77	P	1003	1	2.608
78	B	328	1	2.608
79	B	444	1	2.608
80	P	980	1	2.706
81	B	404	1	2.707
82	B	401	1	2.707
83	P	929	1	2.806
84	B	409	1	2.806
85	B	498	1	2.806
86	P	1060	1	2.904
87	B	332	1	2.905
88	B	381	1	2.905
89	H	4846	4	3.003
90	B	671	1	3.003
91	B	538	1	3.003
92	P	1154	1	3.103
93	B	454	1	3.103
94	B	360	1	3.103
95	P	1204	1	3.202
96	B	357	1	3.202
97	B	409	1	3.202
98	P	1073	1	3.300
99	B	366	1	3.300
100	B	419	1	3.300
101	P	1066	1	3.399
102	B	456	1	3.399
103	B	497	1	3.399
104	P	983	1	3.499
105	B	283	1	3.499
106	B	279	1	3.499
107	P	1087	1	3.598
108	B	291	1	3.598
109	B	340	1	3.598
110	P	1015	1	3.697
111	B	393	1	3.697
112	B	579	1	3.697
113	P	1043	1	3.795
114	B	320	1	3.795
115	B	395	1	3.795
116	P	887	1	3.894
117	B	478	1	3.894
118	B	339	1	3.894
119	H	4192	3	3.993
120	B	462	1	3.993
121	B	431	1	3.993
122	P	913	1	4.092
123	B	336	1	4.093
124	B	395	1	4.093
125	P	954	1	4.191
126	B	479	1	4.192
127	B	353	1	4.192
128	P	920	1	4.290
129	B	441	1	4.290
130	B	352	1	4.290
131	P	928	1	4.390
132	B	370	1	4.390
133	B	344	1	4.390
134	P	1004	1	4.488
135	B	292	1	4.488
136	B	367	1	4.488
137	P	946	1	4.587
138	B	395	1	4.587
139	B	319	1	4.587
140	P	950	1	4.687
141	B	336	1	4.687
142	B	457	1	4.687
143	P	870	1	4.786
144	B	389	1	4.786
145	B	389	1	4.786
146	P	1199	1	4.885
147	B	386	1	4.885
148	B	516	1	4.885
149	H	4644	4	4.984
150	B	687	1	4.984
151	B	650	1	4.984
152	P	1209	1	5.083
153	B	502	1	5.083
154	B	396	1	5.083
155	P	877	1	5.182
156	B	433	1	5.233
157	B	368	1	5.233
158	P	1003	1	5.281
159	B	347	1	5.281
160	B	462	1	5.281
161	P	841	1	5.379
162	B	334	1	5.380
163	B	330	1	5.380
164	P	922	1	5.479
165	B	460	1	5.479
166	B	501	1	5.479
167	P	1158	1	5.578
168	B	405	1	5.578
169	B	385	1	5.578
170	P	937	1	5.677
171	B	303	1	5.677
172	B	267	1	5.677
173	P	967	1	5.775
174	B	350	1	5.775
175	B	308	1	5.775
176	P	996	1	5.875
177	B	306	1	5.875
178	B	320	1	5.875
179	H	4495	4	5.974
180	B	509	1	5.974
181	B	412	1	5.974
182	P	1005	1	6.072
183	B	300	1	6.072
184	B	355	1	6.072
185	P	1010	1	6.171
186	B	372	1	6.171
187	B	384	1	6.171
188	P	1039	1	6.270
189	B	409	1	6.270
190	B	473	1	6.271
191	P	1042	1	6.369
192	B	471	1	6.369
193	B	342	1	6.369
194	P	1106	1	6.468
195	B	497	1	6.468
196	B	394	1	6.468
197	P	854	1	6.567
198	B	446	1	6.567
199	B	307	1	6.567
200	P	1094	1	6.666
201	B	517	1	6.667
202	B	477	1	6.667
203	P	827	1	6.765
204	B	327	1	6.833
205	B	267	1	6.833
206	P	839	1	6.865
207	B	451	1	6.865
208	B	490	1	6.865
209	H	5001	4	6.963
210	B	673	1	6.963
211	B	684	1	6.963
212	P	1181	1	7.062
213	B	374	1	7.062
214	B	395	1	7.062
215	P	984	1	7.162
216	B	339	1	7.162
217	B	338	1	7.162
218	P	1069	1	7.261
219	B	307	1	7.261
220	B	364	1	7.261
221	P	956	1	7.359
222	B	442	1	7.359
223	B	528	1	7.359
224	P	999	1	7.459
225	B	428	1	7.459
226	B	391	1	7.459
227	P	1008	1	7.557
228	B	371	1	7.557
229	B	449	1	7.557
230	P	998	1	7.657
231	B	409	1	7.657
232	B	344	1	7.657
233	P	1119	1	7.756
234	B	423	1	7.756
235	B	423	1	7.756
236	P	1017	1	7.854
237	B	570	1	7.854
238	B	511	1	7.854
239	H	5059	4	7.954
240	B	571	1	7.954
241	B	631	1	7.954
242	P	1031	1	8.052
243	B	388	1	8.052
244	B	433	1	8.052
245	P	1004	1	8.151
246	B	393	1	8.151
247	B	376	1	8.151
248	P	1142	1	8.250
249	B	392	1	8.333
250	B	358	1	8.333
251	P	1092	1	8.350
252	B	477	1	8.350
253	B	398	1	8.350
254	P	951	1	8.448
255	B	274	1	8.448
256	B	288	1	8.448
257	P	943	1	8.547
258	B	407	1	8.547
259	B	479	1	8.547
260	P	1232	1	8.647
261	B	372	1	8.647
262	B	475	1	8.647
263	P	984	1	8.745
264	B	470	1	8.745
265	B	512	1	8.745
266	P	1127	1	8.844
267	B	422	1	8.844
268	B	425	1	8.844
269	H	4533	4	8.944
270	B	653	1	8.944
271	B	612	1	8.944
272	P	1038	1	9.043
273	B	350	1	9.043
274	B	532	1	9.043
275	P	1207	1	9.142
276	B	362	1	9.142
277	B	359	1	9.142
278	P	907	1	9.241
279	B	419	1	9.241
280	B	391	1	9.241
281	P	1027	1	9.340
282	B	342	1	9.340
283	B	395	1	9.340
284	P	860	1	9.438
285	B	349	1	9.438
286	B	418	1	9.438
287	P	910	1	9.538
288	B	408	1	9.538
289	B	454	1	9.538
290	P	1255	1	9.636
291	B	351	1	9.636
292	B	345	1	9.636
293	P	1052	1	9.736
294	B	427	1	9.736
295	B	466	1	9.736
296	P	1049	1	9.835
297	B	327	1	9.835
298	B	339	1	9.835
299	H	4575	4	9.933
300	B	701	1	9.933
301	B	496	1	9.933
302	P	1084	1	10.033
303	B	458	1	10.033
304	B	346	1	10.033
305	P	871	1	10.133
306	B	530	1	10.133
307	B	574	1	10.133
308	P	1095	1	10.233
309	B	444	1	10.233
310	B	360	1	10.233
311	P	961	1	10.333
312	B	511	1	10.333
313	B	416	1	10.333
314	P	1133	1	10.433
315	B	440	1	10.433
316	B	362	1	10.433
317	P	1015	1	10.533
318	B	400	1	10.533
319	B	433	1	10.533
320	P	1187	1	10.633
321	B	424	1	10.633
322	B	361	1	10.633
323	P	967	1	10.733
324	B	353	1	10.733
325	B	302	1	10.733
326	P	1030	1	10.833
327	B	347	1	10.833
328	B	357	1	10.833
329	H	5170	4	10.933
330	B	532	1	10.933
331	B	696	1	10.933
332	P	929	1	11.033
333	B	299	1	11.033
334	B	313	1	11.033
335	P	955	1	11.133
336	B	458	1	11.133
337	B	471	1	11.133
338	P	1023	1	11.233
339	B	442	1	11.233
340	B	342	1	11.233
341	P	1192	1	11.333
342	B	352	1	11.333
343	B	330	1	11.333
344	P	919	1	11.433
345	B	351	1	11.433
346	B	264	1	11.433
347	P	970	1	11.533
348	B	360	1	11.533
349	B	382	1	11.533
350	P	1064	1	11.633
351	B	512	1	11.633
352	B	441	1	11.633
353	P	943	1	11.733
354	B	406	1	11.733
355	B	408	1	11.733
356	P	948	1	11.833
357	B	394	1	11.833
358	B	494	1	11.833
359	H	5013	4	11.933
360	B	535	1	11.933
361	B	658	1	11.933
362	P	1143	1	12.033
363	B	604	1	12.033
364	B	694	1	12.033
365	P	967	1	12.133
366	B	590	1	12.133
367	B	428	1	12.133
368	P	1035	1	12.233
369	B	384	1	12.233
370	B	489	1	12.233
371	P	1198	1	12.333
372	B	359	1	12.333
373	B	431	1	12.333
374	P	981	1	12.433
375	B	444	1	12.433
376	B	338	1	12.433
377	P	1014	1	12.533
378	B	415	1	12.533
379	B	423	1	12.533
380	P	1112	1	12.633
381	B	440	1	12.633
382	B	411	1	12.633
383	P	985	1	12.733
384	B	337	1	12.733
385	B	263	1	12.733
386	P	1180	1	12.833
387	B	355	1	12.833
388	B	446	1	12.833
389	H	4810	4	12.933
390	B	690	1	12.933
391	B	673	1	12.933
392	P	1084	1	13.033
393	B	390	1	13.033
394	B	453	1	13.033
395	P	1044	1	13.133
396	B	457	1	13.133
397	B	376	1	13.133
398	P	1081	1	13.233
399	B	375	1	13.233
400	B	396	1	13.233
401	P	984	1	13.333
402	B	344	1	13.333
403	B	337	1	13.333
404	P	1099	1	13.433
405	B	434	1	13.433
406	B	406	1	13.433
407	P	1044	1	13.533
408	B	400	1	13.533
409	B	472	1	13.533
410	P	1165	1	13.633
411	B	416	1	13.633
412	B	380	1	13.633
413	P	945	1	13.733
414	B	365	1	13.733
415	B	350	1	13.733
416	P	1030	1	13.833
417	B	425	1	13.833
418	B	428	1	13.833
419	H	4855	4	13.933
420	B	613	1	13.933
421	B	739	1	13.933
422	P	1217	1	14.033
423	B	683	1	14.033
424	B	572	1	14.033
425	P	1069	1	14.133
426	B	364	1	14.133
427	B	434	1	14.133
428	P	986	1	14.233
429	B	419	1	14.233
430	B	418	1	14.233
431	P	1000	1	14.333
432	B	499	1	14.333
433	B	361	1	14.333
434	P	1060	1	14.433
435	B	595	1	14.433
436	B	630	1	14.433
437	P	1045	1	14.533
438	B	438	1	14.533
439	B	430	1	14.533
440	P	1322	1	14.633
441	B	524	1	14.633
442	B	460	1	14.633
443	P	1291	1	14.733
444	B	398	1	14.733
445	B	439	1	14.733
446	P	1070	1	14.833
447	B	489	1	14.833
448	B	535	1	14.833
449	H	5158	4	14.933
450	B	710	1	14.933
451	B	752	1	14.933
452	P	1519	2	15.033
453	B	437	1	15.033
454	B	400	1	15.033
455	P	1151	1	15.133
456	B	428	1	15.133
457	B	479	1	15.133
458	P	1213	1	15.233
459	B	435	1	15.233
460	B	424	1	15.233
461	P	1233	1	15.333
462	B	470	1	15.333
463	B	451	1	15.333
464	P	1283	1	15.433
465	B	544	1	15.433
466	B	554	1	15.433
467	P	1307	1	15.533
468	B	488	1	15.533
469	B	489	1	15.533
470	P	1241	1	15.633
471	B	448	1	15.633
472	B	438	1	15.633
473	P	1370	1	15.733
474	B	450	1	15.733
475	B	538	1	15.733
476	P	1551	2	15.833
477	B	487	1	15.833
478	B	554	1	15.833
479	H	4706	4	15.933
480	B	777	1	15.933
481	B	822	1	15.933
482	P	1419	1	16.033
483	B	595	1	16.033
484	B	552	1	16.033
485	P	1004	1	16.133
486	B	397	1	16.133
487	B	331	1	16.133
488	P	896	1	16.233
489	B	433	1	16.233
490	B	499	1	16.233
491	P	1099	1	16.333
492	B	564	1	16.333
493	B	430	1	16.333
494	P	1174	1	16.433
495	B	323	1	16.433
496	B	333	1	16.433
497	P	1221	1	16.533
498	B	401	1	16.533
499	B	345	1	16.533
500	P	1104	1	16.633
501	B	401	1	16.633
502	B	347	1	16.633
503	P	1063	1	16.733
504	B	344	1	16.733
505	B	363	1	16.733
506	P	994	1	16.833
507	B	398	1	16.833
508	B	521	1	16.833
509	H	4563	4	16.933
510	B	612	1	16.933
511	B	618	1	16.933
512	P	1082	1	17.033
513	B	306	1	17.033
514	B	315	1	17.033
515	P	1070	1	17.133
516	B	450	1	17.133
517	B	424	1	17.133
518	P	1220	1	17.233
519	B	426	1	17.233
520	B	445	1	17.233
521	P	815	1	17.333
522	B	396	1	17.333
523	B	368	1	17.333
524	P	1104	1	17.433
525	B	467	1	17.433
526	B	392	1	17.433
527	P	1044	1	17.533
528	B	376	1	17.533
529	B	396	1	17.533
530	P	1100	1	17.633
531	B	549	1	17.633
532	B	531	1	17.633
533	P	1113	1	17.733
534	B	367	1	17.733
535	B	316	1	17.733
536	P	949	1	17.833
537	B	436	1	17.833
538	B	445	1	17.833
539	H	4505	4	17.933
540	B	627	1	17.933
541	B	507	1	17.933
542	P	1109	1	18.033
543	B	448	1	18.033
544	B	517	1	18.033
545	P	886	1	18.133
546	B	408	1	18.133
547	B	352	1	18.133
548	P	950	1	18.233
549	B	440	1	18.233
550	B	531	1	18.234
551	P	1184	1	18.333
552	B	398	1	18.333
553	B	411	1	18.333
554	P	943	1	18.433
555	B	392	1	18.433
556	B	301	1	18.433
557	P	1076	1	18.533
558	B	413	1	18.533
559	B	398	1	18.533
560	P	986	1	18.633
561	B	413	1	18.633
562	B	520	1	18.633
563	P	1227	1	18.733
564	B	494	1	18.733
565	B	383	1	18.733
566	P	958	1	18.833
567	B	426	1	18.833
568	B	472	1	18.833
569	H	5354	4	18.933
570	B	727	1	18.933
571	B	639	1	18.933
572	P	1071	1	19.033
573	B	603	1	19.033
574	B	700	1	19.033
575	P	1331	1	19.133
576	B	370	1	19.133
577	B	402	1	19.133
578	P	874	1	19.233
579	B	290	1	19.233
580	B	375	1	19.233
581	P	1005	1	19.333
582	B	368	1	19.333
583	B	378	1	19.333
584	P	937	1	19.433
585	B	456	1	19.433
586	B	460	1	19.433
587	P	1164	1	19.533
588	B	469	1	19.533
589	B	441	1	19.533
590	P	874	1	19.633
591	B	324	1	19.633
592	B	483	1	19.633
593	P	1144	1	19.733
594	B	418	1	19.733
595	B	429	1	19.733
596	P	1223	1	19.833
597	B	367	1	19.833
598	B	359	1	19.833
599	H	4642	4	19.833
600	B	451	1	19.833
