1	H	817	2	0.067
2	P	28	1	0.198
3	P	24	1	0.198
4	P	24	1	0.198
5	P	24	1	0.199
6	P	32	1	0.330
7	P	26	1	0.330
8	P	24	1	0.330
9	P	24	1	0.333
10	P	97	1	0.363
11	P	319	1	0.396
12	P	691	1	0.429
13	P	906	2	0.462
14	I	893	1	0.495
15	P	2002	2	0.562
16	P	711	1	0.562
17	P	2217	3	0.693
18	P	1435	2	0.693
19	P	800	1	0.693
20	P	845	1	0.693
21	P	6615	7	0.792
22	P	1834	2	0.792
23	P	3049	3	0.792
24	P	4948	5	0.892
25	P	3581	4	0.892
26	P	2962	3	0.892
27	P	2866	4	0.924
28	I	4411	5	0.957
29	P	3780	4	1.000
30	P	5048	5	1.024
31	P	4290	5	1.057
32	P	4762	5	1.089
33	P	4327	5	1.122
34	P	3987	4	1.156
35	P	4465	5	1.189
36	P	5910	6	1.267
37	P	3025	3	1.267
38	P	4360	5	1.288
39	P	6005	6	1.386
40	P	3713	4	1.386
41	P	2728	3	1.386
42	P	3994	4	1.419
43	P	5554	6	1.500
44	P	2908	3	1.500
45	P	5420	6	1.552
46	P	2930	3	1.567
47	P	5272	6	1.618
48	P	2882	3	1.618
49	P	4091	4	1.651
50	P	3573	4	1.684
51	P	3678	4	1.717
52	P	3572	4	1.750
53	P	3197	4	1.783
54	P	3001	3	1.815
55	P	2898	3	1.849
56	P	3728	4	1.914
57	P	1819	3	1.914
58	I	9289	10	1.948
59	P	2763	3	1.981
60	P	2542	3	2.014
61	P	3738	4	2.113
62	P	2451	3	2.113
63	P	1907	2	2.113
64	P	2584	3	2.146
65	P	2971	3	2.212
66	P	1779	2	2.212
67	P	2662	3	2.278
68	P	1536	2	2.278
69	P	3302	5	2.311
70	I	6863	7	2.344
71	P	3231	4	2.377
72	P	2698	3	2.410
73	P	2420	3	2.443
74	P	2368	3	2.476
75	P	2365	3	2.509
76	P	2297	3	2.541
77	P	2200	3	2.574
78	P	2029	2	2.608
79	P	2102	3	2.640
80	P	2047	2	2.773
81	P	942	1	2.773
82	P	784	1	2.773
83	P	420	1	2.773
84	P	1615	2	2.905
85	P	411	1	2.905
86	P	277	1	2.905
87	P	195	1	2.905
88	P	1098	2	3.067
89	P	182	1	3.067
90	P	113	1	3.067
91	P	86	1	3.067
92	P	527	1	3.070
93	P	463	1	3.103
94	P	583	1	3.135
95	P	588	1	3.168
96	P	614	1	3.201
97	P	817	1	3.235
98	P	575	1	3.267
99	P	701	2	3.300
100	I	4058	4	3.334
101	P	469	1	3.367
102	P	573	1	3.400
103	P	1167	2	3.532
104	P	250	1	3.532
105	P	117	1	3.532
106	P	113	1	3.532
107	P	951	1	3.597
108	P	127	1	3.597
109	P	358	1	3.633
110	P	315	1	3.667
111	P	385	1	3.700
112	P	487	1	3.733
113	P	606	1	3.767
114	P	504	1	3.800
115	P	594	1	3.833
116	P	704	1	3.867
117	P	589	1	3.900
118	P	479	1	3.933
119	P	491	1	3.967
120	P	807	1	4.000
121	P	821	1	4.033
122	P	695	1	4.067
123	P	682	1	4.100
124	P	737	1	4.159
125	P	168	1	4.159
126	P	540	1	4.200
127	P	676	1	4.233
128	P	353	2	4.267
129	I	153	1	4.300
130	P	194	1	4.333
131	P	1742	2	4.456
132	P	343	1	4.456
133	P	208	1	4.456
134	P	384	1	4.456
135	P	2126	3	4.522
136	P	619	1	4.522
137	P	1456	2	4.567
138	P	3328	4	4.654
139	P	1209	2	4.654
140	P	1090	2	4.654
141	P	1940	2	4.700
142	P	1965	2	4.733
143	P	1869	2	4.767
144	P	1699	2	4.800
145	P	1619	2	4.833
146	P	1454	2	4.867
147	P	1411	2	4.900
148	P	1488	2	4.933
149	P	1502	2	4.967
150	P	1416	2	5.000
151	P	1333	2	5.033
152	P	1199	2	5.067
153	P	1062	2	5.100
154	P	1063	2	5.133
155	P	2224	3	5.181
156	P	634	1	5.181
157	P	2022	2	5.233
158	P	2675	4	5.267
159	I	6846	7	5.300
160	P	4258	5	5.333
161	P	9020	9	5.379
162	P	4267	5	5.379
163	P	3596	4	5.433
164	P	3051	3	5.467
165	P	2603	3	5.577
166	P	1672	2	5.578
167	P	764	1	5.578
168	P	554	1	5.578
169	P	4155	5	5.676
170	P	3292	4	5.676
171	P	2136	3	5.677
172	P	2216	3	5.775
173	P	2796	3	5.775
174	P	1567	2	5.833
175	P	1857	3	5.834
176	I	2408	3	5.867
177	P	1422	2	5.900
178	P	1417	2	5.933
179	P	1700	2	6.006
180	P	1380	2	6.006
181	P	1244	2	6.006
182	P	1439	2	6.072
183	P	1229	2	6.072
184	P	1294	2	6.133
185	P	1404	2	6.172
186	P	989	1	6.172
187	P	1222	2	6.233
188	P	1424	2	6.267
189	P	1711	2	6.400
190	P	1270	2	6.400
191	P	983	1	6.400
192	P	1211	2	6.400
193	P	1100	2	6.433
194	P	1319	2	6.467
195	P	1304	2	6.500
196	P	1304	2	6.533
197	P	1251	3	6.567
198	I	2507	3	6.600
199	P	1439	2	6.666
200	P	902	1	6.666
201	P	977	1	6.666
202	P	1164	2	6.733
203	P	1306	2	6.733
204	P	1222	2	6.800
205	P	1384	2	6.800
206	P	1815	2	6.867
207	P	2297	3	6.867
208	P	2493	4	6.933
209	I	3240	4	6.934
210	P	2219	3	7.000
211	P	2663	3	7.033
212	P	1575	2	7.033
213	P	2403	3	7.100
214	P	2064	3	7.100
215	P	1884	2	7.167
216	P	2524	3	7.300
217	P	1824	2	7.300
218	P	1625	2	7.300
219	P	2485	3	7.300
220	P	2298	3	7.300
221	P	2349	3	7.367
222	P	2539	3	7.367
223	P	2526	3	7.433
224	P	1457	2	7.433
225	P	1428	2	7.500
226	P	1133	2	7.500
227	P	975	1	7.567
228	P	960	1	7.623
229	P	637	1	7.623
230	P	386	1	7.623
231	P	615	1	7.700
232	P	564	1	7.700
233	P	651	1	7.767
234	P	1697	2	7.933
235	P	813	1	7.933
236	P	469	1	7.933
237	P	480	1	7.933
238	P	667	2	7.934
239	I	2620	3	7.934
240	P	1543	2	8.019
241	P	687	1	8.019
242	P	607	1	8.019
243	P	2240	3	8.233
244	P	1105	2	8.233
245	P	651	1	8.234
246	P	838	1	8.234
247	P	1411	2	8.234
248	P	1391	2	8.234
249	P	1468	2	8.300
250	P	1554	2	8.300
251	P	2408	3	8.383
252	P	1797	2	8.383
253	P	1652	2	8.383
254	P	1329	2	8.467
255	P	1134	2	8.467
256	P	891	1	8.533
257	P	905	1	8.567
258	P	409	1	8.567
259	P	1303	2	8.680
260	P	753	1	8.680
261	P	580	1	8.680
262	P	489	1	8.680
263	P	780	1	8.767
264	P	1272	2	8.845
265	P	753	1	8.845
266	P	535	1	8.845
267	P	479	1	8.845
268	P	879	2	8.933
269	I	2225	3	8.933
270	P	1601	2	9.043
271	P	998	1	9.043
272	P	541	1	9.043
273	P	766	1	9.043
274	P	1019	1	9.133
275	P	1326	2	9.133
276	P	1250	2	9.200
277	P	1510	2	9.200
278	P	1416	2	9.267
279	P	1418	2	9.267
280	P	1401	2	9.333
281	P	1808	2	9.333
282	P	1928	2	9.400
283	P	2216	3	9.400
284	P	2223	3	9.467
285	P	2140	3	9.467
286	P	2297	3	9.533
287	P	1945	2	9.533
288	P	2379	3	9.600
289	P	2022	2	9.600
290	P	2013	2	9.670
291	P	1464	2	9.670
292	P	1094	2	9.670
293	P	2010	2	9.767
294	P	1227	2	9.767
295	P	1984	2	9.833
296	P	1636	2	9.833
297	P	1658	3	9.900
298	I	2414	3	9.900
299	P	1482	2	9.900
300	P	1143	2	10.000
301	P	1217	2	10.000
302	P	1089	2	10.000
303	P	818	1	10.100
304	P	1165	2	10.100
305	P	1294	2	10.167
306	P	641	1	10.167
307	P	919	1	10.167
308	P	1044	2	10.267
309	P	1489	2	10.300
310	P	851	1	10.300
311	P	739	1	10.300
312	P	1044	2	10.400
313	P	1082	2	10.400
314	P	1333	2	10.400
315	P	1396	2	10.500
316	P	1353	2	10.500
317	P	1435	2	10.500
318	P	1569	2	10.600
319	P	1499	2	10.600
320	P	2592	3	10.667
321	P	1231	2	10.667
322	P	965	1	10.667
323	P	1494	2	10.767
324	P	1646	2	10.767
325	P	2661	3	10.833
326	P	1365	2	10.833
327	P	969	2	10.833
328	I	4184	5	10.933
329	P	1491	2	10.933
330	P	1657	2	10.933
331	P	1391	2	11.033
332	P	1832	2	11.033
333	P	1677	2	11.034
334	P	2397	3	11.134
335	P	1268	2	11.134
336	P	1676	2	11.134
337	P	2100	3	11.233
338	P	865	1	11.233
339	P	1454	2	11.234
340	P	1402	2	11.333
341	P	1234	2	11.333
342	P	1396	2	11.334
343	P	1615	2	11.433
344	P	1495	2	11.433
345	P	1415	2	11.434
346	P	1466	2	11.533
347	P	1536	2	11.533
348	P	1407	2	11.534
349	P	1537	2	11.633
350	P	1524	2	11.634
351	P	1657	2	11.634
352	P	1805	2	11.733
353	P	2000	2	11.734
354	P	1709	2	11.734
355	P	2790	3	11.833
356	P	2095	3	11.833
357	P	2441	4	11.834
358	I	5741	6	11.933
359	P	2013	2	11.933
360	P	4093	4	12.000
361	P	1642	2	12.000
362	P	3680	4	12.000
363	P	2889	3	12.100
364	P	2682	3	12.100
365	P	2861	3	12.100
366	P	2393	3	12.200
367	P	2431	3	12.244
368	P	1393	2	12.244
369	P	960	1	12.244
370	P	811	1	12.244
371	P	1268	2	12.367
372	P	2036	2	12.400
373	P	1241	2	12.400
374	P	811	1	12.400
375	P	1976	2	12.500
376	P	1635	2	12.500
377	P	2069	3	12.700
378	P	1271	2	12.700
379	P	789	1	12.700
380	P	738	1	12.700
381	P	1314	2	12.700
382	P	2396	3	12.739
383	P	1624	2	12.739
384	P	816	1	12.739
385	P	1088	2	12.739
386	P	1582	2	12.867
387	P	1099	3	12.867
388	I	5326	6	12.867
389	P	2223	3	12.967
390	P	1049	2	12.967
391	P	761	1	12.967
392	P	2410	3	13.069
393	P	1577	2	13.069
394	P	793	1	13.069
395	P	1124	2	13.069
396	P	1672	2	13.200
397	P	2030	2	13.234
398	P	1414	2	13.234
399	P	813	1	13.234
400	P	849	1	13.234
401	P	1302	2	13.367
402	P	1795	2	13.400
403	P	1536	2	13.400
404	P	833	1	13.400
405	P	1047	2	13.400
406	P	1416	3	13.533
407	I	2861	3	13.534
408	P	898	1	13.534
409	P	916	1	13.534
410	P	1266	2	13.667
411	P	1616	2	13.667
412	P	1654	2	13.667
413	P	1659	2	13.667
414	P	1506	2	13.800
415	P	1963	2	13.800
416	P	2520	3	13.867
417	P	1295	2	13.867
418	P	834	1	13.867
419	P	581	1	13.867
420	P	1231	2	14.000
421	P	934	1	14.000
422	P	1313	2	14.000
423	P	1970	2	14.100
424	P	920	1	14.100
425	P	875	1	14.100
426	P	1321	2	14.100
427	P	1650	2	14.233
428	P	537	1	14.233
429	P	1099	2	14.234
430	P	1125	2	14.234
431	P	880	1	14.367
432	P	1090	2	14.367
433	P	1984	2	14.433
434	P	958	1	14.433
435	P	768	1	14.433
436	P	1452	3	14.434
437	I	4518	5	14.567
438	P	2400	3	14.600
439	P	864	1	14.600
440	P	580	1	14.600
441	P	602	1	14.600
442	P	1325	2	14.733
443	P	2169	3	14.734
444	P	977	1	14.734
445	P	932	1	14.734
446	P	1348	2	14.867
447	P	1791	2	14.867
448	P	609	1	14.867
449	P	1226	2	14.867
450	P	1069	2	15.000
451	P	823	1	15.000
452	P	941	1	15.000
453	P	915	2	15.000
454	I	2159	3	15.133
455	P	1328	2	15.133
456	P	1040	2	15.133
457	P	649	1	15.134
458	P	492	1	15.267
459	P	1047	2	15.267
460	P	888	1	15.267
461	P	704	2	15.267
462	I	3037	3	15.400
463	P	1264	2	15.400
464	P	487	1	15.400
465	P	827	1	15.400
466	P	712	1	15.533
467	P	776	1	15.533
468	P	1267	2	15.533
469	P	1617	2	15.533
470	P	2562	3	15.667
471	P	1975	2	15.667
472	P	1075	2	15.667
473	P	1164	2	15.667
474	P	1995	2	15.800
475	P	2082	3	15.800
476	P	1898	2	15.800
477	P	2969	3	15.900
478	P	1673	2	15.900
479	P	2309	3	15.900
480	P	2764	3	16.000
481	P	2198	3	16.000
482	P	1655	2	16.000
483	P	1429	2	16.000
484	P	1809	2	16.133
485	P	1473	2	16.133
486	P	2042	2	16.133
487	P	782	1	16.134
488	P	1807	2	16.267
489	P	777	1	16.267
490	P	1236	2	16.267
491	P	1264	3	16.267
492	I	4125	5	16.400
493	P	2507	3	16.433
494	P	1803	2	16.433
495	P	1118	2	16.434
496	P	1144	2	16.434
497	P	2556	3	16.567
498	P	1355	2	16.567
499	P	1481	2	16.567
500	P	2328	3	16.567
501	P	1451	2	16.567
502	P	2568	3	16.733
503	P	3418	4	16.734
504	P	1846	2	16.734
505	P	3641	4	16.734
506	P	5021	5	16.734
507	P	3529	4	16.900
508	P	3679	4	16.900
509	P	2812	3	16.900
510	P	3209	4	16.900
511	P	4452	5	16.900
512	P	5231	6	17.067
513	P	4822	5	17.067
514	P	3552	4	17.067
515	P	3914	4	17.067
516	P	3327	4	17.067
517	P	4011	4	17.233
518	P	4390	5	17.234
519	P	3710	4	17.234
520	P	3413	5	17.234
521	I	4574	5	17.234
522	P	3361	4	17.400
523	P	2648	3	17.400
524	P	2542	3	17.400
525	P	2226	3	17.400
526	P	2265	3	17.533
527	P	1991	2	17.533
528	P	1477	2	17.533
529	P	2873	3	17.633
530	P	2444	3	17.634
531	P	2385	3	17.634
532	P	3146	4	17.634
533	P	3344	4	17.767
534	P	2271	3	17.767
535	P	2547	3	17.767
536	P	2129	3	17.767
537	P	1761	3	17.767
538	I	1582	2	17.933
539	P	970	1	17.934
540	P	583	1	17.934
541	P	573	1	17.934
542	P	1517	2	18.067
543	P	843	1	18.067
544	P	456	1	18.067
545	P	785	1	18.067
546	P	1474	2	18.200
547	P	976	1	18.200
548	P	674	1	18.200
549	P	544	1	18.200
550	P	1294	2	18.333
551	P	922	1	18.334
552	P	594	1	18.334
553	P	1256	2	18.334
554	P	1461	2	18.334
555	P	1577	2	18.500
556	P	1740	2	18.500
557	P	2197	3	18.500
558	P	1160	2	18.500
559	P	508	2	18.500
560	I	4300	5	18.667
561	P	1765	2	18.667
562	P	877	1	18.667
563	P	728	1	18.667
564	P	1163	2	18.667
565	P	1089	2	18.833
566	P	1245	2	18.833
567	P	1219	2	18.833
568	P	1908	2	18.933
569	P	1004	1	18.933
570	P	548	1	18.933
571	P	535	1	18.933
572	P	1964	2	19.067
573	P	1091	2	19.067
574	P	617	1	19.067
575	P	728	1	19.067
576	P	1844	2	19.200
577	P	1087	2	19.200
578	P	623	1	19.200
579	P	611	1	19.200
580	P	1862	2	19.333
581	P	1109	2	19.333
582	P	788	1	19.333
583	P	603	1	19.334
584	P	1050	2	19.334
585	P	1755	2	19.500
586	P	1120	2	19.500
587	P	622	1	19.500
588	P	725	1	19.500
589	P	1141	3	19.500
590	I	3566	4	19.667
591	P	2666	3	19.667
592	P	1843	2	19.667
593	P	985	1	19.667
594	P	1319	2	19.667
595	P	2007	2	19.833
596	P	1868	2	19.834
597	P	1768	2	19.834
598	P	1396	2	19.834
599	P	1336	2	19.834
600	P	762	1	19.834
601	P	1241	2	20.033
602	P	2354	3	20.033
603	P	1697	2	20.034
604	P	1050	2	20.034
605	P	846	1	20.034
606	P	1701	2	20.200
607	P	736	1	20.200
608	P	1620	2	20.200
609	P	1400	2	20.200
610	P	840	1	20.200
611	P	609	1	20.200
612	P	2209	3	20.400
613	P	1442	2	20.400
614	P	846	1	20.400
615	P	745	1	20.400
616	P	1587	3	20.400
617	I	4139	5	20.400
618	P	1421	2	20.600
619	P	733	1	20.600
620	P	429	1	20.600
621	P	359	1	20.600
622	P	5815	6	20.733
623	P	461	1	20.733
624	P	2500	3	20.734
625	P	2961	3	20.734
626	P	2330	3	20.734
627	P	1788	2	20.734
628	P	977	2	20.933
629	I	5914	6	20.933
630	P	3625	4	20.934
631	P	2905	3	20.934
632	P	2685	3	20.934
633	P	816	1	20.934
634	P	2243	3	21.133
635	P	3066	3	21.133
636	P	498	1	21.134
637	P	534	1	21.134
638	P	289	1	21.134
639	P	1376	2	21.300
640	P	134	1	21.300
641	P	121	1	21.300
642	P	47	1	21.300
643	P	235	1	21.433
644	P	58	1	21.433
645	P	38	1	21.433
646	P	30	1	21.433
647	P	107	1	21.567
648	P	46	1	21.567
649	P	32	1	21.567
650	P	30	1	21.567
651	P	82	1	21.700
652	P	49	1	21.700
653	P	32	1	21.700
654	P	30	1	21.700
655	P	103	1	21.833
656	P	49	1	21.833
657	P	30	1	21.833
658	P	59	2	21.833
659	I	8036	8	21.834
660	P	269	1	22.000
661	P	98	1	22.000
662	P	65	1	22.000
663	P	38	1	22.000
664	P	70	1	22.133
665	P	94	1	22.133
666	P	41	1	22.133
667	P	34	1	22.133
668	P	75	1	22.267
669	P	98	1	22.267
670	P	90	1	22.267
671	P	84	1	22.267
672	P	34	1	22.400
673	P	26	1	22.400
674	P	25	1	22.400
675	P	25	1	22.400
676	P	39	1	22.533
677	P	26	1	22.533
678	P	25	1	22.533
679	P	25	1	22.533
680	P	38	1	22.534
681	P	45	2	22.534
682	I	4824	5	22.733
683	P	3889	4	22.733
684	P	2943	3	22.734
685	P	1274	2	22.734
686	P	564	1	22.734
687	P	4564	5	22.900
688	P	1239	2	22.900
689	P	642	1	22.900
690	P	695	1	22.900
691	P	5225	6	23.033
692	P	1133	2	23.034
693	P	677	1	23.034
694	P	766	1	23.034
695	P	3903	4	23.167
696	P	906	1	23.167
697	P	656	1	23.167
698	P	496	1	23.167
699	P	2767	3	23.300
700	P	716	1	23.300
701	P	550	1	23.300
702	P	467	1	23.300
703	P	2859	3	23.433
704	P	862	1	23.433
705	P	477	1	23.433
706	P	522	1	23.434
707	P	4050	4	23.567
708	P	1290	2	23.567
709	P	668	1	23.567
710	P	761	1	23.567
711	P	1267	3	23.567
712	I	13136	13	23.567
713	P	5541	6	23.767
714	P	1174	2	23.767
715	P	684	1	23.767
716	P	740	1	23.767
717	P	2777	3	23.767
718	P	3520	4	23.933
719	P	949	1	23.933
720	P	604	1	23.934
721	P	637	1	23.934
722	P	3382	4	24.067
723	P	982	1	24.067
724	P	646	1	24.067
725	P	603	1	24.067
726	P	3332	4	24.200
727	P	990	1	24.200
728	P	588	1	24.200
729	P	590	1	24.200
730	P	3043	3	24.333
731	P	1010	1	24.333
732	P	604	1	24.333
733	P	599	1	24.334
734	P	6050	6	24.467
735	P	1083	2	24.467
736	P	588	1	24.467
737	P	633	1	24.467
738	P	2718	3	24.600
739	P	828	1	24.600
740	P	538	1	24.600
741	P	569	2	24.600
742	I	15055	15	24.600
743	P	2573	3	24.767
744	P	728	1	24.767
745	P	574	1	24.767
746	P	551	1	24.767
747	P	2834	3	24.900
748	P	920	1	24.900
749	P	547	1	24.900
750	P	566	1	24.900
751	P	2704	3	25.033
752	P	917	1	25.033
753	P	631	1	25.033
754	P	607	1	25.034
755	P	2778	3	25.167
756	P	979	1	25.167
757	P	654	1	25.167
758	P	593	1	25.167
759	P	2729	3	25.300
760	P	919	1	25.300
761	P	621	1	25.300
762	P	595	1	25.300
763	P	2495	3	25.433
764	P	917	1	25.433
765	P	595	1	25.433
766	P	572	1	25.434
767	P	4845	5	25.434
768	P	688	1	25.434
769	P	682	1	25.434
770	P	1041	2	25.667
771	P	519	2	25.667
772	I	12917	13	25.667
773	P	1951	2	25.667
774	P	614	1	25.667
775	P	527	1	25.667
776	P	2691	3	25.867
777	P	934	1	25.867
778	P	579	1	25.867
779	P	523	1	25.867
780	P	2774	3	26.000
781	P	1006	1	26.000
782	P	571	1	26.000
783	P	584	1	26.000
784	P	2657	3	26.000
785	P	635	1	26.000
786	P	2724	3	26.200
787	P	633	1	26.200
788	P	3912	4	26.200
789	P	1221	2	26.200
790	P	684	1	26.200
791	P	664	1	26.200
792	P	3950	4	26.400
793	P	1456	2	26.400
794	P	748	1	26.400
795	P	761	1	26.400
796	P	3041	3	26.400
797	P	595	1	26.400
798	P	2845	3	26.600
799	P	849	1	26.600
800	P	564	1	26.600
801	P	540	2	26.600
802	I	9702	10	26.600
803	P	2120	3	26.767
804	P	666	1	26.767
805	P	497	1	26.767
806	P	511	1	26.767
807	P	2194	3	26.767
808	P	778	1	26.767
809	P	493	1	26.767
810	P	464	1	26.767
811	P	3407	4	27.033
812	P	940	1	27.033
813	P	472	1	27.033
814	P	847	1	27.034
815	P	5527	6	27.034
816	P	1708	2	27.034
817	P	958	1	27.034
818	P	1112	2	27.034
819	P	3876	4	27.300
820	P	7912	8	27.300
821	P	2222	3	27.300
822	P	1149	2	27.300
823	P	955	1	27.300
824	P	4134	5	27.300
825	P	9602	10	27.500
826	P	2280	3	27.500
827	P	1047	2	27.500
828	P	923	1	27.500
829	P	5465	6	27.500
830	P	1392	2	27.500
831	P	891	2	27.500
832	I	24276	24	27.501
833	P	2876	3	27.767
834	P	700	1	27.767
835	P	436	1	27.767
836	P	367	1	27.767
837	P	3223	4	27.767
838	P	654	1	27.767
839	P	422	1	27.767
840	P	401	1	27.767
841	P	3633	4	28.033
842	P	757	1	28.033
843	P	422	1	28.033
844	P	414	1	28.034
845	P	4247	5	28.034
846	P	834	1	28.034
847	P	437	1	28.034
848	P	466	1	28.034
849	P	4573	5	28.300
850	P	816	1	28.300
851	P	536	1	28.300
852	P	389	1	28.300
853	P	3782	4	28.300
854	P	705	1	28.300
855	P	437	1	28.300
856	P	385	1	28.300
857	P	3789	4	28.567
858	P	745	1	28.567
859	P	429	1	28.567
860	P	406	1	28.567
861	P	482	2	28.567
862	I	24318	24	28.567
863	P	2938	3	28.767
864	P	746	1	28.767
865	P	429	1	28.767
866	P	443	1	28.767
867	P	3420	4	28.767
868	P	815	1	28.767
869	P	423	1	28.767
870	P	447	1	28.767
871	P	3616	4	29.033
872	P	764	1	29.033
873	P	450	1	29.034
874	P	414	1	29.034
875	P	3527	4	29.034
876	P	686	1	29.034
877	P	416	1	29.034
878	P	412	1	29.034
879	P	3573	4	29.300
880	P	725	1	29.300
881	P	453	1	29.300
882	P	430	1	29.300
883	P	3214	4	29.300
884	P	715	1	29.300
885	P	404	1	29.300
886	P	402	1	29.300
887	P	5963	6	29.567
888	P	688	1	29.567
889	P	407	1	29.567
890	P	359	1	29.567
891	P	443	2	29.567
892	I	23523	23	29.567
893	P	2916	3	29.767
894	P	903	1	29.767
895	P	471	1	29.767
896	P	507	1	29.767
897	P	2932	3	29.767
898	P	729	1	29.767
899	P	491	1	29.767
900	P	383	1	29.767
901	P	2953	3	30.033
902	P	767	1	30.033
903	P	424	1	30.033
904	P	426	1	30.034
905	P	2597	3	30.034
906	P	811	1	30.034
907	P	458	1	30.034
908	P	481	1	30.034
909	P	2257	3	30.300
910	P	839	1	30.300
911	P	512	1	30.300
912	P	455	1	30.300
913	P	1516	2	30.300
914	P	614	1	30.300
915	P	481	1	30.300
916	P	3583	4	30.300
917	P	4446	5	30.300
918	P	9832	10	30.600
919	P	1223	2	30.600
920	P	638	1	30.600
921	P	621	2	30.600
922	I	15547	16	30.600
923	P	10597	11	30.600
924	P	647	1	30.600
925	P	565	1	30.600
926	P	487	1	30.600
927	P	12480	13	30.900
928	P	1315	2	30.900
929	P	555	1	30.900
930	P	603	1	30.900
931	P	3576	4	30.900
932	P	570	1	30.900
933	P	401	1	30.900
934	P	325	1	30.900
935	P	3772	4	31.167
936	P	551	1	31.167
937	P	373	1	31.167
938	P	314	1	31.167
939	P	3321	4	31.167
940	P	535	1	31.167
941	P	320	1	31.167
942	P	297	1	31.167
943	P	3359	4	31.433
944	P	517	1	31.433
945	P	357	1	31.433
946	P	319	1	31.433
947	P	5468	6	31.434
948	P	637	1	31.434
949	P	354	1	31.434
950	P	387	1	31.434
951	P	475	2	31.434
952	I	22024	22	31.734
953	P	3011	3	31.734
954	P	685	1	31.734
955	P	485	1	31.734
956	P	371	1	31.734
957	P	3162	4	31.734
958	P	551	1	31.734
959	P	348	1	31.734
960	P	326	1	31.734
961	P	3158	4	32.033
962	P	550	1	32.033
963	P	397	1	32.033
964	P	384	1	32.034
965	P	3550	4	32.034
966	P	586	1	32.034
967	P	399	1	32.034
968	P	405	1	32.034
969	P	3715	4	32.300
970	P	626	1	32.300
971	P	416	1	32.300
972	P	404	1	32.300
973	P	3948	4	32.300
974	P	650	1	32.300
975	P	445	1	32.300
976	P	416	1	32.300
977	P	3808	4	32.567
978	P	654	1	32.567
979	P	479	1	32.567
980	P	387	1	32.567
981	P	436	2	32.567
982	I	22420	22	32.567
983	P	2569	3	32.767
984	P	642	1	32.767
985	P	437	1	32.767
986	P	446	1	32.767
987	P	2396	3	32.767
988	P	675	1	32.767
989	P	440	1	32.767
990	P	419	1	32.767
991	P	1718	2	33.033
992	P	713	1	33.033
993	P	414	1	33.033
994	P	444	1	33.034
995	P	737	1	33.034
996	P	467	1	33.034
997	P	495	2	33.034
998	I	21144	21	33.034
999	P	2522	3	33.300
1000	P	863	1	33.300
1001	P	516	1	33.300
1002	P	743	1	33.300
1003	P	4221	5	33.300
1004	P	1779	2	33.300
1005	P	1047	2	33.300
1006	P	1202	2	33.300
1007	P	4112	5	33.567
1008	P	1836	2	33.567
1009	P	1211	2	33.567
1010	P	1081	2	33.567
1011	P	3941	4	33.567
1012	P	1201	2	33.567
1013	P	1072	2	33.567
1014	P	710	1	33.567
1015	P	4038	4	33.833
1016	P	1396	2	33.833
1017	P	781	1	33.834
1018	P	944	1	33.834
1019	P	4564	5	33.834
1020	P	1566	2	33.834
1021	P	1062	2	33.834
1022	P	1065	2	33.834
1023	P	4171	5	34.100
1024	P	776	1	34.100
1025	P	841	1	34.100
1026	P	386	1	34.100
1027	P	697	2	34.100
1028	I	20248	20	34.100
1029	P	2328	3	34.100
1030	P	808	1	34.100
1031	P	479	1	34.100
1032	P	499	1	34.100
1033	P	3973	4	34.433
1034	P	1418	2	34.434
1035	P	899	1	34.434
1036	P	826	1	34.434
1037	P	4261	5	34.434
1038	P	1319	2	34.434
1039	P	807	1	34.434
1040	P	907	1	34.434
1041	P	4198	5	34.700
1042	P	1395	2	34.700
1043	P	855	1	34.700
1044	P	806	1	34.700
1045	P	3063	3	34.700
1046	P	831	1	34.700
1047	P	567	1	34.700
1048	P	549	1	34.700
1049	P	2981	3	34.967
1050	P	972	1	34.967
1051	P	603	1	34.967
1052	P	576	1	34.967
1053	P	2912	3	34.967
1054	P	948	1	34.967
1055	P	603	1	34.967
1056	P	613	1	34.967
1057	P	831	2	34.967
1058	I	23403	23	34.967
1059	P	2047	2	35.300
1060	P	758	1	35.300
1061	P	636	1	35.300
1062	P	475	1	35.300
1063	P	2673	3	35.300
1064	P	789	1	35.300
1065	P	440	1	35.300
1066	P	680	1	35.300
1067	P	3896	4	35.567
1068	P	1451	2	35.567
1069	P	868	1	35.567
1070	P	898	1	35.567
1071	P	3926	4	35.567
1072	P	667	1	35.567
1073	P	781	1	35.567
1074	P	312	1	35.567
1075	P	1843	2	35.833
1076	P	393	1	35.833
1077	P	252	1	35.833
1078	P	229	1	35.833
1079	P	2437	3	35.834
1080	P	638	1	35.834
1081	P	315	1	35.834
1082	P	430	1	35.834
1083	P	3722	4	36.100
1084	P	1257	2	36.100
1085	P	640	1	36.100
1086	P	993	1	36.100
1087	P	1202	3	36.100
1088	I	21260	21	36.100
1089	P	2863	3	36.100
1090	P	1022	1	36.100
1091	P	662	1	36.100
1092	P	558	1	36.100
1093	P	2692	3	36.433
1094	P	870	1	36.433
1095	P	532	1	36.433
1096	P	483	1	36.433
1097	P	2316	3	36.434
1098	P	792	1	36.434
1099	P	463	1	36.434
1100	P	397	1	36.434
1101	P	2782	3	36.700
1102	P	753	1	36.700
1103	P	475	1	36.700
1104	P	396	1	36.700
1105	P	2281	3	36.700
1106	P	721	1	36.700
1107	P	430	1	36.700
1108	P	397	1	36.700
1109	P	2289	3	36.967
1110	P	700	1	36.967
1111	P	449	1	36.967
1112	P	441	1	36.967
1113	P	3443	4	36.967
1114	P	1171	2	36.967
1115	P	616	1	36.967
1116	P	779	1	36.967
1117	P	1238	3	36.967
1118	I	23443	23	36.967
1119	P	2705	3	37.300
1120	P	949	1	37.300
1121	P	730	1	37.300
1122	P	453	1	37.300
1123	P	1425	2	37.300
1124	P	589	1	37.300
1125	P	308	1	37.300
1126	P	382	1	37.300
1127	P	2969	3	37.567
1128	P	1224	2	37.567
1129	P	635	1	37.567
1130	P	921	1	37.567
1131	P	3026	3	37.567
1132	P	1167	2	37.567
1133	P	749	1	37.567
1134	P	610	1	37.567
1135	P	2655	3	37.833
1136	P	916	1	37.833
1137	P	716	1	37.834
1138	P	520	1	37.834
1139	P	2436	3	37.834
1140	P	950	1	37.834
1141	P	538	1	37.834
1142	P	687	1	37.834
1143	P	2786	3	38.100
1144	P	947	1	38.100
1145	P	583	1	38.100
1146	P	601	1	38.100
1147	P	505	2	38.100
1148	I	21201	21	38.100
1149	P	3237	4	38.100
1150	P	1295	2	38.100
1151	P	766	1	38.100
1152	P	765	1	38.100
1153	P	7088	7	38.433
1154	P	427	1	38.434
1155	P	608	1	38.434
1156	P	177	1	38.434
1157	P	1325	2	38.434
1158	P	1020	1	38.434
1159	P	207	1	38.434
1160	P	122	1	38.434
1161	P	131	1	38.434
1162	P	852	1	38.733
1163	P	146	1	38.733
1164	P	89	1	38.733
1165	P	555	1	38.733
1166	P	140	1	38.733
1167	P	103	1	38.734
1168	P	62	1	38.734
1169	P	375	1	38.734
1170	P	108	1	38.734
1171	P	80	1	38.734
1172	P	51	1	38.734
1173	P	1962	2	39.100
1174	P	379	1	39.100
1175	P	105	1	39.100
1176	P	742	1	39.100
1177	P	1034	2	39.100
1178	I	24218	24	39.100
1179	P	2137	3	39.100
1180	P	1167	2	39.100
1181	P	685	1	39.100
1182	P	574	1	39.100
1183	P	1323	2	39.100
1184	P	2079	3	39.467
1185	P	727	1	39.467
1186	P	458	1	39.467
1187	P	1040	2	39.467
1188	P	405	1	39.467
1189	P	2572	3	39.467
1190	P	1115	2	39.467
1191	P	803	1	39.467
1192	P	607	1	39.467
1193	P	2893	3	39.767
1194	P	933	1	39.767
1195	P	605	1	39.767
1196	P	654	1	39.767
1197	P	2231	3	39.767
1198	P	429	1	39.767
1199	P	371	1	39.767
1200	P	163	1	39.767
1201	P	623	1	39.767
1202	P	89	1	39.767
1203	P	617	1	40.100
1204	P	240	1	40.100
1205	P	77	1	40.100
1206	P	147	1	40.100
1207	P	404	2	40.100
1208	I	20795	21	40.100
1209	P	1198	2	40.100
1210	P	432	1	40.100
1211	P	293	1	40.100
1212	P	287	1	40.100
1213	P	909	1	40.100
1214	P	136	1	40.100
1215	P	112	1	40.500
1216	P	507	1	40.500
1217	P	112	1	40.500
1218	P	259	2	40.500
1219	I	19278	19	40.500
1220	P	1891	2	40.500
1221	P	524	1	40.500
1222	P	2084	3	40.500
1223	P	511	1	40.500
1224	P	1346	2	40.500
1225	P	315	1	40.500
1226	P	1542	2	40.867
1227	P	492	1	40.867
1228	P	256	1	40.867
1229	P	246	1	40.867
1230	P	1989	2	40.867
1231	P	578	1	40.867
1232	P	262	1	40.867
1233	P	346	1	40.867
1234	P	1569	2	40.867
1235	P	395	1	40.867
1236	P	298	1	40.867
1237	P	150	1	40.867
1238	P	552	1	41.267
1239	P	180	1	41.267
1240	P	1868	2	41.267
1241	P	523	1	41.267
1242	P	589	1	41.267
1243	P	2363	3	41.267
1244	P	1111	2	41.267
1245	P	508	1	41.267
1246	P	645	1	41.267
1247	P	1544	2	41.267
1248	P	1718	3	41.267
1249	I	18222	18	41.267
1250	P	1221	2	41.667
1251	P	913	1	41.667
1252	P	2021	2	41.667
1253	P	380	1	41.667
1254	P	280	1	41.667
1255	P	202	1	41.667
1256	P	1146	2	41.667
1257	P	279	1	41.667
1258	P	204	1	41.667
1259	P	153	1	41.667
1260	P	455	1	41.667
1261	P	104	1	41.667
1262	P	388	1	42.067
1263	P	120	1	42.067
1264	P	307	1	42.067
1265	P	1805	2	42.067
1266	P	211	1	42.067
1267	P	579	1	42.067
1268	P	2245	3	42.067
1269	P	2353	3	42.067
1270	P	2265	3	42.067
1271	P	2610	3	42.067
1272	P	2771	3	42.067
1273	P	4317	5	42.067
1274	P	2952	3	42.467
1275	P	4287	5	42.467
1276	P	1752	2	42.467
1277	P	2092	3	42.467
1278	P	1974	3	42.467
1279	I	7432	8	42.467
1280	P	1204	2	42.467
1281	P	14394	15	42.467
1282	P	2030	2	42.467
1283	P	678	1	42.467
1284	P	3258	4	42.800
1285	P	743	1	42.800
1286	P	681	1	42.800
1287	P	4381	5	42.800
1288	P	1091	2	42.800
1289	P	640	1	42.800
1290	P	542	1	42.800
1291	P	4799	5	42.800
1292	P	716	1	42.800
1293	P	549	1	42.800
1294	P	423	1	42.800
1295	P	4393	5	43.167
1296	P	501	1	43.167
1297	P	397	1	43.167
1298	P	329	1	43.167
1299	P	3209	4	43.167
1300	P	247	1	43.167
1301	P	321	1	43.167
1302	P	124	1	43.167
1303	P	545	1	43.167
1304	P	96	1	43.167
1305	P	79	1	43.167
1306	P	28	1	43.167
1307	P	46	1	43.567
1308	P	57	2	43.567
1309	I	17780	18	43.567
1310	P	107	1	43.567
1311	P	47	1	43.567
1312	P	31	1	43.567
1313	P	25	1	43.567
1314	P	35	1	43.567
1315	P	30	1	43.567
1316	P	25	1	43.567
1317	P	25	1	43.567
1318	P	33	1	43.567
1319	P	47	2	43.567
1320	I	21617	22	44.000
1321	P	2908	3	44.000
1322	P	1016	1	44.000
1323	P	3837	4	44.000
1324	P	1285	2	44.000
1325	P	725	1	44.000
1326	P	2144	3	44.000
1327	P	528	1	44.000
1328	P	1405	2	44.000
1329	P	1425	2	44.000
1330	P	1159	2	44.000
1331	P	1082	2	44.000
1332	P	1347	2	44.400
1333	P	229	1	44.400
1334	P	749	1	44.400
1335	P	1018	1	44.400
1336	P	210	1	44.400
1337	P	145	1	44.400
1338	P	429	1	44.400
1339	P	101	1	44.400
1340	P	72	1	44.400
1341	P	52	1	44.400
1342	P	1395	2	44.733
1343	P	314	1	44.733
1344	P	86	1	44.733
1345	P	423	1	44.733
1346	P	883	1	44.734
1347	P	922	1	44.734
1348	P	478	1	44.734
1349	P	373	2	44.734
1350	I	22193	22	44.734
1351	P	1481	2	44.734
1352	P	450	1	44.734
1353	P	369	1	44.734
1354	P	1099	2	45.133
1355	P	305	1	45.133
1356	P	592	1	45.134
1357	P	1088	2	45.134
1358	P	353	1	45.134
1359	P	204	1	45.134
1360	P	164	1	45.134
1361	P	443	1	45.134
1362	P	129	1	45.134
1363	P	74	2	45.134
1364	I	26216	26	45.134
1365	P	2329	3	45.500
1366	P	638	1	45.500
1367	P	549	1	45.500
1368	P	2118	3	45.500
1369	P	628	1	45.500
1370	P	448	1	45.500
1371	P	397	1	45.500
1372	P	1893	2	45.500
1373	P	549	1	45.500
1374	P	336	1	45.500
1375	P	280	1	45.500
1376	P	692	1	45.500
1377	P	749	1	45.500
1378	P	855	1	45.933
1379	P	700	1	45.933
1380	P	530	1	45.933
1381	P	811	1	45.933
1382	P	112	1	45.933
1383	P	81	1	45.934
1384	P	54	1	45.934
1385	P	222	1	45.934
1386	P	46	1	45.934
1387	P	215	1	45.934
1388	P	53	1	45.934
1389	P	29	1	45.934
1390	P	28	1	45.934
1391	P	43	1	46.367
1392	P	30	1	46.367
1393	P	53	2	46.367
1394	I	27593	27	46.367
1395	P	71	1	46.367
1396	P	41	1	46.367
1397	P	33	1	46.367
1398	P	35	1	46.367
1399	P	89	1	46.367
1400	P	53	1	46.367
1401	P	33	1	46.367
1402	P	36	1	46.367
1403	P	46	1	46.767
1404	P	44	1	46.767
1405	P	35	1	46.767
1406	P	34	1	46.767
1407	P	1265	2	46.767
1408	P	681	1	46.767
1409	P	328	1	46.767
1410	P	664	1	46.767
1411	P	1977	2	46.767
1412	P	1003	1	46.767
1413	P	698	1	46.767
1414	P	798	1	46.767
1415	P	1627	2	47.167
1416	P	857	1	47.167
1417	P	846	2	47.167
1418	I	16858	17	47.167
1419	P	1454	2	47.167
1420	P	2141	3	47.167
1421	P	4991	5	47.167
1422	P	1549	2	47.167
1423	P	1284	2	47.167
1424	P	4522	5	47.167
1425	P	1056	2	47.167
1426	P	3033	3	47.167
1427	P	2177	3	47.167
1428	P	3660	4	47.600
1429	P	541	1	47.600
1430	P	1644	2	47.600
1431	P	175	1	47.600
1432	P	1794	2	47.600
1433	P	270	1	47.600
1434	P	160	1	47.600
1435	P	129	1	47.600
1436	P	1077	2	47.601
1437	P	198	1	47.601
1438	P	130	1	47.601
1439	P	68	1	47.601
1440	P	836	1	48.000
1441	P	174	1	48.000
1442	P	126	1	48.000
1443	P	83	1	48.000
1444	P	308	1	48.000
1445	P	95	1	48.000
1446	P	75	1	48.000
1447	P	78	2	48.000
1448	I	25930	26	48.000
1449	P	132	1	48.000
1450	P	125	1	48.000
1451	P	859	1	48.367
1452	P	237	1	48.367
1453	P	97	1	48.367
1454	P	352	1	48.367
1455	P	839	1	48.367
1456	P	903	1	48.367
1457	P	1346	2	48.367
1458	P	331	1	48.367
1459	P	980	1	48.367
1460	P	1192	2	48.367
1461	P	2186	3	48.367
1462	P	452	1	48.367
1463	P	365	1	48.367
1464	P	187	1	48.367
1465	P	1188	2	48.833
1466	P	199	1	48.833
1467	P	127	1	48.833
1468	P	432	1	48.833
1469	P	410	1	48.833
1470	P	471	1	48.834
1471	P	98	1	48.834
1472	P	63	1	48.834
1473	P	363	1	48.834
1474	P	88	1	48.834
1475	P	75	1	48.834
1476	P	57	1	48.834
1477	P	61	2	48.834
1478	I	26583	26	48.834
1479	P	892	1	49.300
1480	P	324	1	49.300
1481	P	196	1	49.300
1482	P	228	1	49.300
1483	P	1247	2	49.300
1484	P	424	1	49.300
1485	P	255	1	49.300
1486	P	218	1	49.300
1487	P	1194	2	49.300
1488	P	297	1	49.300
1489	P	193	1	49.300
1490	P	188	1	49.300
1491	P	506	1	49.700
1492	P	171	1	49.700
1493	P	122	1	49.700
1494	P	104	1	49.700
1495	P	524	1	49.700
1496	P	235	1	49.700
1497	P	154	1	49.700
1498	P	143	1	49.700
1499	P	461	1	49.700
1500	P	187	1	49.700
